10 0.140625 0.36778846153846156 0.234375 0.21634615384615385
16 0.32572115384615385 0.4266826923076923 0.23197115384615385 0.2247596153846154
14 0.5661057692307693 0.4675480769230769 0.12620192307692307 0.22956730769230768
9 0.6574519230769231 0.18269230769230768 0.19831730769230768 0.19951923076923078
8 0.7776442307692307 0.12860576923076922 0.09254807692307693 0.09014423076923077
2 0.6646634615384616 0.5889423076923077 0.1622596153846154 0.1658653846153846
7 0.36538461538461536 0.6394230769230769 0.10336538461538461 0.17067307692307693
14 0.25961538461538464 0.7091346153846154 0.10336538461538461 0.2439903846153846
8 0.30649038461538464 0.6310096153846154 0.07451923076923077 0.11057692307692307
8 0.47115384615384615 0.7019230769230769 0.06971153846153846 0.10697115384615384
10 0.5685096153846154 0.7403846153846154 0.20072115384615385 0.20432692307692307
16 0.7524038461538461 0.7451923076923077 0.21394230769230768 0.2403846153846154
7 0.7199519230769231 0.8798076923076923 0.1778846153846154 0.12980769230769232
14 0.8461538461538461 0.8052884615384616 0.09254807692307693 0.234375
9 0.8798076923076923 0.49278846153846156 0.22355769230769232 0.21033653846153846