14 0.2692307692307692 0.47596153846153844 0.24519230769230768 0.2764423076923077
8 0.41225961538461536 0.36778846153846156 0.06370192307692307 0.10697115384615384
8 0.5649038461538461 0.32572115384615385 0.09495192307692307 0.11538461538461539
8 0.6358173076923077 0.35697115384615385 0.11177884615384616 0.10817307692307693
8 0.6935096153846154 0.41225961538461536 0.10817307692307693 0.11899038461538461
8 0.8040865384615384 0.4074519230769231 0.12860576923076922 0.1201923076923077
8 0.8377403846153846 0.5228365384615384 0.109375 0.08533653846153846
8 0.7487980769230769 0.5012019230769231 0.0889423076923077 0.11298076923076923
7 0.6658653846153846 0.5252403846153846 0.10817307692307693 0.16826923076923078
7 0.5324519230769231 0.41586538461538464 0.171875 0.109375
7 0.5649038461538461 0.5408653846153846 0.11057692307692307 0.16826923076923078
14 0.4807692307692308 0.6009615384615384 0.10096153846153846 0.23076923076923078
14 0.4182692307692308 0.59375 0.10096153846153846 0.23197115384615385
14 0.3605769230769231 0.5805288461538461 0.10336538461538461 0.23076923076923078
4 0.2283653846153846 0.6983173076923077 0.18509615384615385 0.14423076923076922
4 0.6262019230769231 0.6850961538461539 0.18509615384615385 0.16947115384615385
14 0.59375 0.7776442307692307 0.1814903846153846 0.1346153846153846
14 0.41225961538461536 0.8016826923076923 0.19951923076923078 0.16346153846153846