13 0.2091346153846154 0.2620192307692308 0.2824519230769231 0.3317307692307692
13 0.3713942307692308 0.30408653846153844 0.23677884615384615 0.30528846153846156
13 0.5576923076923077 0.25 0.36899038461538464 0.36177884615384615
16 0.6610576923076923 0.3401442307692308 0.2536057692307692 0.26802884615384615
16 0.8557692307692307 0.3449519230769231 0.2704326923076923 0.25961538461538464
16 0.7980769230769231 0.5276442307692307 0.28125 0.2283653846153846
16 0.24759615384615385 0.49759615384615385 0.2536057692307692 0.20072115384615385
4 0.43509615384615385 0.5108173076923077 0.140625 0.20793269230769232
4 0.5925480769230769 0.5961538461538461 0.2403846153846154 0.23557692307692307
4 0.8137019230769231 0.6959134615384616 0.2704326923076923 0.21514423076923078
7 0.7884615384615384 0.8137019230769231 0.2512019230769231 0.12620192307692307
6 0.4891826923076923 0.71875 0.29086538461538464 0.3076923076923077
15 0.34615384615384615 0.7403846153846154 0.2692307692307692 0.24158653846153846
15 0.17427884615384615 0.703125 0.1875 0.21033653846153846