13 0.6959134615384616 0.09975961538461539 0.28966346153846156 0.19831730769230768
4 0.9026442307692307 0.14302884615384615 0.13341346153846154 0.22355769230769232
10 0.7884615384615384 0.29086538461538464 0.15985576923076922 0.24278846153846154
13 0.5829326923076923 0.13822115384615385 0.29086538461538464 0.25841346153846156
13 0.6430288461538461 0.33653846153846156 0.26802884615384615 0.3245192307692308
16 0.4891826923076923 0.30649038461538464 0.22716346153846154 0.3137019230769231
5 0.30408653846153844 0.2824519230769231 0.375 0.359375
6 0.15144230769230768 0.5252403846153846 0.2956730769230769 0.29447115384615385
16 0.32572115384615385 0.4831730769230769 0.2127403846153846 0.18389423076923078
16 0.5252403846153846 0.5120192307692307 0.2127403846153846 0.18629807692307693
16 0.6802884615384616 0.6045673076923077 0.2247596153846154 0.234375
13 0.8497596153846154 0.5889423076923077 0.3004807692307692 0.3317307692307692
3 0.7920673076923077 0.8329326923076923 0.17668269230769232 0.10817307692307693
3 0.6899038461538461 0.7680288461538461 0.12980769230769232 0.14903846153846154
4 0.5540865384615384 0.765625 0.16105769230769232 0.23798076923076922
3 0.4699519230769231 0.7223557692307693 0.0889423076923077 0.140625
16 0.39663461538461536 0.6850961538461539 0.20432692307692307 0.234375
16 0.22235576923076922 0.6790865384615384 0.234375 0.23197115384615385
13 0.3449519230769231 0.8557692307692307 0.29447115384615385 0.19110576923076922