12 0.5925480769230769 0.2704326923076923 0.21394230769230768 0.078125
6 0.39663461538461536 0.46875 0.21995192307692307 0.2980769230769231
16 0.5192307692307693 0.5588942307692307 0.16826923076923078 0.21153846153846154
16 0.5588942307692307 0.6766826923076923 0.11298076923076923 0.09375
10 0.25961538461538464 0.6658653846153846 0.21153846153846154 0.17668269230769232
4 0.40024038461538464 0.7560096153846154 0.22235576923076922 0.15264423076923078
12 0.39663461538461536 0.3004807692307692 0.21033653846153846 0.07211538461538461
12 0.5865384615384616 0.3737980769230769 0.18389423076923078 0.17668269230769232
6 0.7043269230769231 0.44471153846153844 0.38461538461538464 0.37740384615384615
6 0.75 0.6526442307692307 0.24639423076923078 0.30528846153846156
4 0.6430288461538461 0.7776442307692307 0.24639423076923078 0.20432692307692307