11 0.6454326923076923 0.30288461538461536 0.16947115384615385 0.1201923076923077
10 0.7331730769230769 0.5600961538461539 0.14302884615384615 0.1310096153846154
16 0.5516826923076923 0.44350961538461536 0.15264423076923078 0.23798076923076922
9 0.390625 0.35697115384615385 0.20552884615384615 0.15264423076923078
1 0.4567307692307692 0.6189903846153846 0.1141826923076923 0.12259615384615384
16 0.33413461538461536 0.47475961538461536 0.23317307692307693 0.16346153846153846
16 0.578125 0.7487980769230769 0.25240384615384615 0.23317307692307693
11 0.7271634615384616 0.6766826923076923 0.14543269230769232 0.1658653846153846
1 0.4963942307692308 0.6418269230769231 0.09615384615384616 0.1346153846153846
1 0.5576923076923077 0.6310096153846154 0.11057692307692307 0.1201923076923077
9 0.31009615384615385 0.6550480769230769 0.11177884615384616 0.20192307692307693
11 0.6598557692307693 0.43149038461538464 0.10697115384615384 0.14182692307692307