10 0.3004807692307692 0.1971153846153846 0.2608173076923077 0.2644230769230769
4 0.4891826923076923 0.2620192307692308 0.22355769230769232 0.2512019230769231
4 0.6033653846153846 0.36538461538461536 0.1310096153846154 0.16466346153846154
4 0.6959134615384616 0.3389423076923077 0.12259615384615384 0.14302884615384615
11 0.8233173076923077 0.45913461538461536 0.15625 0.16346153846153846
10 0.8112980769230769 0.6586538461538461 0.25 0.21634615384615385
15 0.6394230769230769 0.5108173076923077 0.2536057692307692 0.20673076923076922
15 0.43149038461538464 0.5432692307692307 0.24879807692307693 0.1658653846153846
11 0.1875 0.3713942307692308 0.15865384615384615 0.10336538461538461
15 0.23677884615384615 0.5024038461538461 0.1935096153846154 0.1875
4 0.2091346153846154 0.6850961538461539 0.25240384615384615 0.20552884615384615
15 0.4362980769230769 0.7463942307692307 0.2283653846153846 0.1346153846153846
4 0.7271634615384616 0.78125 0.12740384615384615 0.0889423076923077
15 0.8269230769230769 0.8653846153846154 0.17427884615384615 0.15745192307692307
15 0.6346153846153846 0.8822115384615384 0.15745192307692307 0.17668269230769232