13 0.6875 0.11538461538461539 0.40384615384615385 0.23076923076923078
13 0.7776442307692307 0.2920673076923077 0.359375 0.28125
5 0.6838942307692307 0.6382211538461539 0.48677884615384615 0.36899038461538464
5 0.45552884615384615 0.8137019230769231 0.49158653846153844 0.36538461538461536
16 0.2920673076923077 0.1310096153846154 0.171875 0.23918269230769232
16 0.43509615384615385 0.1502403846153846 0.18269230769230768 0.2608173076923077
10 0.12980769230769232 0.17668269230769232 0.21514423076923078 0.25721153846153844
10 0.11658653846153846 0.40865384615384615 0.21634615384615385 0.23557692307692307
10 0.09975961538461539 0.6153846153846154 0.19831730769230768 0.25600961538461536
10 0.09735576923076923 0.8533653846153846 0.18389423076923078 0.20673076923076922
1 0.11658653846153846 0.9435096153846154 0.18509615384615385 0.0889423076923077
11 0.29447115384615385 0.34134615384615385 0.1141826923076923 0.16947115384615385
11 0.39302884615384615 0.3389423076923077 0.14182692307692307 0.16105769230769232
1 0.5048076923076923 0.359375 0.12980769230769232 0.23197115384615385
1 0.27283653846153844 0.5709134615384616 0.12980769230769232 0.21394230769230768
1 0.37740384615384615 0.5685096153846154 0.1310096153846154 0.2127403846153846