6 0.3004807692307692 0.3425480769230769 0.2980769230769231 0.22355769230769232
6 0.5420673076923077 0.2932692307692308 0.22956730769230768 0.23076923076923078
6 0.7223557692307693 0.24759615384615385 0.2247596153846154 0.28725961538461536
10 0.23918269230769232 0.5661057692307693 0.22596153846153846 0.2668269230769231
10 0.3918269230769231 0.4651442307692308 0.2764423076923077 0.24158653846153846
11 0.5685096153846154 0.40384615384615385 0.18269230769230768 0.08173076923076923
11 0.6538461538461539 0.4699519230769231 0.12259615384615384 0.07091346153846154
7 0.578125 0.5384615384615384 0.15625 0.14182692307692307
14 0.8004807692307693 0.3137019230769231 0.2127403846153846 0.24879807692307693
14 0.8185096153846154 0.4483173076923077 0.18990384615384615 0.22956730769230768
8 0.6862980769230769 0.5925480769230769 0.08653846153846154 0.1045673076923077
8 0.7103365384615384 0.6862980769230769 0.08052884615384616 0.11538461538461539
8 0.7163461538461539 0.7944711538461539 0.0829326923076923 0.11538461538461539
14 0.8353365384615384 0.6706730769230769 0.21995192307692307 0.24519230769230768
11 0.5829326923076923 0.6298076923076923 0.1310096153846154 0.10096153846153846
11 0.45913461538461536 0.6165865384615384 0.15865384615384615 0.17908653846153846
11 0.5576923076923077 0.7055288461538461 0.18269230769230768 0.12740384615384615
6 0.31971153846153844 0.7824519230769231 0.3125 0.28725961538461536
16 0.578125 0.8449519230769231 0.20192307692307693 0.15625