4 0.7884615384615384 0.3245192307692308 0.2127403846153846 0.25240384615384615
4 0.6286057692307693 0.2920673076923077 0.16466346153846154 0.23076923076923078
13 0.4543269230769231 0.1875 0.30649038461538464 0.26322115384615385
13 0.4206730769230769 0.3858173076923077 0.29447115384615385 0.3245192307692308
7 0.6225961538461539 0.49158653846153844 0.23918269230769232 0.15384615384615385
13 0.2127403846153846 0.33533653846153844 0.29447115384615385 0.3269230769230769
8 0.8545673076923077 0.5745192307692307 0.0829326923076923 0.1141826923076923
8 0.7896634615384616 0.5480769230769231 0.0733173076923077 0.11658653846153846
8 0.7019230769230769 0.5588942307692307 0.12259615384615384 0.09615384615384616
12 0.8557692307692307 0.7391826923076923 0.15264423076923078 0.20432692307692307
13 0.6911057692307693 0.6899038461538461 0.3317307692307692 0.3004807692307692
13 0.4110576923076923 0.6646634615384616 0.3473557692307692 0.3076923076923077
13 0.203125 0.5456730769230769 0.3545673076923077 0.27884615384615385