13 0.26802884615384615 0.28125 0.3088942307692308 0.33533653846153844
16 0.5396634615384616 0.3016826923076923 0.24639423076923078 0.18269230769230768
16 0.6129807692307693 0.6225961538461539 0.2692307692307692 0.25240384615384615
16 0.7752403846153846 0.8137019230769231 0.22115384615384615 0.2692307692307692
0 0.37259615384615385 0.484375 0.16947115384615385 0.2439903846153846
0 0.4254807692307692 0.5805288461538461 0.17427884615384615 0.23798076923076922
1 0.6418269230769231 0.4483173076923077 0.13701923076923078 0.16706730769230768
1 0.2608173076923077 0.8221153846153846 0.14423076923076922 0.15985576923076922
1 0.5300480769230769 0.7836538461538461 0.09014423076923077 0.1814903846153846
11 0.2848557692307692 0.6045673076923077 0.13701923076923078 0.12259615384615384
11 0.3581730769230769 0.7415865384615384 0.07572115384615384 0.12980769230769232
12 0.09615384615384616 0.6442307692307693 0.16826923076923078 0.3125