5 0.8137019230769231 0.21995192307692307 0.27163461538461536 0.39302884615384615
5 0.6177884615384616 0.21153846153846154 0.2668269230769231 0.359375
5 0.7007211538461539 0.4651442307692308 0.4110576923076923 0.43990384615384615
13 0.4206730769230769 0.28365384615384615 0.25961538461538464 0.328125
13 0.2247596153846154 0.296875 0.27163461538461536 0.3401442307692308
12 0.5300480769230769 0.5012019230769231 0.125 0.17067307692307693
12 0.6117788461538461 0.6033653846153846 0.09615384615384616 0.18389423076923078
7 0.4987980769230769 0.6009615384615384 0.17307692307692307 0.1622596153846154
4 0.3798076923076923 0.46875 0.21875 0.13822115384615385
1 0.4170673076923077 0.6382211538461539 0.109375 0.12620192307692307
1 0.37740384615384615 0.6658653846153846 0.11778846153846154 0.12740384615384615
4 0.21634615384615385 0.5877403846153846 0.1141826923076923 0.20552884615384615
3 0.5552884615384616 0.7127403846153846 0.20552884615384615 0.15264423076923078
3 0.5264423076923077 0.8161057692307693 0.19831730769230768 0.09735576923076923
3 0.3125 0.75 0.20192307692307693 0.19110576923076922