6 0.22596153846153846 0.5673076923076923 0.2920673076923077 0.3161057692307692
10 0.23317307692307693 0.7872596153846154 0.24879807692307693 0.24759615384615385
4 0.5336538461538461 0.7319711538461539 0.20673076923076922 0.16466346153846154
8 0.6009615384615384 0.8449519230769231 0.11899038461538461 0.12740384615384615
9 0.7620192307692307 0.5432692307692307 0.27524038461538464 0.36177884615384615
7 0.5168269230769231 0.5120192307692307 0.3125 0.1346153846153846
5 0.7163461538461539 0.2764423076923077 0.3786057692307692 0.4110576923076923
5 0.4338942307692308 0.3088942307692308 0.37259615384615385 0.4266826923076923
5 0.1971153846153846 0.2764423076923077 0.36538461538461536 0.3076923076923077
7 0.5192307692307693 0.6177884615384616 0.3112980769230769 0.1778846153846154
4 0.4050480769230769 0.8413461538461539 0.20673076923076922 0.20673076923076922
8 0.6983173076923077 0.8653846153846154 0.0829326923076923 0.10817307692307693
6 0.8149038461538461 0.765625 0.3485576923076923 0.3737980769230769