16 0.3894230769230769 0.40384615384615385 0.3016826923076923 0.2439903846153846
16 0.6105769230769231 0.7055288461538461 0.21995192307692307 0.21754807692307693
16 0.3713942307692308 0.7271634615384616 0.1971153846153846 0.22716346153846154
4 0.6766826923076923 0.28125 0.20432692307692307 0.11658653846153846
4 0.4230769230769231 0.8305288461538461 0.21754807692307693 0.17908653846153846
2 0.7103365384615384 0.40384615384615385 0.15985576923076922 0.16706730769230768
2 0.3485576923076923 0.5901442307692307 0.17067307692307693 0.13942307692307693
2 0.20793269230769232 0.5432692307692307 0.1778846153846154 0.11298076923076923
15 0.1971153846153846 0.6550480769230769 0.1814903846153846 0.19471153846153846
15 0.07572115384615384 0.48677884615384615 0.1310096153846154 0.17548076923076922
6 0.7644230769230769 0.828125 0.33533653846153844 0.265625
13 0.5877403846153846 0.53125 0.31850961538461536 0.3016826923076923
4 0.18389423076923078 0.27524038461538464 0.1971153846153846 0.24879807692307693
4 0.8545673076923077 0.3798076923076923 0.23918269230769232 0.25961538461538464
4 0.8377403846153846 0.5829326923076923 0.2608173076923077 0.21514423076923078
8 0.20793269230769232 0.7908653846153846 0.109375 0.037259615384615384
8 0.23918269230769232 0.8521634615384616 0.08173076923076923 0.1045673076923077
10 0.15985576923076922 0.44350961538461536 0.17427884615384615 0.15865384615384615