13 0.7475961538461539 0.1466346153846154 0.25240384615384615 0.29086538461538464
11 0.4495192307692308 0.1814903846153846 0.06490384615384616 0.12259615384615384
16 0.30408653846153844 0.15384615384615385 0.22596153846153846 0.23677884615384615
6 0.5444711538461539 0.36778846153846156 0.30649038461538464 0.3269230769230769
6 0.7728365384615384 0.31850961538461536 0.3245192307692308 0.265625
8 0.25 0.3425480769230769 0.1346153846153846 0.07692307692307693
11 0.765625 0.47475961538461536 0.109375 0.1310096153846154
8 0.8353365384615384 0.5757211538461539 0.08413461538461539 0.125
6 0.1310096153846154 0.4891826923076923 0.21514423076923078 0.3088942307692308
16 0.3389423076923077 0.5973557692307693 0.19591346153846154 0.15384615384615385
5 0.5685096153846154 0.6959134615384616 0.36538461538461536 0.4963942307692308
16 0.8112980769230769 0.7355769230769231 0.16346153846153846 0.20552884615384615
11 0.3918269230769231 0.7271634615384616 0.0733173076923077 0.11778846153846154
13 0.21514423076923078 0.8125 0.2439903846153846 0.28966346153846156