11 0.6574519230769231 0.265625 0.16105769230769232 0.1346153846153846
11 0.3125 0.3425480769230769 0.10096153846153846 0.1502403846153846
11 0.671875 0.5084134615384616 0.14903846153846154 0.10697115384615384
7 0.5264423076923077 0.3016826923076923 0.10697115384615384 0.16706730769230768
7 0.4182692307692308 0.32572115384615385 0.11177884615384616 0.171875
7 0.5432692307692307 0.5360576923076923 0.1141826923076923 0.16826923076923078
1 0.1814903846153846 0.3737980769230769 0.06370192307692307 0.17548076923076922
1 0.6334134615384616 0.8100961538461539 0.14543269230769232 0.14903846153846154
1 0.2824519230769231 0.7788461538461539 0.14783653846153846 0.15144230769230768
12 0.125 0.41586538461538464 0.11538461538461539 0.30408653846153844
12 0.7307692307692307 0.5805288461538461 0.29927884615384615 0.11899038461538461
12 0.4387019230769231 0.45072115384615385 0.24278846153846154 0.13822115384615385
9 0.33533653846153844 0.5673076923076923 0.18269230769230768 0.14302884615384615
9 0.7427884615384616 0.6983173076923077 0.19230769230769232 0.17427884615384615
14 0.45913461538461536 0.7536057692307693 0.22716346153846154 0.1875
14 0.2091346153846154 0.6911057692307693 0.11538461538461539 0.17548076923076922