13 0.13341346153846154 0.2860576923076923 0.26322115384615385 0.3088942307692308
13 0.2127403846153846 0.5552884615384616 0.34134615384615385 0.296875
13 0.5204326923076923 0.5709134615384616 0.3269230769230769 0.28125
7 0.4807692307692308 0.375 0.12259615384615384 0.18990384615384615
7 0.7163461538461539 0.3076923076923077 0.109375 0.1935096153846154
0 0.3581730769230769 0.3701923076923077 0.1141826923076923 0.23918269230769232
0 0.25240384615384615 0.2848557692307692 0.12860576923076922 0.36538461538461536
0 0.6310096153846154 0.30408653846153844 0.10817307692307693 0.3786057692307692
12 0.5913461538461539 0.44591346153846156 0.08653846153846154 0.1502403846153846
12 0.6838942307692307 0.49038461538461536 0.0733173076923077 0.14182692307692307
16 0.8665865384615384 0.8473557692307693 0.21754807692307693 0.265625
16 0.6862980769230769 0.8028846153846154 0.23076923076923078 0.27524038461538464
16 0.5084134615384616 0.8016826923076923 0.17067307692307693 0.24879807692307693
2 0.37740384615384615 0.8389423076923077 0.17307692307692307 0.17668269230769232
5 0.19591346153846154 0.7307692307692307 0.38822115384615385 0.31971153846153844
3 0.25600961538461536 0.8918269230769231 0.18990384615384615 0.14423076923076922
3 0.10697115384615384 0.8701923076923077 0.19110576923076922 0.16947115384615385
12 0.5300480769230769 0.9302884615384616 0.328125 0.12740384615384615
5 0.8269230769230769 0.5456730769230769 0.34134615384615385 0.41466346153846156