9 0.5973557692307693 0.8112980769230769 0.17307692307692307 0.18509615384615385
15 0.9050480769230769 0.6574519230769231 0.08653846153846154 0.12259615384615384
0 0.6730769230769231 0.6274038461538461 0.09375 0.28725961538461536
1 0.5120192307692307 0.7463942307692307 0.09134615384615384 0.13221153846153846
15 0.5252403846153846 0.5384615384615384 0.08653846153846154 0.11778846153846154
4 0.4266826923076923 0.6911057692307693 0.20432692307692307 0.24158653846153846
4 0.29086538461538464 0.8197115384615384 0.23918269230769232 0.20552884615384615
15 0.18389423076923078 0.7295673076923077 0.06009615384615385 0.12740384615384615
0 0.3125 0.6177884615384616 0.15144230769230768 0.28125
9 0.4375 0.4579326923076923 0.1201923076923077 0.17548076923076922
1 0.27403846153846156 0.4098557692307692 0.21754807692307693 0.1935096153846154
4 0.3629807692307692 0.25841346153846156 0.14543269230769232 0.2283653846153846
7 0.15384615384615385 0.6237980769230769 0.16947115384615385 0.3233173076923077