4 0.109375 0.3269230769230769 0.18990384615384615 0.24158653846153846
6 0.7427884615384616 0.5360576923076923 0.33533653846153844 0.3076923076923077
6 0.8389423076923077 0.7608173076923077 0.32211538461538464 0.2668269230769231
6 0.25841346153846156 0.3329326923076923 0.20072115384615385 0.3173076923076923
7 0.3605769230769231 0.33413461538461536 0.13701923076923078 0.3233173076923077
7 0.5408653846153846 0.4338942307692308 0.11298076923076923 0.3233173076923077
0 0.453125 0.32091346153846156 0.13581730769230768 0.36538461538461536
0 0.6790865384615384 0.3112980769230769 0.14903846153846154 0.359375
0 0.46875 0.6574519230769231 0.29927884615384615 0.28725961538461536
10 0.23197115384615385 0.5516826923076923 0.18870192307692307 0.15144230769230768
10 0.24879807692307693 0.6754807692307693 0.2644230769230769 0.21754807692307693
8 0.5793269230769231 0.6129807692307693 0.11538461538461539 0.1201923076923077
8 0.296875 0.828125 0.11298076923076923 0.11778846153846154
8 0.4483173076923077 0.7956730769230769 0.11538461538461539 0.11778846153846154
15 0.10576923076923077 0.8641826923076923 0.19230769230769232 0.1778846153846154
15 0.6033653846153846 0.8461538461538461 0.1778846153846154 0.171875
8 0.43149038461538464 0.6995192307692307 0.0985576923076923 0.052884615384615384
8 0.4074519230769231 0.7584134615384616 0.09254807692307693 0.07932692307692307
15 0.47716346153846156 0.8509615384615384 0.09975961538461539 0.12740384615384615