10 0.8365384615384616 0.8353365384615384 0.20673076923076922 0.21995192307692307
8 0.6598557692307693 0.8052884615384616 0.10697115384615384 0.0889423076923077
8 0.7007211538461539 0.7295673076923077 0.11057692307692307 0.08413461538461539
6 0.7884615384615384 0.5504807692307693 0.3293269230769231 0.2668269230769231
13 0.7728365384615384 0.3389423076923077 0.2608173076923077 0.203125
7 0.625 0.2920673076923077 0.09495192307692307 0.3329326923076923
2 0.5540865384615384 0.6334134615384616 0.16105769230769232 0.15504807692307693
8 0.46274038461538464 0.8112980769230769 0.1141826923076923 0.0829326923076923
7 0.4423076923076923 0.7463942307692307 0.33413461538461536 0.1201923076923077
7 0.44591346153846156 0.5360576923076923 0.15625 0.3233173076923077
2 0.39663461538461536 0.36658653846153844 0.10336538461538461 0.16466346153846154
13 0.21514423076923078 0.8653846153846154 0.29447115384615385 0.21754807692307693
2 0.17548076923076922 0.7223557692307693 0.16105769230769232 0.1658653846153846
4 0.2439903846153846 0.6129807692307693 0.265625 0.2704326923076923
5 0.21033653846153846 0.2704326923076923 0.3088942307692308 0.44711538461538464