14 0.19110576923076922 0.41586538461538464 0.12620192307692307 0.18028846153846154
3 0.3269230769230769 0.328125 0.14423076923076922 0.19230769230769232
14 0.546875 0.23317307692307693 0.17067307692307693 0.10697115384615384
12 0.7572115384615384 0.203125 0.14302884615384615 0.12740384615384615
0 0.5637019230769231 0.39783653846153844 0.2512019230769231 0.21033653846153846
3 0.7415865384615384 0.42788461538461536 0.10216346153846154 0.20072115384615385
0 0.5264423076923077 0.5048076923076923 0.3737980769230769 0.1141826923076923
10 0.24639423076923078 0.6598557692307693 0.27403846153846156 0.25600961538461536
12 0.4230769230769231 0.5961538461538461 0.20793269230769232 0.08533653846153846
2 0.5625 0.6286057692307693 0.15985576923076922 0.15985576923076922
8 0.6694711538461539 0.5949519230769231 0.078125 0.1141826923076923
8 0.6514423076923077 0.6802884615384616 0.11538461538461539 0.078125
10 0.8233173076923077 0.6382211538461539 0.25721153846153844 0.27524038461538464
10 0.4326923076923077 0.796875 0.24519230769230768 0.28966346153846156
3 0.6358173076923077 0.8269230769230769 0.18269230769230768 0.21033653846153846