6 0.7043269230769231 0.6057692307692307 0.359375 0.3401442307692308
6 0.6850961538461539 0.84375 0.36538461538461536 0.2692307692307692
7 0.3317307692307692 0.6514423076923077 0.14543269230769232 0.18990384615384615
7 0.45072115384615385 0.8137019230769231 0.12860576923076922 0.18990384615384615
7 0.46153846153846156 0.671875 0.1814903846153846 0.15264423076923078
0 0.32091346153846156 0.46033653846153844 0.12620192307692307 0.25841346153846156
1 0.53125 0.5372596153846154 0.09495192307692307 0.17067307692307693
11 0.5925480769230769 0.546875 0.11538461538461539 0.1346153846153846
14 0.47836538461538464 0.44350961538461536 0.13221153846153846 0.2548076923076923
14 0.4026442307692308 0.4387019230769231 0.09975961538461539 0.2644230769230769
6 0.23076923076923078 0.8473557692307693 0.33533653846153844 0.2512019230769231
0 0.23557692307692307 0.43990384615384615 0.11538461538461539 0.27283653846153844
16 0.2776442307692308 0.22956730769230768 0.18629807692307693 0.22355769230769232
16 0.7139423076923077 0.24639423076923078 0.2247596153846154 0.1971153846153846
9 0.1201923076923077 0.4170673076923077 0.15384615384615385 0.19591346153846154
9 0.08052884615384616 0.5829326923076923 0.15144230769230768 0.21514423076923078
9 0.21634615384615385 0.6346153846153846 0.203125 0.22596153846153846
1 0.6117788461538461 0.40865384615384615 0.1935096153846154 0.08052884615384616
1 0.49158653846153844 0.5288461538461539 0.10817307692307693 0.17908653846153846
9 0.7620192307692307 0.37740384615384615 0.18028846153846154 0.12980769230769232