16 0.33774038461538464 0.28966346153846156 0.18389423076923078 0.12980769230769232
3 0.07692307692307693 0.4170673076923077 0.06610576923076923 0.16947115384615385
5 0.30649038461538464 0.5024038461538461 0.23317307692307693 0.38100961538461536
11 0.34134615384615385 0.7127403846153846 0.1658653846153846 0.10336538461538461
11 0.203125 0.7139423076923077 0.15745192307692307 0.12620192307692307
0 0.5216346153846154 0.7391826923076923 0.16706730769230768 0.3629807692307692
16 0.6189903846153846 0.28125 0.20552884615384615 0.17908653846153846
16 0.5384615384615384 0.3942307692307692 0.19110576923076922 0.14182692307692307
0 0.13221153846153846 0.5396634615384616 0.15865384615384615 0.36538461538461536
0 0.6153846153846154 0.7584134615384616 0.16346153846153846 0.359375
11 0.6875 0.7307692307692307 0.06971153846153846 0.12620192307692307
11 0.5853365384615384 0.9387019230769231 0.10576923076923077 0.12259615384615384
5 0.8329326923076923 0.7307692307692307 0.30649038461538464 0.38822115384615385
3 0.46153846153846156 0.5709134615384616 0.0889423076923077 0.16947115384615385
3 0.4795673076923077 0.6322115384615384 0.078125 0.17908653846153846