0 0.36658653846153844 0.5108173076923077 0.13221153846153846 0.29086538461538464
14 0.4206730769230769 0.47716346153846156 0.12980769230769232 0.23798076923076922
14 0.48677884615384615 0.49759615384615385 0.12620192307692307 0.24278846153846154
1 0.5372596153846154 0.4831730769230769 0.07451923076923077 0.15264423076923078
1 0.5769230769230769 0.484375 0.07932692307692307 0.14903846153846154
1 0.6346153846153846 0.5192307692307693 0.09254807692307693 0.14543269230769232
14 0.6466346153846154 0.453125 0.16346153846153846 0.23317307692307693
0 0.6947115384615384 0.4026442307692308 0.16346153846153846 0.28365384615384615
16 0.8137019230769231 0.42908653846153844 0.18990384615384615 0.25841346153846156
15 0.7079326923076923 0.5805288461538461 0.13221153846153846 0.08413461538461539
1 0.6947115384615384 0.6370192307692307 0.14783653846153846 0.09375
15 0.5745192307692307 0.6274038461538461 0.13822115384615385 0.06490384615384616
8 0.4543269230769231 0.6550480769230769 0.11658653846153846 0.09254807692307693
16 0.5060096153846154 0.7451923076923077 0.26322115384615385 0.1971153846153846