14 0.49399038461538464 0.27403846153846156 0.2692307692307692 0.25
1 0.3449519230769231 0.4254807692307692 0.15504807692307693 0.23317307692307693
14 0.25600961538461536 0.5997596153846154 0.27163461538461536 0.2548076923076923
1 0.2536057692307692 0.7932692307692307 0.09375 0.1502403846153846
3 0.36658653846153844 0.7632211538461539 0.11057692307692307 0.19591346153846154
8 0.5480769230769231 0.42788461538461536 0.0733173076923077 0.0625
8 0.6057692307692307 0.484375 0.0733173076923077 0.06850961538461539
15 0.4795673076923077 0.4723557692307692 0.2247596153846154 0.29927884615384615
15 0.6730769230769231 0.2956730769230769 0.265625 0.296875
16 0.8401442307692307 0.3317307692307692 0.11057692307692307 0.12139423076923077
14 0.7536057692307693 0.5072115384615384 0.22596153846153846 0.2644230769230769
6 0.5 0.703125 0.3161057692307692 0.33413461538461536
6 0.7055288461538461 0.6322115384615384 0.3473557692307692 0.3004807692307692
1 0.8653846153846154 0.65625 0.15865384615384615 0.06009615384615385
1 0.7512019230769231 0.7764423076923077 0.1502403846153846 0.07211538461538461