13 0.5072115384615384 0.16466346153846154 0.40384615384615385 0.3245192307692308
16 0.2932692307692308 0.32091346153846156 0.1971153846153846 0.13942307692307693
16 0.3016826923076923 0.4411057692307692 0.19951923076923078 0.125
6 0.5637019230769231 0.39663461538461536 0.2439903846153846 0.31490384615384615
6 0.8112980769230769 0.328125 0.2536057692307692 0.3161057692307692
2 0.6862980769230769 0.45552884615384615 0.10216346153846154 0.15745192307692307
10 0.23557692307692307 0.6165865384615384 0.25240384615384615 0.25
10 0.42427884615384615 0.6658653846153846 0.2548076923076923 0.29447115384615385
15 0.5745192307692307 0.5841346153846154 0.06490384615384616 0.15144230769230768
2 0.6514423076923077 0.6045673076923077 0.1045673076923077 0.16105769230769232
10 0.2860576923076923 0.828125 0.22235576923076922 0.23918269230769232
1 0.7223557692307693 0.6165865384615384 0.11658653846153846 0.2127403846153846
1 0.8112980769230769 0.5841346153846154 0.10697115384615384 0.23317307692307693
1 0.9026442307692307 0.5552884615384616 0.109375 0.22596153846153846
12 0.49158653846153844 0.8605769230769231 0.08052884615384616 0.18629807692307693
12 0.5540865384615384 0.8677884615384616 0.07572115384615384 0.19591346153846154
12 0.6177884615384616 0.8233173076923077 0.07692307692307693 0.18629807692307693
11 0.71875 0.7896634615384616 0.15985576923076922 0.11298076923076923
11 0.7199519230769231 0.8846153846153846 0.15865384615384615 0.10817307692307693
16 0.8557692307692307 0.8521634615384616 0.1658653846153846 0.21754807692307693