5 0.7379807692307693 0.24639423076923078 0.36538461538461536 0.36538461538461536
7 0.7884615384615384 0.5396634615384616 0.09134615384615384 0.24759615384615385
9 0.33774038461538464 0.10697115384615384 0.14543269230769232 0.15865384615384615
10 0.21875 0.22235576923076922 0.1935096153846154 0.20432692307692307
4 0.28725961538461536 0.6598557692307693 0.19230769230769232 0.2439903846153846
7 0.5540865384615384 0.5144230769230769 0.12980769230769232 0.3269230769230769
16 0.32572115384615385 0.8317307692307693 0.10216346153846154 0.09495192307692307
8 0.18389423076923078 0.9182692307692307 0.09735576923076923 0.12379807692307693
7 0.4831730769230769 0.5865384615384616 0.12379807692307693 0.32572115384615385
10 0.20793269230769232 0.4387019230769231 0.21754807692307693 0.21634615384615385
10 0.3701923076923077 0.359375 0.21033653846153846 0.21394230769230768
9 0.14903846153846154 0.6814903846153846 0.12620192307692307 0.13701923076923078
9 0.49399038461538464 0.2776442307692308 0.14302884615384615 0.15264423076923078
7 0.38822115384615385 0.6081730769230769 0.15384615384615385 0.33774038461538464
4 0.4831730769230769 0.8329326923076923 0.2247596153846154 0.18509615384615385
5 0.75 0.8112980769230769 0.36778846153846156 0.35697115384615385
7 0.6959134615384616 0.5372596153846154 0.09615384615384616 0.24158653846153846
16 0.3088942307692308 0.9194711538461539 0.09254807692307693 0.10216346153846154