10 0.6382211538461539 0.3173076923076923 0.2608173076923077 0.23076923076923078
10 0.6814903846153846 0.5144230769230769 0.24639423076923078 0.24639423076923078
1 0.8209134615384616 0.5432692307692307 0.1935096153846154 0.21514423076923078
1 0.7944711538461539 0.7247596153846154 0.12740384615384615 0.23317307692307693
8 0.703125 0.6670673076923077 0.078125 0.11538461538461539
8 0.640625 0.6754807692307693 0.0733173076923077 0.11177884615384616
7 0.5276442307692307 0.5228365384615384 0.09735576923076923 0.328125
3 0.4266826923076923 0.47475961538461536 0.12740384615384615 0.1935096153846154
4 0.3485576923076923 0.4182692307692308 0.15384615384615385 0.19471153846153846
9 0.27884615384615385 0.5709134615384616 0.23557692307692307 0.25
9 0.3786057692307692 0.6826923076923077 0.25600961538461536 0.2608173076923077
14 0.5625 0.7295673076923077 0.14903846153846154 0.14783653846153846
14 0.5384615384615384 0.8521634615384616 0.18990384615384615 0.16466346153846154
14 0.41586538461538464 0.8040865384615384 0.16947115384615385 0.11778846153846154