6 0.2644230769230769 0.29086538461538464 0.2439903846153846 0.35697115384615385
6 0.38100961538461536 0.2980769230769231 0.23557692307692307 0.35216346153846156
6 0.5625 0.25721153846153844 0.27163461538461536 0.3449519230769231
1 0.7439903846153846 0.1971153846153846 0.234375 0.15865384615384615
1 0.6754807692307693 0.3401442307692308 0.11538461538461539 0.23557692307692307
1 0.8052884615384616 0.3329326923076923 0.23076923076923078 0.21033653846153846
14 0.53125 0.4651442307692308 0.23798076923076922 0.22716346153846154
12 0.33774038461538464 0.5132211538461539 0.12980769230769232 0.06971153846153846
12 0.7415865384615384 0.5048076923076923 0.13822115384615385 0.08774038461538461
12 0.7331730769230769 0.5661057692307693 0.13581730769230768 0.078125
9 0.22956730769230768 0.6862980769230769 0.13581730769230768 0.23317307692307693
9 0.3786057692307692 0.7247596153846154 0.12860576923076922 0.23076923076923078
9 0.5120192307692307 0.7043269230769231 0.14423076923076922 0.22716346153846154
9 0.5889423076923077 0.8641826923076923 0.15985576923076922 0.21033653846153846
9 0.7319711538461539 0.765625 0.13341346153846154 0.20072115384615385