13 0.35216346153846156 0.30288461538461536 0.2980769230769231 0.34134615384615385
13 0.19110576923076922 0.48677884615384615 0.3233173076923077 0.3485576923076923
4 0.16947115384615385 0.6862980769230769 0.25 0.17668269230769232
4 0.21394230769230768 0.8329326923076923 0.19951923076923078 0.24158653846153846
5 0.4326923076923077 0.20072115384615385 0.30288461538461536 0.3016826923076923
5 0.5769230769230769 0.14783653846153846 0.31971153846153844 0.28725961538461536
5 0.7487980769230769 0.23918269230769232 0.38822115384615385 0.421875
13 0.828125 0.328125 0.30649038461538464 0.2776442307692308
13 0.5685096153846154 0.43028846153846156 0.2824519230769231 0.27524038461538464
13 0.8293269230769231 0.5384615384615384 0.31850961538461536 0.2644230769230769
7 0.6358173076923077 0.6334134615384616 0.2512019230769231 0.24639423076923078
7 0.4855769230769231 0.5973557692307693 0.24879807692307693 0.28966346153846156
7 0.3918269230769231 0.609375 0.20793269230769232 0.30649038461538464
7 0.33533653846153844 0.7079326923076923 0.2127403846153846 0.3112980769230769
8 0.3737980769230769 0.8497596153846154 0.109375 0.10576923076923077
1 0.3798076923076923 0.9302884615384616 0.1502403846153846 0.06971153846153846
13 0.6286057692307693 0.7836538461538461 0.3629807692307692 0.328125
6 0.8545673076923077 0.7620192307692307 0.2608173076923077 0.34975961538461536