16 0.7055288461538461 0.24278846153846154 0.2548076923076923 0.23197115384615385
16 0.7151442307692307 0.6201923076923077 0.18629807692307693 0.2512019230769231
8 0.9290865384615384 0.5276442307692307 0.09014423076923077 0.11778846153846154
8 0.875 0.3870192307692308 0.11658653846153846 0.12139423076923077
16 0.7704326923076923 0.4362980769230769 0.1141826923076923 0.12259615384615384
16 0.29927884615384615 0.5192307692307693 0.11899038461538461 0.12139423076923077
16 0.23557692307692307 0.5504807692307693 0.11538461538461539 0.1201923076923077
4 0.6766826923076923 0.7632211538461539 0.1310096153846154 0.11538461538461539
8 0.6911057692307693 0.37259615384615385 0.08052884615384616 0.07451923076923077
8 0.6346153846153846 0.33774038461538464 0.078125 0.07572115384615384
10 0.5504807692307693 0.46033653846153844 0.14783653846153846 0.14903846153846154
10 0.5444711538461539 0.7584134615384616 0.15264423076923078 0.15384615384615385
13 0.4495192307692308 0.2608173076923077 0.3485576923076923 0.35336538461538464
13 0.2512019230769231 0.6983173076923077 0.3125 0.2704326923076923
7 0.5252403846153846 0.6141826923076923 0.25600961538461536 0.2692307692307692
14 0.41947115384615385 0.5300480769230769 0.2283653846153846 0.23197115384615385
14 0.28846153846153844 0.36899038461538464 0.19471153846153846 0.19591346153846154