16 0.7079326923076923 0.1346153846153846 0.21754807692307693 0.1875
16 0.8701923076923077 0.28846153846153844 0.22596153846153846 0.2439903846153846
16 0.6947115384615384 0.3137019230769231 0.18509615384615385 0.22115384615384615
6 0.8353365384615384 0.5564903846153846 0.234375 0.29927884615384615
6 0.7752403846153846 0.7692307692307693 0.35336538461538464 0.3088942307692308
13 0.5168269230769231 0.28966346153846156 0.24759615384615385 0.3425480769230769
13 0.2283653846153846 0.6153846153846154 0.21995192307692307 0.31850961538461536
3 0.6814903846153846 0.625 0.14182692307692307 0.17067307692307693
4 0.6129807692307693 0.5228365384615384 0.19230769230769232 0.19831730769230768
1 0.5649038461538461 0.7319711538461539 0.12980769230769232 0.23197115384615385
15 0.49038461538461536 0.6730769230769231 0.0625 0.15865384615384615
5 0.3449519230769231 0.2824519230769231 0.3641826923076923 0.43028846153846156
9 0.5060096153846154 0.5012019230769231 0.15745192307692307 0.15985576923076922
9 0.3762019230769231 0.5913461538461539 0.140625 0.13942307692307693
6 0.33774038461538464 0.8317307692307693 0.2860576923076923 0.234375