4 0.4483173076923077 0.22235576923076922 0.13701923076923078 0.21875
4 0.6225961538461539 0.19230769230769232 0.21033653846153846 0.14783653846153846
3 0.9266826923076923 0.31850961538461536 0.06490384615384616 0.18509615384615385
10 0.7536057692307693 0.21875 0.2776442307692308 0.234375
10 0.7896634615384616 0.40384615384615385 0.25600961538461536 0.21153846153846154
10 0.6394230769230769 0.4182692307692308 0.21754807692307693 0.22956730769230768
10 0.7896634615384616 0.5480769230769231 0.265625 0.2127403846153846
3 0.8653846153846154 0.6514423076923077 0.15504807692307693 0.12259615384615384
3 0.7644230769230769 0.8269230769230769 0.1622596153846154 0.15865384615384615
4 0.7067307692307693 0.7271634615384616 0.26322115384615385 0.2548076923076923
7 0.5360576923076923 0.8076923076923077 0.15985576923076922 0.14543269230769232
14 0.5817307692307693 0.8677884615384616 0.17548076923076922 0.14302884615384615
13 0.2920673076923077 0.7596153846153846 0.28846153846153844 0.20072115384615385
7 0.6262019230769231 0.6165865384615384 0.15144230769230768 0.15625
13 0.47115384615384615 0.6177884615384616 0.2920673076923077 0.3016826923076923
16 0.2512019230769231 0.5600961538461539 0.20793269230769232 0.2247596153846154
16 0.32091346153846156 0.34975961538461536 0.20432692307692307 0.22235576923076922
10 0.4735576923076923 0.39302884615384615 0.171875 0.24639423076923078
10 0.36658653846153844 0.5048076923076923 0.171875 0.23557692307692307