15 0.22716346153846154 0.21394230769230768 0.1778846153846154 0.14903846153846154
9 0.2608173076923077 0.28365384615384615 0.15384615384615385 0.15625
15 0.6598557692307693 0.3088942307692308 0.15504807692307693 0.18389423076923078
15 0.32572115384615385 0.34975961538461536 0.19951923076923078 0.19110576923076922
7 0.4326923076923077 0.38822115384615385 0.30288461538461536 0.1971153846153846
7 0.390625 0.5180288461538461 0.3269230769230769 0.13701923076923078
7 0.12980769230769232 0.6887019230769231 0.1935096153846154 0.3112980769230769
4 0.09975961538461539 0.4699519230769231 0.18990384615384615 0.24519230769230768
8 0.06971153846153846 0.6045673076923077 0.11538461538461539 0.09134615384615384
7 0.31850961538461536 0.7319711538461539 0.3088942307692308 0.14182692307692307
11 0.39903846153846156 0.6262019230769231 0.17908653846153846 0.1502403846153846
5 0.8052884615384616 0.5396634615384616 0.19591346153846154 0.2704326923076923
7 0.6887019230769231 0.6310096153846154 0.203125 0.28725961538461536
7 0.5252403846153846 0.6262019230769231 0.1658653846153846 0.3016826923076923
11 0.5865384615384616 0.7127403846153846 0.14783653846153846 0.18389423076923078
4 0.46033653846153844 0.8653846153846154 0.22956730769230768 0.16105769230769232
5 0.7223557692307693 0.8545673076923077 0.3004807692307692 0.29086538461538464