8 0.8185096153846154 0.45552884615384615 0.13581730769230768 0.11177884615384616
8 0.8798076923076923 0.5685096153846154 0.11778846153846154 0.15384615384615385
2 0.7848557692307693 0.3269230769230769 0.16466346153846154 0.21875
2 0.6802884615384616 0.26802884615384615 0.1622596153846154 0.21033653846153846
11 0.5420673076923077 0.2644230769230769 0.15865384615384615 0.12980769230769232
1 0.5084134615384616 0.35216346153846156 0.25240384615384615 0.15865384615384615
1 0.5793269230769231 0.44711538461538464 0.27283653846153844 0.19591346153846154
11 0.3245192307692308 0.38822115384615385 0.203125 0.15264423076923078
7 0.3762019230769231 0.5528846153846154 0.20072115384615385 0.16706730769230768
14 0.4519230769230769 0.6526442307692307 0.26322115384615385 0.22596153846153846
2 0.5132211538461539 0.7331730769230769 0.20673076923076922 0.18990384615384615
7 0.6430288461538461 0.6622596153846154 0.13942307692307693 0.19110576923076922
3 0.7668269230769231 0.6213942307692307 0.234375 0.1658653846153846
3 0.7620192307692307 0.7307692307692307 0.20192307692307693 0.12259615384615384
3 0.7307692307692307 0.78125 0.24519230769230768 0.10096153846153846
13 0.21033653846153846 0.625 0.359375 0.3786057692307692