16 0.2668269230769231 0.3485576923076923 0.22716346153846154 0.2283653846153846
16 0.42908653846153844 0.2848557692307692 0.1502403846153846 0.19471153846153846
12 0.5564903846153846 0.38461538461538464 0.125 0.203125
12 0.5973557692307693 0.31971153846153844 0.14783653846153846 0.24879807692307693
2 0.7163461538461539 0.3137019230769231 0.12740384615384615 0.16826923076923078
10 0.8629807692307693 0.36538461538461536 0.20072115384615385 0.2247596153846154
12 0.7752403846153846 0.5348557692307693 0.07692307692307693 0.24519230769230768
2 0.6802884615384616 0.5444711538461539 0.14783653846153846 0.17908653846153846
7 0.49278846153846156 0.47716346153846156 0.12860576923076922 0.16706730769230768
2 0.37740384615384615 0.47836538461538464 0.16346153846153846 0.16466346153846154
7 0.21634615384615385 0.5168269230769231 0.14423076923076922 0.16706730769230768
2 0.3545673076923077 0.6141826923076923 0.1622596153846154 0.1201923076923077
16 0.30288461538461536 0.7451923076923077 0.2127403846153846 0.17548076923076922
12 0.4254807692307692 0.7932692307692307 0.0829326923076923 0.14783653846153846
16 0.5492788461538461 0.7560096153846154 0.20793269230769232 0.234375
1 0.49759615384615385 0.6346153846153846 0.19951923076923078 0.20072115384615385
12 0.6550480769230769 0.7620192307692307 0.11298076923076923 0.140625
12 0.7824519230769231 0.7331730769230769 0.21995192307692307 0.2127403846153846