15 0.6069711538461539 0.32211538461538464 0.3125 0.31850961538461536
15 0.765625 0.45552884615384615 0.22596153846153846 0.3016826923076923
12 0.6766826923076923 0.5709134615384616 0.06971153846153846 0.17307692307692307
12 0.6262019230769231 0.5961538461538461 0.06850961538461539 0.18028846153846154
16 0.7403846153846154 0.71875 0.11778846153846154 0.12860576923076922
16 0.6394230769230769 0.7151442307692307 0.12620192307692307 0.12139423076923077
1 0.5180288461538461 0.7620192307692307 0.13581730769230768 0.21394230769230768
1 0.42427884615384615 0.7127403846153846 0.1201923076923077 0.21995192307692307
15 0.5841346153846154 0.5889423076923077 0.06370192307692307 0.16826923076923078
15 0.5492788461538461 0.5853365384615384 0.06490384615384616 0.16706730769230768
14 0.5096153846153846 0.5084134615384616 0.12740384615384615 0.18269230769230768
14 0.3918269230769231 0.5408653846153846 0.16706730769230768 0.1201923076923077
14 0.4411057692307692 0.4423076923076923 0.17427884615384615 0.11538461538461539