6 0.2608173076923077 0.36177884615384615 0.4326923076923077 0.4362980769230769
6 0.5048076923076923 0.2548076923076923 0.3870192307692308 0.32091346153846156
9 0.7896634615384616 0.2644230769230769 0.30408653846153844 0.39302884615384615
7 0.59375 0.46153846153846156 0.14182692307692307 0.19831730769230768
7 0.5288461538461539 0.5432692307692307 0.12860576923076922 0.1971153846153846
0 0.46033653846153844 0.5841346153846154 0.12259615384615384 0.1778846153846154
0 0.3798076923076923 0.6237980769230769 0.13341346153846154 0.18269230769230768
10 0.28125 0.671875 0.17908653846153846 0.20192307692307693
7 0.21153846153846154 0.71875 0.15144230769230768 0.20793269230769232
10 0.7487980769230769 0.49158653846153844 0.1502403846153846 0.20552884615384615
1 0.828125 0.5420673076923077 0.10096153846153846 0.18269230769230768
1 0.9026442307692307 0.5637019230769231 0.07451923076923077 0.18870192307692307
1 0.8028846153846154 0.6658653846153846 0.07932692307692307 0.18870192307692307
1 0.7403846153846154 0.7151442307692307 0.09495192307692307 0.14182692307692307
3 0.6658653846153846 0.6382211538461539 0.2283653846153846 0.15745192307692307
3 0.5048076923076923 0.7115384615384616 0.22355769230769232 0.1622596153846154
3 0.3485576923076923 0.7992788461538461 0.20673076923076922 0.20072115384615385
1 0.49399038461538464 0.8004807692307693 0.12620192307692307 0.11778846153846154
16 0.5709134615384616 0.8161057692307693 0.12620192307692307 0.13221153846153846
16 0.6177884615384616 0.8725961538461539 0.1310096153846154 0.1346153846153846