4 0.5793269230769231 0.41225961538461536 0.17908653846153846 0.18870192307692307
4 0.6622596153846154 0.15384615384615385 0.19591346153846154 0.1622596153846154
4 0.3737980769230769 0.30528846153846156 0.19230769230769232 0.17668269230769232
14 0.6947115384615384 0.6514423076923077 0.16105769230769232 0.19951923076923078
14 0.17067307692307693 0.8786057692307693 0.18269230769230768 0.13581730769230768
14 0.29086538461538464 0.484375 0.17668269230769232 0.12740384615384615
14 0.13581730769230768 0.41346153846153844 0.16105769230769232 0.19230769230769232
7 0.3233173076923077 0.6334134615384616 0.2439903846153846 0.2692307692307692
7 0.36538461538461536 0.7115384615384616 0.24639423076923078 0.2692307692307692
1 0.1658653846153846 0.6742788461538461 0.06971153846153846 0.18629807692307693
11 0.2692307692307692 0.359375 0.13341346153846154 0.0985576923076923
7 0.49158653846153844 0.6911057692307693 0.2247596153846154 0.30528846153846156
7 0.5528846153846154 0.7463942307692307 0.22596153846153846 0.30288461538461536