6 0.7127403846153846 0.30649038461538464 0.2764423076923077 0.359375
11 0.12379807692307693 0.34975961538461536 0.14543269230769232 0.18028846153846154
11 0.16947115384615385 0.4098557692307692 0.15264423076923078 0.18509615384615385
11 0.36177884615384615 0.47115384615384615 0.1814903846153846 0.0829326923076923
7 0.3762019230769231 0.28725961538461536 0.3269230769230769 0.08533653846153846
7 0.390625 0.3798076923076923 0.3269230769230769 0.10336538461538461
7 0.47115384615384615 0.5456730769230769 0.21514423076923078 0.2668269230769231
4 0.578125 0.5865384615384616 0.19230769230769232 0.23677884615384615
2 0.6995192307692307 0.625 0.1658653846153846 0.1658653846153846
7 0.6262019230769231 0.7403846153846154 0.3233173076923077 0.09134615384615384
0 0.3942307692307692 0.8052884615384616 0.10216346153846154 0.2439903846153846
0 0.22596153846153846 0.7728365384615384 0.23677884615384615 0.12980769230769232
3 0.23918269230769232 0.671875 0.18629807692307693 0.08413461538461539
2 0.13341346153846154 0.5564903846153846 0.1622596153846154 0.16105769230769232
2 0.2644230769230769 0.5588942307692307 0.15985576923076922 0.15865384615384615