12 0.8930288461538461 0.6069711538461539 0.11658653846153846 0.13221153846153846
12 0.7884615384615384 0.8112980769230769 0.1045673076923077 0.13822115384615385
2 0.7139423076923077 0.5637019230769231 0.19831730769230768 0.16466346153846154
2 0.7475961538461539 0.3954326923076923 0.19831730769230768 0.17668269230769232
3 0.8701923076923077 0.27524038461538464 0.1346153846153846 0.1935096153846154
3 0.8473557692307693 0.39663461538461536 0.1658653846153846 0.18509615384615385
3 0.7752403846153846 0.23557692307692307 0.09134615384615384 0.19831730769230768
12 0.5973557692307693 0.5108173076923077 0.13341346153846154 0.203125
12 0.5745192307692307 0.45913461538461536 0.13221153846153846 0.20793269230769232
4 0.6850961538461539 0.6887019230769231 0.11538461538461539 0.19110576923076922
4 0.5528846153846154 0.7235576923076923 0.22355769230769232 0.11778846153846154
2 0.328125 0.5360576923076923 0.18509615384615385 0.1814903846153846
2 0.3401442307692308 0.6899038461538461 0.14182692307692307 0.1658653846153846
12 0.35096153846153844 0.7992788461538461 0.2512019230769231 0.07692307692307693
12 0.6322115384615384 0.8064903846153846 0.25600961538461536 0.109375
12 0.5096153846153846 0.5793269230769231 0.10336538461538461 0.21153846153846154
5 0.5673076923076923 0.22716346153846154 0.3858173076923077 0.31971153846153844
5 0.27163461538461536 0.3389423076923077 0.4098557692307692 0.4110576923076923