5 0.3269230769230769 0.33413461538461536 0.44591346153846156 0.48677884615384615
16 0.640625 0.4411057692307692 0.2091346153846154 0.16826923076923078
11 0.8052884615384616 0.25600961538461536 0.16706730769230768 0.12139423076923077
11 0.6923076923076923 0.5661057692307693 0.13581730769230768 0.1201923076923077
4 0.8713942307692307 0.5612980769230769 0.14903846153846154 0.15745192307692307
11 0.47836538461538464 0.5685096153846154 0.13942307692307693 0.11899038461538461
4 0.3581730769230769 0.6009615384615384 0.16466346153846154 0.14423076923076922
1 0.24158653846153846 0.6838942307692307 0.13822115384615385 0.0985576923076923
11 0.20552884615384615 0.7560096153846154 0.18269230769230768 0.15384615384615385
4 0.4074519230769231 0.7632211538461539 0.1658653846153846 0.16706730769230768
5 0.6430288461538461 0.7980769230769231 0.4699519230769231 0.35336538461538464
16 0.12139423076923077 0.5096153846153846 0.23918269230769232 0.20793269230769232