13 0.5793269230769231 0.23798076923076922 0.3293269230769231 0.3737980769230769
12 0.7788461538461539 0.375 0.11177884615384616 0.3125
12 0.6117788461538461 0.4651442307692308 0.3245192307692308 0.17668269230769232
12 0.5901442307692307 0.5264423076923077 0.31971153846153844 0.16826923076923078
4 0.40024038461538464 0.3918269230769231 0.18389423076923078 0.22956730769230768
12 0.29927884615384615 0.5348557692307693 0.0889423076923077 0.17908653846153846
5 0.2283653846153846 0.34375 0.41466346153846156 0.4495192307692308
9 0.18629807692307693 0.5997596153846154 0.1502403846153846 0.203125
12 0.24158653846153846 0.6959134615384616 0.18509615384615385 0.08533653846153846
4 0.47836538461538464 0.5865384615384616 0.23677884615384615 0.19831730769230768
2 0.7704326923076923 0.7091346153846154 0.171875 0.1814903846153846
2 0.6346153846153846 0.7463942307692307 0.1622596153846154 0.1141826923076923
2 0.5144230769230769 0.7596153846153846 0.13221153846153846 0.1875
4 0.2920673076923077 0.8269230769230769 0.18389423076923078 0.23197115384615385
3 0.4230769230769231 0.8786057692307693 0.18269230769230768 0.20072115384615385
2 0.5252403846153846 0.9242788461538461 0.17307692307692307 0.14903846153846154
13 0.765625 0.8641826923076923 0.32572115384615385 0.2644230769230769