14 0.6442307692307693 0.14302884615384615 0.18990384615384615 0.17307692307692307
14 0.6358173076923077 0.3004807692307692 0.11298076923076923 0.171875
16 0.6105769230769231 0.3918269230769231 0.10697115384615384 0.08052884615384616
16 0.7271634615384616 0.4951923076923077 0.09975961538461539 0.1141826923076923
11 0.7932692307692307 0.4855769230769231 0.109375 0.19831730769230768
7 0.8725961538461539 0.47716346153846156 0.13701923076923078 0.2403846153846154
16 0.47475961538461536 0.15745192307692307 0.11538461538461539 0.09735576923076923
7 0.32572115384615385 0.28725961538461536 0.09735576923076923 0.2403846153846154
11 0.23317307692307693 0.2091346153846154 0.10336538461538461 0.15745192307692307
5 0.4855769230769231 0.578125 0.4182692307692308 0.38461538461538464
11 0.2956730769230769 0.5096153846153846 0.0985576923076923 0.19831730769230768
14 0.23557692307692307 0.42788461538461536 0.1814903846153846 0.21754807692307693
11 0.20432692307692307 0.5552884615384616 0.11298076923076923 0.1622596153846154
9 0.12259615384615384 0.4026442307692308 0.14783653846153846 0.14423076923076922
6 0.25600961538461536 0.7620192307692307 0.33413461538461536 0.28125