9 0.10817307692307693 0.20552884615384615 0.13341346153846154 0.2439903846153846
16 0.27884615384615385 0.18028846153846154 0.15865384615384615 0.2644230769230769
0 0.4014423076923077 0.28725961538461536 0.12620192307692307 0.2512019230769231
9 0.47716346153846156 0.20192307692307693 0.12740384615384615 0.23798076923076922
16 0.6021634615384616 0.203125 0.15144230769230768 0.21875
4 0.19591346153846154 0.4483173076923077 0.14903846153846154 0.18870192307692307
0 0.3088942307692308 0.4098557692307692 0.12379807692307693 0.25600961538461536
4 0.5949519230769231 0.35216346153846156 0.18269230769230768 0.1622596153846154
9 0.7403846153846154 0.3449519230769231 0.12980769230769232 0.23317307692307693
16 0.8665865384615384 0.2620192307692308 0.171875 0.22596153846153846
16 0.5048076923076923 0.53125 0.22956730769230768 0.20673076923076922
9 0.7055288461538461 0.5456730769230769 0.19831730769230768 0.22235576923076922
9 0.8677884615384616 0.5024038461538461 0.2439903846153846 0.25
9 0.19230769230769232 0.640625 0.2668269230769231 0.24879807692307693
0 0.3918269230769231 0.6538461538461539 0.24158653846153846 0.13581730769230768
4 0.4411057692307692 0.7632211538461539 0.25240384615384615 0.17427884615384615
16 0.7211538461538461 0.7872596153846154 0.24278846153846154 0.2800480769230769