16 0.3317307692307692 0.37259615384615385 0.19951923076923078 0.23557692307692307
16 0.2776442307692308 0.5625 0.21875 0.24158653846153846
10 0.5228365384615384 0.3173076923076923 0.2403846153846154 0.20673076923076922
10 0.7307692307692307 0.25841346153846156 0.2800480769230769 0.2548076923076923
10 0.7872596153846154 0.43990384615384615 0.234375 0.2608173076923077
11 0.6550480769230769 0.4795673076923077 0.15384615384615385 0.16826923076923078
11 0.7992788461538461 0.6105769230769231 0.16346153846153846 0.17427884615384615
11 0.6069711538461539 0.8269230769230769 0.16947115384615385 0.14423076923076922
11 0.7824519230769231 0.7367788461538461 0.19110576923076922 0.09134615384615384
8 0.7584134615384616 0.8112980769230769 0.11298076923076923 0.08173076923076923
8 0.6850961538461539 0.6418269230769231 0.09254807692307693 0.11538461538461539
8 0.6442307692307693 0.6778846153846154 0.09254807692307693 0.11658653846153846
8 0.6069711538461539 0.7175480769230769 0.09375 0.11658653846153846
14 0.5024038461538461 0.46274038461538464 0.22235576923076922 0.14783653846153846
14 0.48677884615384615 0.5348557692307693 0.2127403846153846 0.16826923076923078
4 0.4651442307692308 0.6298076923076923 0.2403846153846154 0.23317307692307693
4 0.296875 0.7427884615384616 0.24278846153846154 0.234375
1 0.40384615384615385 0.8064903846153846 0.23677884615384615 0.19591346153846154