13 0.27524038461538464 0.26322115384615385 0.3161057692307692 0.375
9 0.46033653846153844 0.29086538461538464 0.13942307692307693 0.2403846153846154
13 0.6009615384615384 0.3137019230769231 0.3125 0.3713942307692308
13 0.7560096153846154 0.453125 0.37259615384615385 0.34615384615384615
14 0.2776442307692308 0.45072115384615385 0.2620192307692308 0.15745192307692307
14 0.21514423076923078 0.5132211538461539 0.26802884615384615 0.10216346153846154
9 0.25240384615384615 0.6009615384615384 0.23918269230769232 0.12620192307692307
10 0.7932692307692307 0.6502403846153846 0.2692307692307692 0.2776442307692308
10 0.6021634615384616 0.6899038461538461 0.3016826923076923 0.2704326923076923
10 0.3954326923076923 0.7391826923076923 0.25 0.21634615384615385
16 0.20552884615384615 0.796875 0.21394230769230768 0.3389423076923077
4 0.7283653846153846 0.875 0.2283653846153846 0.171875