10 0.20192307692307693 0.36538461538461536 0.22596153846153846 0.24759615384615385
14 0.3245192307692308 0.2439903846153846 0.11177884615384616 0.17427884615384615
3 0.47716346153846156 0.27884615384615385 0.20192307692307693 0.09615384615384616
0 0.4651442307692308 0.36899038461538464 0.16706730769230768 0.11899038461538461
12 0.4387019230769231 0.5024038461538461 0.2536057692307692 0.27403846153846156
0 0.25841346153846156 0.5336538461538461 0.171875 0.12740384615384615
12 0.5348557692307693 0.4987980769230769 0.13822115384615385 0.13341346153846154
12 0.5805288461538461 0.4639423076923077 0.13341346153846154 0.14182692307692307
0 0.6081730769230769 0.3798076923076923 0.14182692307692307 0.17067307692307693
12 0.6490384615384616 0.2980769230769231 0.21634615384615385 0.3016826923076923
3 0.7608173076923077 0.44591346153846156 0.18990384615384615 0.15384615384615385
10 0.7776442307692307 0.27163461538461536 0.2704326923076923 0.2932692307692308
14 0.7439903846153846 0.5865384615384616 0.1502403846153846 0.1622596153846154
10 0.703125 0.7415865384615384 0.25841346153846156 0.2668269230769231
0 0.5901442307692307 0.6598557692307693 0.16466346153846154 0.2824519230769231
2 0.4639423076923077 0.6995192307692307 0.10576923076923077 0.15745192307692307
0 0.3798076923076923 0.6370192307692307 0.09615384615384616 0.2932692307692308
3 0.29086538461538464 0.8076923076923077 0.18990384615384615 0.14182692307692307
0 0.22235576923076922 0.6225961538461539 0.25 0.22355769230769232