8 0.25 0.12259615384615384 0.09735576923076923 0.11658653846153846
16 0.2668269230769231 0.22596153846153846 0.11298076923076923 0.09495192307692307
7 0.12259615384615384 0.31009615384615385 0.17668269230769232 0.3245192307692308
16 0.1971153846153846 0.41466346153846156 0.11057692307692307 0.12259615384615384
11 0.35697115384615385 0.2692307692307692 0.11899038461538461 0.16346153846153846
0 0.45552884615384615 0.21514423076923078 0.0985576923076923 0.2956730769230769
6 0.5997596153846154 0.24519230769230768 0.23076923076923078 0.3233173076923077
11 0.7560096153846154 0.2512019230769231 0.12740384615384615 0.1778846153846154
7 0.8665865384615384 0.27884615384615385 0.11177884615384616 0.3317307692307692
7 0.2980769230769231 0.5204326923076923 0.12980769230769232 0.3293269230769231
7 0.43028846153846156 0.4362980769230769 0.30528846153846156 0.20552884615384615
16 0.3737980769230769 0.5120192307692307 0.0985576923076923 0.11658653846153846
7 0.5480769230769231 0.5745192307692307 0.3317307692307692 0.09254807692307693
7 0.7680288461538461 0.5456730769230769 0.13341346153846154 0.3233173076923077
7 0.5336538461538461 0.6586538461538461 0.328125 0.09134615384615384
7 0.8161057692307693 0.7007211538461539 0.16466346153846154 0.3317307692307692
16 0.13822115384615385 0.5733173076923077 0.24278846153846154 0.15745192307692307
16 0.17307692307692307 0.7355769230769231 0.2536057692307692 0.20432692307692307
11 0.3545673076923077 0.7764423076923077 0.16346153846153846 0.1622596153846154
16 0.5552884615384616 0.7704326923076923 0.22235576923076922 0.15384615384615385