1 0.15745192307692307 0.2920673076923077 0.22596153846153846 0.2608173076923077
16 0.4014423076923077 0.3449519230769231 0.20192307692307693 0.2283653846153846
16 0.24879807692307693 0.43149038461538464 0.23317307692307693 0.1622596153846154
4 0.1045673076923077 0.6057692307692307 0.15384615384615385 0.234375
15 0.3293269230769231 0.5360576923076923 0.1141826923076923 0.12740384615384615
11 0.5396634615384616 0.375 0.11298076923076923 0.13822115384615385
16 0.5420673076923077 0.5240384615384616 0.22596153846153846 0.2403846153846154
16 0.3942307692307692 0.6742788461538461 0.24759615384615385 0.25240384615384615
1 0.3016826923076923 0.7944711538461539 0.21153846153846154 0.2668269230769231
11 0.6105769230769231 0.6418269230769231 0.13701923076923078 0.08052884615384616
8 0.7139423076923077 0.6177884615384616 0.10697115384615384 0.08173076923076923
11 0.6814903846153846 0.6971153846153846 0.1310096153846154 0.08533653846153846
8 0.7415865384615384 0.7980769230769231 0.1201923076923077 0.11899038461538461