13 0.640625 0.19230769230769232 0.2704326923076923 0.31971153846153844
13 0.47115384615384615 0.2860576923076923 0.3137019230769231 0.35096153846153844
13 0.3317307692307692 0.3713942307692308 0.27884615384615385 0.33052884615384615
7 0.2668269230769231 0.46875 0.13701923076923078 0.24158653846153846
16 0.35096153846153844 0.6225961538461539 0.2704326923076923 0.2247596153846154
16 0.5420673076923077 0.49759615384615385 0.265625 0.234375
6 0.7680288461538461 0.34375 0.2932692307692308 0.30408653846153844
2 0.8774038461538461 0.4254807692307692 0.13701923076923078 0.16947115384615385
6 0.7103365384615384 0.578125 0.3016826923076923 0.3137019230769231
6 0.49759615384615385 0.7223557692307693 0.31971153846153844 0.3016826923076923
3 0.28125 0.7644230769230769 0.19591346153846154 0.13581730769230768
3 0.8473557692307693 0.6153846153846154 0.078125 0.20072115384615385
1 0.7067307692307693 0.7463942307692307 0.12379807692307693 0.11899038461538461
1 0.7764423076923077 0.7379807692307693 0.078125 0.14182692307692307
1 0.7451923076923077 0.8233173076923077 0.1466346153846154 0.06850961538461539