10 0.7692307692307693 0.4831730769230769 0.19471153846153846 0.19831730769230768
10 0.28365384615384615 0.35697115384615385 0.19471153846153846 0.19471153846153846
10 0.4375 0.7716346153846154 0.1935096153846154 0.19831730769230768
16 0.7403846153846154 0.6322115384615384 0.11298076923076923 0.09375
16 0.6262019230769231 0.7007211538461539 0.11538461538461539 0.10697115384615384
0 0.6201923076923077 0.6057692307692307 0.17067307692307693 0.1045673076923077
0 0.4375 0.6286057692307693 0.171875 0.12860576923076922
16 0.5733173076923077 0.484375 0.22115384615384615 0.18990384615384615
14 0.6141826923076923 0.3293269230769231 0.15504807692307693 0.18269230769230768
14 0.46875 0.39903846153846156 0.1935096153846154 0.2127403846153846
14 0.36538461538461536 0.5276442307692307 0.20552884615384615 0.21995192307692307