4 0.6983173076923077 0.21033653846153846 0.16346153846153846 0.2439903846153846
4 0.8100961538461539 0.39783653846153844 0.23317307692307693 0.25
7 0.8137019230769231 0.5949519230769231 0.27163461538461536 0.2800480769230769
2 0.7752403846153846 0.703125 0.15384615384615385 0.16947115384615385
6 0.5576923076923077 0.6887019230769231 0.29086538461538464 0.31850961538461536
2 0.39663461538461536 0.6021634615384616 0.1466346153846154 0.1658653846153846
7 0.3137019230769231 0.6177884615384616 0.21995192307692307 0.3016826923076923
3 0.21153846153846154 0.6814903846153846 0.18629807692307693 0.19831730769230768
4 0.5805288461538461 0.4951923076923077 0.22956730769230768 0.1935096153846154
4 0.5733173076923077 0.3485576923076923 0.24759615384615385 0.20192307692307693
4 0.4110576923076923 0.3942307692307692 0.14302884615384615 0.21634615384615385