14 0.5384615384615384 0.28365384615384615 0.2091346153846154 0.18269230769230768
9 0.7211538461538461 0.27524038461538464 0.16346153846153846 0.15865384615384615
9 0.8725961538461539 0.2824519230769231 0.17067307692307693 0.17908653846153846
1 0.6899038461538461 0.40865384615384615 0.2247596153846154 0.12620192307692307
8 0.8341346153846154 0.4411057692307692 0.07572115384615384 0.10216346153846154
8 0.8798076923076923 0.5528846153846154 0.038461538461538464 0.10576923076923077
1 0.7680288461538461 0.5324519230769231 0.22956730769230768 0.15144230769230768
3 0.7548076923076923 0.6201923076923077 0.19471153846153846 0.09735576923076923
7 0.5853365384615384 0.4807692307692308 0.26322115384615385 0.2668269230769231
7 0.5588942307692307 0.5757211538461539 0.2668269230769231 0.265625
14 0.3076923076923077 0.4014423076923077 0.18389423076923078 0.19591346153846154
5 0.28846153846153844 0.5661057692307693 0.40625 0.3425480769230769
14 0.21634615384615385 0.7692307692307693 0.21153846153846154 0.265625
16 0.44471153846153844 0.8233173076923077 0.17067307692307693 0.2283653846153846
0 0.5721153846153846 0.7067307692307693 0.16466346153846154 0.13942307692307693
0 0.8269230769230769 0.7475961538461539 0.15384615384615385 0.171875
0 0.7295673076923077 0.8221153846153846 0.1622596153846154 0.16105769230769232
12 0.6442307692307693 0.8088942307692307 0.22956730769230768 0.29086538461538464