12 0.8245192307692307 0.3088942307692308 0.28846153846153844 0.28846153846153844
4 0.7211538461538461 0.4411057692307692 0.22956730769230768 0.23557692307692307
4 0.796875 0.6153846153846154 0.25961538461538464 0.2824519230769231
3 0.6081730769230769 0.5216346153846154 0.09254807692307693 0.15865384615384615
3 0.6694711538461539 0.6947115384615384 0.14783653846153846 0.21033653846153846
1 0.5480769230769231 0.5528846153846154 0.07572115384615384 0.18509615384615385
3 0.5745192307692307 0.7295673076923077 0.10336538461538461 0.22235576923076922
3 0.6454326923076923 0.8497596153846154 0.21033653846153846 0.12980769230769232
1 0.5144230769230769 0.7572115384615384 0.1201923076923077 0.17548076923076922
1 0.4855769230769231 0.6033653846153846 0.12860576923076922 0.16947115384615385
16 0.453125 0.47475961538461536 0.11298076923076923 0.140625
0 0.5564903846153846 0.40625 0.21634615384615385 0.12379807692307693
16 0.40865384615384615 0.609375 0.14783653846153846 0.13581730769230768
12 0.2536057692307692 0.7548076923076923 0.28846153846153844 0.2800480769230769
12 0.34615384615384615 0.6911057692307693 0.2800480769230769 0.28365384615384615
13 0.3112980769230769 0.41225961538461536 0.28966346153846156 0.34375
13 0.5612980769230769 0.22956730769230768 0.3317307692307692 0.24879807692307693