2 0.8185096153846154 0.39903846153846156 0.18629807692307693 0.16706730769230768
2 0.7295673076923077 0.44591346153846156 0.15144230769230768 0.1935096153846154
7 0.6346153846153846 0.47836538461538464 0.13942307692307693 0.171875
7 0.5552884615384616 0.5060096153846154 0.1346153846153846 0.16826923076923078
7 0.6237980769230769 0.30649038461538464 0.12740384615384615 0.17548076923076922
4 0.8317307692307693 0.5793269230769231 0.28725961538461536 0.21634615384615385
4 0.7872596153846154 0.78125 0.2512019230769231 0.2764423076923077
14 0.6358173076923077 0.8521634615384616 0.19471153846153846 0.1875
14 0.6045673076923077 0.7560096153846154 0.15264423076923078 0.21394230769230768
16 0.4579326923076923 0.2644230769230769 0.20793269230769232 0.3076923076923077
16 0.29086538461538464 0.3317307692307692 0.18389423076923078 0.30288461538461536
7 0.4735576923076923 0.5480769230769231 0.21153846153846154 0.29086538461538464
7 0.3894230769230769 0.6021634615384616 0.2283653846153846 0.28725961538461536
7 0.3737980769230769 0.7908653846153846 0.35216346153846156 0.13822115384615385
10 0.24158653846153846 0.6875 0.2644230769230769 0.2920673076923077