2 0.6622596153846154 0.4098557692307692 0.13581730769230768 0.15745192307692307
7 0.5192307692307693 0.5024038461538461 0.20673076923076922 0.28966346153846156
16 0.29927884615384615 0.4266826923076923 0.08052884615384616 0.10576923076923077
7 0.3942307692307692 0.6153846153846154 0.12740384615384615 0.15144230769230768
10 0.44350961538461536 0.796875 0.23798076923076922 0.2283653846153846
15 0.8942307692307693 0.5709134615384616 0.1814903846153846 0.19110576923076922
10 0.7451923076923077 0.6141826923076923 0.25721153846153844 0.26802884615384615
10 0.6334134615384616 0.7235576923076923 0.21995192307692307 0.22235576923076922
7 0.296875 0.5396634615384616 0.16706730769230768 0.14182692307692307
2 0.4110576923076923 0.4855769230769231 0.13942307692307693 0.16466346153846154
16 0.22355769230769232 0.4639423076923077 0.09975961538461539 0.11899038461538461
7 0.4963942307692308 0.6081730769230769 0.1466346153846154 0.15144230769230768
7 0.5697115384615384 0.4182692307692308 0.23798076923076922 0.3016826923076923
15 0.7451923076923077 0.3581730769230769 0.1814903846153846 0.1502403846153846
15 0.8173076923076923 0.45072115384615385 0.20793269230769232 0.1875