3 0.0673076923076923 0.29927884615384615 0.13341346153846154 0.19951923076923078
4 0.2247596153846154 0.3918269230769231 0.2091346153846154 0.24639423076923078
12 0.39783653846153844 0.19951923076923078 0.3088942307692308 0.12980769230769232
16 0.6346153846153846 0.20673076923076922 0.1622596153846154 0.2091346153846154
16 0.8161057692307693 0.26802884615384615 0.23677884615384615 0.22956730769230768
12 0.10576923076923077 0.6105769230769231 0.11057692307692307 0.31009615384615385
3 0.20072115384615385 0.5973557692307693 0.1141826923076923 0.20432692307692307
12 0.20072115384615385 0.7379807692307693 0.109375 0.15264423076923078
12 0.26802884615384615 0.5889423076923077 0.08173076923076923 0.16826923076923078
12 0.3425480769230769 0.5649038461538461 0.06971153846153846 0.17427884615384615
3 0.3004807692307692 0.7175480769230769 0.16466346153846154 0.19591346153846154
16 0.3545673076923077 0.8822115384615384 0.2403846153846154 0.15625
10 0.4411057692307692 0.375 0.28846153846153844 0.2692307692307692
4 0.609375 0.41346153846153844 0.1935096153846154 0.22956730769230768
4 0.5673076923076923 0.5769230769230769 0.21995192307692307 0.16346153846153846
16 0.5745192307692307 0.7463942307692307 0.24519230769230768 0.16706730769230768
10 0.7019230769230769 0.5060096153846154 0.23798076923076922 0.2127403846153846
16 0.875 0.5420673076923077 0.1658653846153846 0.2439903846153846
16 0.7596153846153846 0.7463942307692307 0.171875 0.20552884615384615