13 0.8028846153846154 0.3629807692307692 0.25961538461538464 0.34975961538461536
16 0.5324519230769231 0.33413461538461536 0.16105769230769232 0.2091346153846154
0 0.6394230769230769 0.4014423076923077 0.09615384615384616 0.17668269230769232
11 0.42427884615384615 0.5264423076923077 0.12139423076923077 0.15504807692307693
8 0.35096153846153844 0.671875 0.10336538461538461 0.11658653846153846
14 0.6045673076923077 0.6069711538461539 0.18389423076923078 0.24158653846153846
13 0.19230769230769232 0.19471153846153846 0.32211538461538464 0.3629807692307692
13 0.3581730769230769 0.2764423076923077 0.34615384615384615 0.3485576923076923
16 0.20673076923076922 0.4879807692307692 0.1875 0.21875
11 0.3137019230769231 0.578125 0.12620192307692307 0.171875
0 0.5108173076923077 0.5793269230769231 0.0985576923076923 0.16947115384615385
8 0.43509615384615385 0.7127403846153846 0.1141826923076923 0.09134615384615384
11 0.4855769230769231 0.8137019230769231 0.10096153846153846 0.1622596153846154
0 0.7295673076923077 0.6033653846153846 0.1201923076923077 0.171875
14 0.8329326923076923 0.6225961538461539 0.22716346153846154 0.23557692307692307