15 0.8269230769230769 0.6694711538461539 0.19471153846153846 0.17548076923076922
15 0.8100961538461539 0.5408653846153846 0.19591346153846154 0.1658653846153846
15 0.7151442307692307 0.5709134615384616 0.18629807692307693 0.1971153846153846
7 0.6262019230769231 0.625 0.1875 0.3088942307692308
7 0.5528846153846154 0.6742788461538461 0.15504807692307693 0.3137019230769231
7 0.453125 0.6466346153846154 0.11298076923076923 0.3233173076923077
4 0.3161057692307692 0.5853365384615384 0.16346153846153846 0.18389423076923078
4 0.3269230769230769 0.7632211538461539 0.15865384615384615 0.19230769230769232
2 0.7307692307692307 0.38341346153846156 0.1502403846153846 0.171875
6 0.5745192307692307 0.3233173076923077 0.3581730769230769 0.3449519230769231
6 0.3713942307692308 0.35697115384615385 0.35697115384615385 0.3918269230769231