8 0.11899038461538461 0.25841346153846156 0.07211538461538461 0.11177884615384616
7 0.18870192307692307 0.23076923076923078 0.10576923076923077 0.33774038461538464
5 0.35096153846153844 0.33653846153846156 0.2848557692307692 0.18990384615384615
5 0.6454326923076923 0.265625 0.2956730769230769 0.22596153846153846
11 0.8822115384615384 0.3112980769230769 0.0829326923076923 0.20072115384615385
7 0.7175480769230769 0.41947115384615385 0.3269230769230769 0.14182692307692307
8 0.12980769230769232 0.4411057692307692 0.11658653846153846 0.09014423076923077
2 0.21033653846153846 0.6045673076923077 0.1502403846153846 0.19471153846153846
2 0.328125 0.5552884615384616 0.13942307692307693 0.19110576923076922
7 0.4230769230769231 0.6225961538461539 0.125 0.328125
7 0.515625 0.6033653846153846 0.0985576923076923 0.3389423076923077
16 0.6911057692307693 0.5420673076923077 0.23317307692307693 0.1502403846153846
7 0.7259615384615384 0.6550480769230769 0.33774038461538464 0.09975961538461539
4 0.6502403846153846 0.8197115384615384 0.19110576923076922 0.25841346153846156
4 0.84375 0.859375 0.21153846153846154 0.2608173076923077
2 0.17067307692307693 0.7764423076923077 0.15745192307692307 0.18269230769230768
2 0.25240384615384615 0.8269230769230769 0.1502403846153846 0.19110576923076922