11 0.1141826923076923 0.39783653846153844 0.1814903846153846 0.14423076923076922
4 0.31009615384615385 0.38100961538461536 0.14182692307692307 0.23076923076923078
2 0.4411057692307692 0.36778846153846156 0.10336538461538461 0.16706730769230768
3 0.4891826923076923 0.3894230769230769 0.08774038461538461 0.20552884615384615
4 0.6286057692307693 0.28966346153846156 0.23317307692307693 0.1466346153846154
3 0.3918269230769231 0.5108173076923077 0.09254807692307693 0.203125
4 0.2668269230769231 0.6009615384615384 0.24519230769230768 0.25240384615384615
4 0.4230769230769231 0.7920673076923077 0.16706730769230768 0.23798076923076922
11 0.5516826923076923 0.7355769230769231 0.15504807692307693 0.18990384615384615
2 0.7091346153846154 0.4699519230769231 0.16947115384615385 0.17427884615384615
2 0.6418269230769231 0.6153846153846154 0.11057692307692307 0.16826923076923078
3 0.6730769230769231 0.7115384615384616 0.125 0.21033653846153846
11 0.8461538461538461 0.4651442307692308 0.17548076923076922 0.125
7 0.7463942307692307 0.7139423076923077 0.16826923076923078 0.35216346153846156