10 0.5240384615384616 0.21634615384615385 0.21875 0.18389423076923078
10 0.6875 0.3016826923076923 0.2776442307692308 0.30408653846153844
4 0.8064903846153846 0.41346153846153844 0.22596153846153846 0.25961538461538464
4 0.8016826923076923 0.6045673076923077 0.24639423076923078 0.21995192307692307
4 0.59375 0.5108173076923077 0.23317307692307693 0.2283653846153846
4 0.6826923076923077 0.6706730769230769 0.25 0.22235576923076922
3 0.7403846153846154 0.8149038461538461 0.2091346153846154 0.16105769230769232
4 0.5901442307692307 0.7716346153846154 0.1814903846153846 0.17427884615384615
4 0.4423076923076923 0.7572115384615384 0.13701923076923078 0.18629807692307693
4 0.4951923076923077 0.8990384615384616 0.17067307692307693 0.15264423076923078
16 0.4423076923076923 0.4423076923076923 0.25600961538461536 0.30649038461538464
16 0.3173076923076923 0.35216346153846156 0.23197115384615385 0.30408653846153844
16 0.27884615384615385 0.6057692307692307 0.2932692307692308 0.2932692307692308