16 0.5600961538461539 0.33052884615384615 0.24879807692307693 0.19831730769230768
16 0.765625 0.5685096153846154 0.23918269230769232 0.14543269230769232
16 0.7800480769230769 0.33533653846153844 0.23317307692307693 0.25961538461538464
6 0.4338942307692308 0.4543269230769231 0.33533653846153844 0.28846153846153844
8 0.6514423076923077 0.4423076923076923 0.09375 0.11778846153846154
8 0.5889423076923077 0.5733173076923077 0.09975961538461539 0.11778846153846154
8 0.6237980769230769 0.6838942307692307 0.09254807692307693 0.12259615384615384
8 0.4855769230769231 0.6141826923076923 0.14182692307692307 0.09014423076923077
16 0.33774038461538464 0.703125 0.24879807692307693 0.1971153846153846
2 0.5324519230769231 0.6887019230769231 0.12379807692307693 0.09495192307692307
2 0.5324519230769231 0.7716346153846154 0.11899038461538461 0.08533653846153846