5 0.41466346153846156 0.3245192307692308 0.46634615384615385 0.4326923076923077
7 0.4014423076923077 0.5372596153846154 0.23677884615384615 0.24759615384615385
7 0.38100961538461536 0.6358173076923077 0.24879807692307693 0.2403846153846154
15 0.4387019230769231 0.8257211538461539 0.16706730769230768 0.1502403846153846
12 0.6646634615384616 0.46875 0.3088942307692308 0.10216346153846154
12 0.6586538461538461 0.5372596153846154 0.3125 0.06850961538461539
12 0.6550480769230769 0.6850961538461539 0.30288461538461536 0.0625
12 0.6610576923076923 0.6033653846153846 0.31009615384615385 0.08413461538461539
12 0.6766826923076923 0.7620192307692307 0.3112980769230769 0.10336538461538461
4 0.8725961538461539 0.5360576923076923 0.1346153846153846 0.21995192307692307
4 0.7475961538461539 0.8725961538461539 0.21995192307692307 0.15504807692307693
5 0.19591346153846154 0.7271634615384616 0.34615384615384615 0.37740384615384615