13 0.7716346153846154 0.22235576923076922 0.29927884615384615 0.35336538461538464
13 0.5072115384615384 0.23798076923076922 0.22596153846153846 0.2644230769230769
13 0.3473557692307692 0.21754807692307693 0.3088942307692308 0.3629807692307692
13 0.19591346153846154 0.47596153846153844 0.31490384615384615 0.328125
13 0.4411057692307692 0.49038461538461536 0.35216346153846156 0.3545673076923077
13 0.6322115384615384 0.4170673076923077 0.3485576923076923 0.34134615384615385
7 0.8557692307692307 0.36177884615384615 0.19230769230769232 0.22716346153846154
16 0.8677884615384616 0.5084134615384616 0.109375 0.12259615384615384
7 0.8185096153846154 0.5973557692307693 0.23918269230769232 0.16346153846153846
14 0.8305288461538461 0.7908653846153846 0.1935096153846154 0.16826923076923078
12 0.7463942307692307 0.7283653846153846 0.18509615384615385 0.17668269230769232
12 0.6646634615384616 0.734375 0.18870192307692307 0.17668269230769232
12 0.6586538461538461 0.6502403846153846 0.10096153846153846 0.15144230769230768
7 0.5612980769230769 0.6838942307692307 0.15625 0.24278846153846154
16 0.4074519230769231 0.7415865384615384 0.1201923076923077 0.1310096153846154
7 0.3485576923076923 0.6766826923076923 0.14423076923076922 0.16826923076923078
7 0.23677884615384615 0.6887019230769231 0.11177884615384616 0.171875
16 0.31009615384615385 0.8100961538461539 0.11899038461538461 0.12620192307692307
14 0.44471153846153844 0.8774038461538461 0.18990384615384615 0.20072115384615385
14 0.640625 0.8617788461538461 0.17668269230769232 0.11778846153846154