16 0.15865384615384615 0.2403846153846154 0.15985576923076922 0.20072115384615385
16 0.13581730769230768 0.44471153846153844 0.18990384615384615 0.20793269230769232
16 0.6730769230769231 0.171875 0.20072115384615385 0.22115384615384615
16 0.4326923076923077 0.2512019230769231 0.2512019230769231 0.21033653846153846
16 0.2620192307692308 0.5132211538461539 0.17668269230769232 0.2403846153846154
2 0.29927884615384615 0.34375 0.16105769230769232 0.13341346153846154
2 0.44471153846153844 0.3737980769230769 0.15985576923076922 0.1346153846153846
2 0.4026442307692308 0.4879807692307692 0.15504807692307693 0.16346153846153846
10 0.8641826923076923 0.2548076923076923 0.2439903846153846 0.2860576923076923
1 0.7151442307692307 0.40024038461538464 0.20793269230769232 0.2512019230769231
2 0.5012019230769231 0.5504807692307693 0.18870192307692307 0.1875
16 0.17908653846153846 0.8485576923076923 0.2512019230769231 0.2704326923076923
0 0.40384615384615385 0.8353365384615384 0.2920673076923077 0.27403846153846156
0 0.44591346153846156 0.7512019230769231 0.2956730769230769 0.27283653846153844
0 0.5192307692307693 0.6935096153846154 0.28966346153846156 0.26802884615384615
5 0.6478365384615384 0.6334134615384616 0.18509615384615385 0.27884615384615385
5 0.8317307692307693 0.8173076923076923 0.19591346153846154 0.25600961538461536
13 0.8569711538461539 0.5588942307692307 0.2776442307692308 0.35096153846153844
1 0.6430288461538461 0.8834134615384616 0.17307692307692307 0.06850961538461539
1 0.6538461538461539 0.9230769230769231 0.17548076923076922 0.06490384615384616