5 0.7211538461538461 0.35697115384615385 0.4855769230769231 0.5516826923076923
5 0.33653846153846156 0.3269230769230769 0.48677884615384615 0.37259615384615385
2 0.8653846153846154 0.7439903846153846 0.109375 0.16105769230769232
0 0.7764423076923077 0.7451923076923077 0.10336538461538461 0.28846153846153844
5 0.5192307692307693 0.609375 0.28125 0.41586538461538464
0 0.359375 0.6346153846153846 0.08653846153846154 0.2860576923076923
0 0.24879807692307693 0.7019230769230769 0.15745192307692307 0.28365384615384615
4 0.15384615384615385 0.6466346153846154 0.2764423076923077 0.28846153846153844
0 0.2644230769230769 0.8834134615384616 0.1814903846153846 0.22956730769230768
2 0.37259615384615385 0.9290865384615384 0.15865384615384615 0.12139423076923077
4 0.640625 0.8882211538461539 0.24879807692307693 0.22355769230769232