11 0.8365384615384616 0.7800480769230769 0.15865384615384615 0.14302884615384615
10 0.6502403846153846 0.7800480769230769 0.2920673076923077 0.28365384615384615
1 0.7548076923076923 0.4206730769230769 0.2620192307692308 0.23317307692307693
4 0.8221153846153846 0.28125 0.13822115384615385 0.14302884615384615
14 0.765625 0.6081730769230769 0.24278846153846154 0.14182692307692307
6 0.4855769230769231 0.2512019230769231 0.3713942307692308 0.32211538461538464
11 0.27884615384615385 0.6634615384615384 0.15985576923076922 0.16706730769230768
8 0.33774038461538464 0.7920673076923077 0.07932692307692307 0.1310096153846154
11 0.40384615384615385 0.6370192307692307 0.15384615384615385 0.17668269230769232
6 0.29927884615384615 0.46153846153846156 0.24278846153846154 0.3088942307692308
4 0.6875 0.25961538461538464 0.13221153846153846 0.13822115384615385
4 0.47836538461538464 0.41346153846153844 0.13221153846153846 0.13822115384615385
1 0.6490384615384616 0.5180288461538461 0.18389423076923078 0.24278846153846154
10 0.5348557692307693 0.5745192307692307 0.22115384615384615 0.24879807692307693
8 0.46875 0.7451923076923077 0.08052884615384616 0.11057692307692307
11 0.8341346153846154 0.6706730769230769 0.15745192307692307 0.11298076923076923