16 0.30408653846153844 0.2980769230769231 0.23677884615384615 0.27524038461538464
16 0.5480769230769231 0.19230769230769232 0.26802884615384615 0.27884615384615385
16 0.7524038461538461 0.3076923076923077 0.26322115384615385 0.2824519230769231
0 0.4951923076923077 0.3161057692307692 0.17908653846153846 0.16706730769230768
7 0.6394230769230769 0.41947115384615385 0.20192307692307693 0.140625
7 0.46033653846153844 0.43509615384615385 0.20072115384615385 0.16346153846153846
0 0.3762019230769231 0.5180288461538461 0.18028846153846154 0.15504807692307693
1 0.25600961538461536 0.5192307692307693 0.14302884615384615 0.15625
1 0.359375 0.6045673076923077 0.14302884615384615 0.1346153846153846
1 0.3125 0.6670673076923077 0.15384615384615385 0.140625
15 0.23317307692307693 0.7668269230769231 0.3605769230769231 0.31971153846153844
1 0.6670673076923077 0.5240384615384616 0.18389423076923078 0.10576923076923077
3 0.53125 0.5540865384615384 0.19951923076923078 0.16105769230769232
3 0.5336538461538461 0.6237980769230769 0.21394230769230768 0.1346153846153846
1 0.5144230769230769 0.6694711538461539 0.19110576923076922 0.1141826923076923
3 0.7415865384615384 0.5576923076923077 0.17307692307692307 0.203125
15 0.859375 0.5300480769230769 0.2764423076923077 0.34134615384615385
15 0.5216346153846154 0.8617788461538461 0.3004807692307692 0.23197115384615385
6 0.7536057692307693 0.7908653846153846 0.3233173076923077 0.296875