13 0.3269230769230769 0.2644230769230769 0.3137019230769231 0.31850961538461536
16 0.4951923076923077 0.2091346153846154 0.21514423076923078 0.2668269230769231
7 0.6478365384615384 0.1971153846153846 0.21033653846153846 0.3004807692307692
16 0.8197115384615384 0.2800480769230769 0.23317307692307693 0.27163461538461536
1 0.6478365384615384 0.31490384615384615 0.12379807692307693 0.19591346153846154
3 0.78125 0.46153846153846156 0.14783653846153846 0.20432692307692307
7 0.6598557692307693 0.43509615384615385 0.18028846153846154 0.30408653846153844
0 0.5889423076923077 0.4639423076923077 0.1502403846153846 0.23557692307692307
0 0.47596153846153844 0.3894230769230769 0.12139423076923077 0.23798076923076922
11 0.38341346153846156 0.44591346153846156 0.0733173076923077 0.11899038461538461
12 0.4423076923076923 0.5276442307692307 0.16947115384615385 0.057692307692307696
0 0.4387019230769231 0.5913461538461539 0.234375 0.13701923076923078
5 0.19110576923076922 0.5120192307692307 0.3076923076923077 0.4423076923076923
1 0.109375 0.6394230769230769 0.15144230769230768 0.2091346153846154
3 0.24158653846153846 0.6442307692307693 0.13822115384615385 0.15865384615384615
3 0.28846153846153844 0.703125 0.19471153846153846 0.19230769230769232
11 0.30288461538461536 0.7956730769230769 0.09134615384615384 0.1310096153846154
11 0.38461538461538464 0.6959134615384616 0.07211538461538461 0.12740384615384615
6 0.5625 0.7788461538461539 0.36778846153846156 0.34975961538461536
6 0.7307692307692307 0.7127403846153846 0.3401442307692308 0.3137019230769231