5 0.7211538461538461 0.25841346153846156 0.4375 0.33774038461538464
5 0.38221153846153844 0.26322115384615385 0.3870192307692308 0.4879807692307692
9 0.5192307692307693 0.47716346153846156 0.15504807692307693 0.15865384615384615
9 0.4651442307692308 0.5600961538461539 0.19591346153846154 0.17548076923076922
13 0.22115384615384615 0.5480769230769231 0.25721153846153844 0.31850961538461536
2 0.4338942307692308 0.6658653846153846 0.18389423076923078 0.16826923076923078
9 0.25721153846153844 0.7908653846153846 0.1971153846153846 0.2091346153846154
9 0.40024038461538464 0.7848557692307693 0.15264423076923078 0.15745192307692307
9 0.5288461538461539 0.7788461538461539 0.1622596153846154 0.23197115384615385
15 0.7127403846153846 0.7668269230769231 0.16105769230769232 0.10096153846153846
15 0.7632211538461539 0.7367788461538461 0.16346153846153846 0.10576923076923077
9 0.9254807692307693 0.6286057692307693 0.14783653846153846 0.1466346153846154
7 0.8149038461538461 0.5637019230769231 0.10096153846153846 0.30649038461538464
7 0.7271634615384616 0.5552884615384616 0.09975961538461539 0.30528846153846156
7 0.640625 0.5685096153846154 0.10216346153846154 0.3016826923076923