10 0.3137019230769231 0.13581730769230768 0.22355769230769232 0.22115384615384615
10 0.12379807692307693 0.23317307692307693 0.20072115384615385 0.20192307692307693
10 0.1045673076923077 0.4014423076923077 0.20793269230769232 0.20192307692307693
11 0.1310096153846154 0.5709134615384616 0.18028846153846154 0.140625
11 0.0889423076923077 0.7163461538461539 0.140625 0.09254807692307693
7 0.32572115384615385 0.6610576923076923 0.18269230769230768 0.10817307692307693
1 0.3125 0.7548076923076923 0.18269230769230768 0.08173076923076923
1 0.4026442307692308 0.7163461538461539 0.18269230769230768 0.06009615384615385
7 0.5264423076923077 0.6706730769230769 0.16947115384615385 0.10697115384615384
1 0.48197115384615385 0.765625 0.17668269230769232 0.10216346153846154
1 0.48677884615384615 0.828125 0.15384615384615385 0.054086538461538464
11 0.6610576923076923 0.7463942307692307 0.12980769230769232 0.09735576923076923
7 0.6983173076923077 0.6790865384615384 0.17548076923076922 0.11057692307692307
11 0.5673076923076923 0.5793269230769231 0.1658653846153846 0.12139423076923077
6 0.796875 0.4699519230769231 0.26802884615384615 0.33533653846153844
6 0.5865384615384616 0.35336538461538464 0.25721153846153844 0.3485576923076923
11 0.3641826923076923 0.36899038461538464 0.17307692307692307 0.16947115384615385