9 0.65625 0.8701923076923077 0.15144230769230768 0.1622596153846154
5 0.8064903846153846 0.6394230769230769 0.3858173076923077 0.47716346153846156
10 0.5456730769230769 0.6730769230769231 0.19591346153846154 0.1971153846153846
4 0.39663461538461536 0.7439903846153846 0.25240384615384615 0.2932692307692308
11 0.2512019230769231 0.7692307692307693 0.0985576923076923 0.1310096153846154
9 0.3173076923076923 0.5745192307692307 0.15625 0.15264423076923078
9 0.18269230769230768 0.6310096153846154 0.16947115384615385 0.15504807692307693
10 0.19831730769230768 0.46634615384615385 0.16706730769230768 0.18629807692307693
4 0.6466346153846154 0.4579326923076923 0.2848557692307692 0.27524038461538464
2 0.48197115384615385 0.4326923076923077 0.11538461538461539 0.1935096153846154
15 0.24278846153846154 0.31009615384615385 0.09495192307692307 0.11658653846153846
15 0.20192307692307693 0.21875 0.07572115384615384 0.12139423076923077
15 0.1346153846153846 0.1935096153846154 0.078125 0.12860576923076922
6 0.390625 0.24879807692307693 0.19471153846153846 0.3076923076923077
5 0.7307692307692307 0.18269230769230768 0.45072115384615385 0.32211538461538464