4 0.2127403846153846 0.30649038461538464 0.17908653846153846 0.2403846153846154
16 0.38341346153846156 0.2800480769230769 0.11658653846153846 0.10216346153846154
16 0.3473557692307692 0.3425480769230769 0.11778846153846154 0.10216346153846154
12 0.4651442307692308 0.40865384615384615 0.07692307692307693 0.17307692307692307
12 0.4891826923076923 0.3329326923076923 0.10216346153846154 0.16706730769230768
12 0.5180288461538461 0.3004807692307692 0.09375 0.17307692307692307
7 0.6021634615384616 0.3473557692307692 0.09495192307692307 0.30528846153846156
11 0.6899038461538461 0.3293269230769231 0.09495192307692307 0.1502403846153846
7 0.8533653846153846 0.5348557692307693 0.1622596153846154 0.23798076923076922
7 0.7463942307692307 0.5336538461538461 0.14543269230769232 0.24278846153846154
0 0.6418269230769231 0.5432692307692307 0.1045673076923077 0.28966346153846156
0 0.5 0.5420673076923077 0.13341346153846154 0.28725961538461536
7 0.15865384615384615 0.5516826923076923 0.11538461538461539 0.24519230769230768
14 0.30408653846153844 0.49038461538461536 0.1658653846153846 0.234375
14 0.36899038461538464 0.5180288461538461 0.125 0.2439903846153846
2 0.3545673076923077 0.7524038461538461 0.1971153846153846 0.10697115384615384
4 0.5865384615384616 0.8004807692307693 0.25 0.25600961538461536
2 0.7211538461538461 0.7560096153846154 0.14423076923076922 0.18990384615384615