15 0.5769230769230769 0.3161057692307692 0.18870192307692307 0.19951923076923078
0 0.3004807692307692 0.3701923076923077 0.1201923076923077 0.23798076923076922
10 0.14423076923076922 0.5060096153846154 0.21153846153846154 0.24519230769230768
0 0.32211538461538464 0.5925480769230769 0.21754807692307693 0.1935096153846154
11 0.4651442307692308 0.6069711538461539 0.1622596153846154 0.140625
8 0.13581730769230768 0.6959134615384616 0.12259615384615384 0.12139423076923077
8 0.36778846153846156 0.7211538461538461 0.11778846153846154 0.11298076923076923
8 0.13701923076923078 0.8509615384615384 0.08653846153846154 0.11177884615384616
3 0.2668269230769231 0.890625 0.20552884615384615 0.11538461538461539
15 0.44471153846153844 0.8245192307692307 0.16826923076923078 0.18629807692307693
10 0.6598557692307693 0.7980769230769231 0.25841346153846156 0.22596153846153846
10 0.7295673076923077 0.5372596153846154 0.21995192307692307 0.20072115384615385