4 0.671875 0.26802884615384615 0.15985576923076922 0.23076923076923078
4 0.40625 0.31850961538461536 0.2247596153846154 0.15625
4 0.203125 0.3918269230769231 0.24278846153846154 0.21394230769230768
16 0.6033653846153846 0.4483173076923077 0.11177884615384616 0.08774038461538461
15 0.6730769230769231 0.4543269230769231 0.3161057692307692 0.17067307692307693
7 0.6490384615384616 0.5420673076923077 0.32211538461538464 0.13581730769230768
15 0.47596153846153844 0.4423076923076923 0.32572115384615385 0.23317307692307693
15 0.3016826923076923 0.6430288461538461 0.23798076923076922 0.3701923076923077
7 0.32091346153846156 0.5757211538461539 0.3245192307692308 0.09975961538461539
12 0.5444711538461539 0.5997596153846154 0.12620192307692307 0.08653846153846154
12 0.43509615384615385 0.6334134615384616 0.125 0.1045673076923077
9 0.5865384615384616 0.7151442307692307 0.38822115384615385 0.3329326923076923