13 0.19831730769230768 0.28365384615384615 0.2608173076923077 0.359375
14 0.3786057692307692 0.35096153846153844 0.21634615384615385 0.25
14 0.5060096153846154 0.18870192307692307 0.27283653846153844 0.2848557692307692
14 0.35096153846153844 0.5528846153846154 0.24639423076923078 0.2692307692307692
12 0.5024038461538461 0.41225961538461536 0.09975961538461539 0.19230769230769232
12 0.4699519230769231 0.5348557692307693 0.11298076923076923 0.1814903846153846
12 0.6045673076923077 0.3918269230769231 0.140625 0.15144230769230768
13 0.7980769230769231 0.3245192307692308 0.3629807692307692 0.3473557692307692
2 0.59375 0.5264423076923077 0.20552884615384615 0.18269230769230768
13 0.8641826923076923 0.5432692307692307 0.24879807692307693 0.33413461538461536
2 0.6538461538461539 0.7055288461538461 0.14783653846153846 0.20432692307692307
2 0.41346153846153844 0.7692307692307693 0.13341346153846154 0.20192307692307693
16 0.7884615384615384 0.7884615384615384 0.2512019230769231 0.2800480769230769
13 0.53125 0.7403846153846154 0.23317307692307693 0.27283653846153844
15 0.054086538461538464 0.6225961538461539 0.10697115384615384 0.14182692307692307
3 0.09375 0.7103365384615384 0.17668269230769232 0.16346153846153846
3 0.13221153846153846 0.7680288461538461 0.18269230769230768 0.12620192307692307
16 0.27524038461538464 0.8161057692307693 0.15625 0.2247596153846154