13 0.6141826923076923 0.21394230769230768 0.33653846153846156 0.32211538461538464
13 0.8401442307692307 0.4050480769230769 0.2776442307692308 0.3293269230769231
2 0.46274038461538464 0.3798076923076923 0.11298076923076923 0.0733173076923077
14 0.36538461538461536 0.47475961538461536 0.11778846153846154 0.3581730769230769
2 0.2512019230769231 0.42427884615384615 0.15625 0.1502403846153846
14 0.5552884615384616 0.4735576923076923 0.11298076923076923 0.3449519230769231
2 0.6875 0.47716346153846156 0.16346153846153846 0.15745192307692307
2 0.6382211538461539 0.6213942307692307 0.14302884615384615 0.16826923076923078
2 0.5769230769230769 0.7007211538461539 0.14182692307692307 0.12379807692307693
14 0.44350961538461536 0.6033653846153846 0.11538461538461539 0.24158653846153846
15 0.28125 0.5288461538461539 0.13701923076923078 0.09735576923076923
6 0.24759615384615385 0.6502403846153846 0.3401442307692308 0.28725961538461536
14 0.5384615384615384 0.8028846153846154 0.36538461538461536 0.11658653846153846
15 0.4855769230769231 0.6213942307692307 0.06490384615384616 0.13221153846153846