13 0.29927884615384615 0.296875 0.29086538461538464 0.34615384615384615
14 0.5144230769230769 0.18028846153846154 0.25 0.23918269230769232
14 0.6670673076923077 0.2283653846153846 0.24879807692307693 0.265625
3 0.8461538461538461 0.18629807692307693 0.10096153846153846 0.17067307692307693
6 0.8052884615384616 0.40024038461538464 0.22355769230769232 0.2956730769230769
6 0.5360576923076923 0.3401442307692308 0.3137019230769231 0.1935096153846154
6 0.41586538461538464 0.4699519230769231 0.3449519230769231 0.3485576923076923
5 0.2824519230769231 0.5372596153846154 0.515625 0.38100961538461536
13 0.6466346153846154 0.5540865384615384 0.29447115384615385 0.33533653846153844
6 0.7283653846153846 0.6610576923076923 0.2848557692307692 0.3269230769230769
16 0.9110576923076923 0.5877403846153846 0.1310096153846154 0.09975961538461539
7 0.5132211538461539 0.6201923076923077 0.15985576923076922 0.171875
7 0.4110576923076923 0.7007211538461539 0.14182692307692307 0.1658653846153846
13 0.21394230769230768 0.7596153846153846 0.3581730769230769 0.3485576923076923
14 0.5516826923076923 0.7932692307692307 0.25600961538461536 0.20793269230769232