16 0.6346153846153846 0.8473557692307693 0.1971153846153846 0.16826923076923078
13 0.8257211538461539 0.6045673076923077 0.34615384615384615 0.36899038461538464
7 0.5288461538461539 0.6586538461538461 0.11778846153846154 0.30649038461538464
9 0.3401442307692308 0.7355769230769231 0.18269230769230768 0.22235576923076922
4 0.18629807692307693 0.7391826923076923 0.16706730769230768 0.16826923076923078
1 0.36658653846153844 0.6117788461538461 0.12139423076923077 0.13822115384615385
1 0.44591346153846156 0.5096153846153846 0.08533653846153846 0.1502403846153846
1 0.5384615384615384 0.4206730769230769 0.10817307692307693 0.13822115384615385
4 0.6502403846153846 0.36177884615384615 0.15384615384615385 0.14903846153846154
9 0.5072115384615384 0.2644230769230769 0.1622596153846154 0.21875
7 0.28125 0.47596153846153844 0.18269230769230768 0.296875
11 0.30288461538461536 0.2091346153846154 0.16105769230769232 0.11778846153846154
0 0.25240384615384615 0.32572115384615385 0.10697115384615384 0.17427884615384615
11 0.14543269230769232 0.28365384615384615 0.11899038461538461 0.16947115384615385