3 0.6766826923076923 0.8137019230769231 0.20793269230769232 0.09495192307692307
14 0.7139423076923077 0.7127403846153846 0.18389423076923078 0.13221153846153846
16 0.7908653846153846 0.4987980769230769 0.2776442307692308 0.29086538461538464
14 0.5 0.7427884615384616 0.19591346153846154 0.1658653846153846
14 0.5516826923076923 0.6334134615384616 0.19471153846153846 0.17427884615384615
0 0.5853365384615384 0.5276442307692307 0.13942307692307693 0.16826923076923078
10 0.32211538461538464 0.6850961538461539 0.2920673076923077 0.28365384615384615
16 0.3762019230769231 0.5072115384615384 0.2800480769230769 0.2127403846153846
9 0.578125 0.4014423076923077 0.21754807692307693 0.16947115384615385
7 0.6286057692307693 0.32572115384615385 0.24278846153846154 0.13701923076923078
9 0.7259615384615384 0.23557692307692307 0.21514423076923078 0.19110576923076922
3 0.828125 0.18028846153846154 0.17067307692307693 0.20072115384615385
0 0.39783653846153844 0.3557692307692308 0.1622596153846154 0.15144230769230768
8 0.4074519230769231 0.2283653846153846 0.10096153846153846 0.13701923076923078