16 0.15985576923076922 0.13581730769230768 0.24759615384615385 0.2536057692307692
1 0.5360576923076923 0.18509615384615385 0.08533653846153846 0.12980769230769232
7 0.45072115384615385 0.30288461538461536 0.15745192307692307 0.19831730769230768
7 0.7439903846153846 0.171875 0.19471153846153846 0.1502403846153846
16 0.6105769230769231 0.1310096153846154 0.19471153846153846 0.23557692307692307
16 0.8197115384615384 0.17668269230769232 0.2283653846153846 0.25
5 0.3762019230769231 0.18629807692307693 0.3918269230769231 0.27403846153846156
9 0.6935096153846154 0.34134615384615385 0.36899038461538464 0.2848557692307692
15 0.8473557692307693 0.4699519230769231 0.07451923076923077 0.1346153846153846
5 0.3173076923076923 0.4110576923076923 0.49278846153846156 0.515625
9 0.5348557692307693 0.4483173076923077 0.328125 0.3894230769230769
7 0.4182692307692308 0.6538461538461539 0.17307692307692307 0.13221153846153846
9 0.22115384615384615 0.5913461538461539 0.29447115384615385 0.3269230769230769
5 0.20072115384615385 0.7127403846153846 0.33774038461538464 0.34615384615384615
6 0.45072115384615385 0.8112980769230769 0.29447115384615385 0.2644230769230769
5 0.6610576923076923 0.5913461538461539 0.40625 0.3004807692307692
5 0.6670673076923077 0.7620192307692307 0.3713942307692308 0.22355769230769232
1 0.6995192307692307 0.8810096153846154 0.12620192307692307 0.10336538461538461
1 0.8822115384615384 0.6225961538461539 0.06490384615384616 0.12980769230769232
15 0.8786057692307693 0.7800480769230769 0.06971153846153846 0.1346153846153846