13 0.12980769230769232 0.3317307692307692 0.2536057692307692 0.3425480769230769
4 0.38822115384615385 0.3088942307692308 0.20793269230769232 0.15264423076923078
16 0.5516826923076923 0.2704326923076923 0.16826923076923078 0.24519230769230768
16 0.7043269230769231 0.4170673076923077 0.2091346153846154 0.2620192307692308
16 0.359375 0.4098557692307692 0.11538461538461539 0.08653846153846154
16 0.5396634615384616 0.41466346153846156 0.10817307692307693 0.0829326923076923
16 0.3485576923076923 0.4855769230769231 0.1141826923076923 0.09134615384615384
3 0.4963942307692308 0.48197115384615385 0.19110576923076922 0.12259615384615384
0 0.15985576923076922 0.640625 0.19831730769230768 0.23677884615384615
12 0.40625 0.6117788461538461 0.31850961538461536 0.13341346153846154
8 0.3245192307692308 0.6706730769230769 0.125 0.09014423076923077
8 0.6153846153846154 0.6514423076923077 0.11778846153846154 0.08653846153846154
12 0.7139423076923077 0.609375 0.29927884615384615 0.22716346153846154
3 0.43509615384615385 0.7415865384615384 0.2127403846153846 0.09495192307692307
3 0.546875 0.8665865384615384 0.19591346153846154 0.17427884615384615