7 0.6778846153846154 0.32091346153846156 0.11658653846153846 0.3317307692307692
3 0.8161057692307693 0.515625 0.1502403846153846 0.1971153846153846
3 0.7956730769230769 0.6598557692307693 0.18269230769230768 0.1658653846153846
3 0.8245192307692307 0.7560096153846154 0.18870192307692307 0.15625
11 0.6706730769230769 0.7127403846153846 0.08173076923076923 0.12379807692307693
11 0.5576923076923077 0.6442307692307693 0.12620192307692307 0.12620192307692307
11 0.5396634615384616 0.5048076923076923 0.09254807692307693 0.12860576923076922
8 0.6730769230769231 0.5120192307692307 0.11298076923076923 0.07932692307692307
6 0.34375 0.7067307692307693 0.390625 0.36899038461538464
6 0.5036057692307693 0.25 0.29086538461538464 0.35096153846153844
6 0.30528846153846156 0.328125 0.2824519230769231 0.359375