10 0.39302884615384615 0.39783653846153844 0.1346153846153846 0.16947115384615385
7 0.28846153846153844 0.5612980769230769 0.19110576923076922 0.21875
1 0.5661057692307693 0.7307692307692307 0.14182692307692307 0.051682692307692304
1 0.5480769230769231 0.7668269230769231 0.14543269230769232 0.06009615384615385
5 0.7692307692307693 0.36899038461538464 0.3233173076923077 0.44591346153846156
14 0.5901442307692307 0.46153846153846156 0.078125 0.2403846153846154
10 0.515625 0.25 0.16826923076923078 0.1502403846153846
14 0.4675480769230769 0.4338942307692308 0.12379807692307693 0.23557692307692307
14 0.5252403846153846 0.4579326923076923 0.11177884615384616 0.24158653846153846
7 0.6165865384615384 0.6346153846153846 0.24519230769230768 0.12860576923076922
7 0.4387019230769231 0.6141826923076923 0.18629807692307693 0.22596153846153846