1 0.5540865384615384 0.21394230769230768 0.09735576923076923 0.1346153846153846
16 0.5805288461538461 0.38221153846153844 0.2956730769230769 0.22596153846153846
16 0.7716346153846154 0.27283653846153844 0.22956730769230768 0.3076923076923077
4 0.2608173076923077 0.36538461538461536 0.203125 0.10216346153846154
4 0.3329326923076923 0.4879807692307692 0.1045673076923077 0.19110576923076922
1 0.25 0.5096153846153846 0.054086538461538464 0.14182692307692307
1 0.42788461538461536 0.6225961538461539 0.11899038461538461 0.1201923076923077
10 0.7043269230769231 0.5949519230769231 0.24639423076923078 0.23557692307692307
1 0.5192307692307693 0.6923076923076923 0.11899038461538461 0.19110576923076922
4 0.42788461538461536 0.7824519230769231 0.19230769230769232 0.16706730769230768
10 0.6742788461538461 0.7896634615384616 0.22355769230769232 0.20552884615384615