16 0.20793269230769232 0.23798076923076922 0.18269230769230768 0.3016826923076923
0 0.4110576923076923 0.2247596153846154 0.11177884615384616 0.23798076923076922
16 0.5180288461538461 0.27403846153846156 0.20192307692307693 0.30528846153846156
0 0.6370192307692307 0.2932692307692308 0.11057692307692307 0.23557692307692307
4 0.7439903846153846 0.31850961538461536 0.1658653846153846 0.22596153846153846
9 0.8617788461538461 0.3894230769230769 0.15504807692307693 0.20072115384615385
4 0.19471153846153846 0.5661057692307693 0.17307692307692307 0.23557692307692307
0 0.3161057692307692 0.5036057692307693 0.11899038461538461 0.234375
9 0.40865384615384615 0.4879807692307692 0.11298076923076923 0.18990384615384615
9 0.6201923076923077 0.49038461538461536 0.19591346153846154 0.16706730769230768
10 0.4483173076923077 0.6622596153846154 0.203125 0.18990384615384615
12 0.578125 0.6394230769230769 0.1346153846153846 0.25
4 0.29927884615384615 0.8221153846153846 0.21875 0.23798076923076922
10 0.5 0.7692307692307693 0.1971153846153846 0.16706730769230768
10 0.7055288461538461 0.7079326923076923 0.1814903846153846 0.20432692307692307
2 0.7463942307692307 0.8533653846153846 0.1658653846153846 0.1622596153846154