4 0.7271634615384616 0.33052884615384615 0.23317307692307693 0.20192307692307693
11 0.8389423076923077 0.5048076923076923 0.10576923076923077 0.171875
14 0.8064903846153846 0.6995192307692307 0.2247596153846154 0.203125
10 0.5853365384615384 0.6610576923076923 0.14903846153846154 0.18990384615384615
2 0.6033653846153846 0.4831730769230769 0.09615384615384616 0.15625
2 0.5180288461538461 0.5036057692307693 0.1045673076923077 0.17908653846153846
6 0.5733173076923077 0.29447115384615385 0.296875 0.2512019230769231
10 0.33653846153846156 0.7632211538461539 0.24759615384615385 0.23918269230769232
6 0.3605769230769231 0.3545673076923077 0.33413461538461536 0.2403846153846154
6 0.2620192307692308 0.6021634615384616 0.2800480769230769 0.30288461538461536
2 0.42908653846153844 0.5528846153846154 0.09975961538461539 0.16105769230769232
2 0.49399038461538464 0.7055288461538461 0.11658653846153846 0.1622596153846154
10 0.5204326923076923 0.8509615384615384 0.23076923076923078 0.1814903846153846
11 0.6766826923076923 0.7752403846153846 0.11538461538461539 0.16346153846153846
4 0.7067307692307693 0.5240384615384616 0.14182692307692307 0.2283653846153846