13 0.6069711538461539 0.20072115384615385 0.2980769230769231 0.25240384615384615
13 0.3473557692307692 0.24639423076923078 0.3245192307692308 0.30528846153846156
13 0.21995192307692307 0.46875 0.36899038461538464 0.34975961538461536
16 0.8329326923076923 0.24158653846153846 0.16706730769230768 0.19471153846153846
16 0.796875 0.40865384615384615 0.21153846153846154 0.14543269230769232
16 0.6033653846153846 0.41225961538461536 0.21514423076923078 0.18509615384615385
0 0.59375 0.5048076923076923 0.28365384615384615 0.12379807692307693
0 0.5144230769230769 0.5625 0.2848557692307692 0.12860576923076922
0 0.49278846153846156 0.6382211538461539 0.28365384615384615 0.1310096153846154
12 0.31490384615384615 0.65625 0.2091346153846154 0.10576923076923077
12 0.3701923076923077 0.7211538461538461 0.2091346153846154 0.10336538461538461
11 0.21153846153846154 0.7115384615384616 0.16346153846153846 0.17307692307692307
15 0.3329326923076923 0.8076923076923077 0.23557692307692307 0.18870192307692307
10 0.5444711538461539 0.84375 0.23317307692307693 0.20432692307692307
11 0.7355769230769231 0.8305288461538461 0.17427884615384615 0.16826923076923078
11 0.5697115384615384 0.7247596153846154 0.1971153846153846 0.07451923076923077
12 0.7548076923076923 0.5925480769230769 0.28846153846153844 0.23076923076923078
12 0.8004807692307693 0.6454326923076923 0.28846153846153844 0.23076923076923078
12 0.8569711538461539 0.6875 0.2848557692307692 0.23798076923076922