6 0.16105769230769232 0.21153846153846154 0.27884615384615385 0.3581730769230769
14 0.40625 0.16947115384615385 0.19230769230769232 0.21394230769230768
6 0.1658653846153846 0.4362980769230769 0.3317307692307692 0.26802884615384615
6 0.3942307692307692 0.4050480769230769 0.2776442307692308 0.3329326923076923
6 0.6442307692307693 0.21634615384615385 0.3317307692307692 0.3954326923076923
9 0.5216346153846154 0.44711538461538464 0.18269230769230768 0.19951923076923078
4 0.7043269230769231 0.4579326923076923 0.23918269230769232 0.13942307692307693
4 0.5985576923076923 0.5805288461538461 0.24639423076923078 0.171875
0 0.3605769230769231 0.6526442307692307 0.24158653846153846 0.15264423076923078
14 0.13341346153846154 0.625 0.234375 0.19951923076923078
11 0.13822115384615385 0.7355769230769231 0.13942307692307693 0.09254807692307693
11 0.07932692307692307 0.8137019230769231 0.13942307692307693 0.09375
6 0.35697115384615385 0.8004807692307693 0.35697115384615385 0.328125
9 0.5685096153846154 0.7175480769230769 0.23076923076923078 0.23076923076923078
1 0.6346153846153846 0.8870192307692307 0.1502403846153846 0.11778846153846154
1 0.7331730769230769 0.84375 0.11538461538461539 0.14903846153846154
1 0.8305288461538461 0.7163461538461539 0.078125 0.15745192307692307