5 0.3485576923076923 0.24639423076923078 0.48677884615384615 0.40024038461538464
5 0.3125 0.5036057692307693 0.375 0.4074519230769231
5 0.5625 0.38221153846153844 0.3473557692307692 0.4855769230769231
16 0.7295673076923077 0.27283653846153844 0.19471153846153846 0.29927884615384615
2 0.14182692307692307 0.5360576923076923 0.12740384615384615 0.19471153846153846
10 0.14423076923076922 0.7776442307692307 0.22235576923076922 0.21033653846153846
16 0.4495192307692308 0.7367788461538461 0.28846153846153844 0.20552884615384615
16 0.6057692307692307 0.6682692307692307 0.0985576923076923 0.11298076923076923
2 0.7019230769230769 0.6490384615384616 0.12139423076923077 0.1971153846153846
8 0.6454326923076923 0.7824519230769231 0.1141826923076923 0.11298076923076923
8 0.7980769230769231 0.7475961538461539 0.0985576923076923 0.12379807692307693
10 0.8269230769230769 0.49399038461538464 0.21634615384615385 0.203125
8 0.8521634615384616 0.6742788461538461 0.0733173076923077 0.0889423076923077
8 0.9050480769230769 0.7319711538461539 0.08052884615384616 0.07932692307692307