2 0.1045673076923077 0.4375 0.1346153846153846 0.16706730769230768
2 0.22235576923076922 0.43028846153846156 0.10096153846153846 0.16105769230769232
2 0.31971153846153844 0.43028846153846156 0.1310096153846154 0.18509615384615385
12 0.3954326923076923 0.4387019230769231 0.08774038461538461 0.14543269230769232
15 0.49038461538461536 0.4170673076923077 0.15745192307692307 0.19591346153846154
15 0.5733173076923077 0.4951923076923077 0.1778846153846154 0.18509615384615385
12 0.7199519230769231 0.5252403846153846 0.1502403846153846 0.09254807692307693
2 0.17908653846153846 0.5504807692307693 0.09014423076923077 0.11298076923076923
2 0.2668269230769231 0.5552884615384616 0.10096153846153846 0.1201923076923077
8 0.203125 0.6334134615384616 0.08052884615384616 0.09134615384615384
0 0.375 0.5865384615384616 0.2536057692307692 0.22115384615384615
0 0.40384615384615385 0.6622596153846154 0.24879807692307693 0.22355769230769232
10 0.5817307692307693 0.6646634615384616 0.21514423076923078 0.25721153846153844
8 0.6995192307692307 0.7283653846153846 0.11538461538461539 0.125
10 0.48677884615384615 0.8449519230769231 0.26802884615384615 0.22235576923076922
8 0.28125 0.7896634615384616 0.11658653846153846 0.12379807692307693
12 0.22596153846153846 0.75 0.13822115384615385 0.14423076923076922
2 0.11177884615384616 0.734375 0.11177884615384616 0.1622596153846154
4 0.13822115384615385 0.8786057692307693 0.2127403846153846 0.15985576923076922