5 0.3425480769230769 0.29927884615384615 0.4362980769230769 0.29927884615384615
6 0.5336538461538461 0.2644230769230769 0.2644230769230769 0.3389423076923077
7 0.6790865384615384 0.28846153846153844 0.14302884615384615 0.328125
3 0.8052884615384616 0.19951923076923078 0.18028846153846154 0.1346153846153846
6 0.7788461538461539 0.30288461538461536 0.2247596153846154 0.2776442307692308
3 0.9290865384615384 0.3329326923076923 0.09975961538461539 0.1971153846153846
8 0.8689903846153846 0.5120192307692307 0.0889423076923077 0.109375
1 0.7259615384615384 0.4879807692307692 0.11177884615384616 0.13221153846153846
16 0.5204326923076923 0.5649038461538461 0.2932692307692308 0.2860576923076923
16 0.2548076923076923 0.5432692307692307 0.3004807692307692 0.20552884615384615
8 0.15985576923076922 0.6838942307692307 0.08413461538461539 0.10697115384615384
3 0.22596153846153846 0.7259615384615384 0.09014423076923077 0.18389423076923078
3 0.3641826923076923 0.7379807692307693 0.12620192307692307 0.19951923076923078
3 0.2776442307692308 0.7091346153846154 0.0829326923076923 0.18509615384615385
10 0.5264423076923077 0.7728365384615384 0.23798076923076922 0.24759615384615385
7 0.7536057692307693 0.6141826923076923 0.3317307692307692 0.10817307692307693
1 0.7295673076923077 0.7055288461538461 0.12379807692307693 0.08533653846153846
8 0.8990384615384616 0.7367788461538461 0.11177884615384616 0.08653846153846154