16 0.32091346153846156 0.4050480769230769 0.16947115384615385 0.20793269230769232
16 0.44471153846153844 0.5673076923076923 0.20432692307692307 0.234375
16 0.59375 0.45552884615384615 0.21394230769230768 0.1622596153846154
14 0.5048076923076923 0.31971153846153844 0.2091346153846154 0.20552884615384615
14 0.7584134615384616 0.4014423076923077 0.14903846153846154 0.19831730769230768
14 0.8197115384615384 0.6105769230769231 0.2439903846153846 0.19951923076923078
3 0.6862980769230769 0.5384615384615384 0.19831730769230768 0.1201923076923077
1 0.25841346153846156 0.6117788461538461 0.1622596153846154 0.2439903846153846
8 0.49759615384615385 0.6947115384615384 0.09615384615384616 0.11177884615384616
8 0.6706730769230769 0.7259615384615384 0.10817307692307693 0.11778846153846154
8 0.7307692307692307 0.6983173076923077 0.1141826923076923 0.11298076923076923
1 0.6129807692307693 0.7932692307692307 0.23557692307692307 0.19471153846153846