10 0.7836538461538461 0.7728365384615384 0.2824519230769231 0.265625
10 0.5637019230769231 0.7824519230769231 0.2512019230769231 0.23677884615384615
10 0.38822115384615385 0.8052884615384616 0.234375 0.25
13 0.7584134615384616 0.5360576923076923 0.3545673076923077 0.33413461538461536
13 0.5012019230769231 0.5180288461538461 0.28725961538461536 0.3269230769230769
9 0.12620192307692307 0.8557692307692307 0.1935096153846154 0.14783653846153846
3 0.15384615384615385 0.7776442307692307 0.1875 0.12740384615384615
3 0.171875 0.7163461538461539 0.19831730769230768 0.1346153846153846
13 0.28725961538461536 0.5204326923076923 0.3016826923076923 0.34375
4 0.6225961538461539 0.23918269230769232 0.1466346153846154 0.2776442307692308
0 0.5336538461538461 0.2608173076923077 0.11658653846153846 0.2403846153846154
4 0.45552884615384615 0.23197115384615385 0.17427884615384615 0.2848557692307692
13 0.11778846153846154 0.4795673076923077 0.22596153846153846 0.35697115384615385
5 0.27524038461538464 0.19951923076923078 0.35697115384615385 0.3954326923076923
5 0.8221153846153846 0.25841346153846156 0.35096153846153844 0.4423076923076923