14 0.2692307692307692 0.4182692307692308 0.23677884615384615 0.2620192307692308
8 0.15625 0.49038461538461536 0.0829326923076923 0.12620192307692307
13 0.3786057692307692 0.25 0.31850961538461536 0.37740384615384615
13 0.6682692307692307 0.35096153846153844 0.34615384615384615 0.32091346153846156
8 0.875 0.32572115384615385 0.140625 0.11057692307692307
14 0.24759615384615385 0.6610576923076923 0.22956730769230768 0.234375
6 0.5432692307692307 0.6225961538461539 0.21754807692307693 0.23076923076923078
14 0.3858173076923077 0.6117788461538461 0.1935096153846154 0.21634615384615385
7 0.48677884615384615 0.4639423076923077 0.3112980769230769 0.1814903846153846
15 0.38100961538461536 0.8149038461538461 0.24519230769230768 0.18509615384615385
8 0.6730769230769231 0.5480769230769231 0.06971153846153846 0.07932692307692307
15 0.6838942307692307 0.7560096153846154 0.20552884615384615 0.26802884615384615
15 0.8125 0.5372596153846154 0.15745192307692307 0.23798076923076922
1 0.71875 0.5588942307692307 0.09495192307692307 0.14302884615384615
1 0.8966346153846154 0.625 0.04807692307692308 0.15504807692307693
8 0.8353365384615384 0.8401442307692307 0.1141826923076923 0.140625