13 0.3737980769230769 0.15384615384615385 0.3233173076923077 0.22235576923076922
13 0.6526442307692307 0.22596153846153846 0.32572115384615385 0.234375
13 0.8088942307692307 0.40024038461538464 0.31009615384615385 0.3125
13 0.8076923076923077 0.6610576923076923 0.2932692307692308 0.3112980769230769
1 0.7019230769230769 0.84375 0.12980769230769232 0.078125
14 0.4411057692307692 0.8353365384615384 0.3605769230769231 0.12620192307692307
14 0.6358173076923077 0.7596153846153846 0.1971153846153846 0.22596153846153846
11 0.5516826923076923 0.7163461538461539 0.11899038461538461 0.1346153846153846
11 0.640625 0.6141826923076923 0.125 0.09375
14 0.40384615384615385 0.6899038461538461 0.17668269230769232 0.1875
9 0.5096153846153846 0.609375 0.18269230769230768 0.18629807692307693
9 0.625 0.46033653846153844 0.13822115384615385 0.18269230769230768
4 0.3918269230769231 0.5805288461538461 0.20192307692307693 0.16947115384615385
4 0.46875 0.47716346153846156 0.18509615384615385 0.16706730769230768
4 0.53125 0.37740384615384615 0.1778846153846154 0.14423076923076922
14 0.22235576923076922 0.5973557692307693 0.2644230769230769 0.3112980769230769
13 0.28966346153846156 0.3954326923076923 0.3858173076923077 0.3713942307692308