2 0.09254807692307693 0.29447115384615385 0.09495192307692307 0.1201923076923077
0 0.18269230769230768 0.265625 0.09375 0.2403846153846154
0 0.27403846153846156 0.28966346153846156 0.09375 0.23557692307692307
0 0.36177884615384615 0.2776442307692308 0.09254807692307693 0.234375
6 0.5072115384615384 0.24759615384615385 0.2620192307692308 0.3329326923076923
6 0.765625 0.23197115384615385 0.28365384615384615 0.37259615384615385
6 0.203125 0.4855769230769231 0.296875 0.21153846153846154
10 0.4326923076923077 0.4675480769230769 0.18028846153846154 0.15384615384615385
10 0.5805288461538461 0.5228365384615384 0.18028846153846154 0.203125
2 0.75 0.47836538461538464 0.17427884615384615 0.17427884615384615
2 0.8521634615384616 0.5949519230769231 0.16947115384615385 0.15865384615384615
2 0.4338942307692308 0.5913461538461539 0.13221153846153846 0.13701923076923078
4 0.2776442307692308 0.6694711538461539 0.20432692307692307 0.16105769230769232
12 0.40625 0.7560096153846154 0.10336538461538461 0.13701923076923078
12 0.6105769230769231 0.7355769230769231 0.0889423076923077 0.13341346153846154