16 0.7896634615384616 0.3233173076923077 0.22956730769230768 0.25961538461538464
16 0.6009615384615384 0.2668269230769231 0.20192307692307693 0.25721153846153844
16 0.359375 0.27524038461538464 0.25 0.20432692307692307
15 0.8341346153846154 0.53125 0.16105769230769232 0.23798076923076922
15 0.703125 0.6778846153846154 0.22596153846153846 0.2512019230769231
1 0.8161057692307693 0.7463942307692307 0.2403846153846154 0.234375
8 0.6694711538461539 0.5841346153846154 0.11538461538461539 0.07692307692307693
10 0.5769230769230769 0.4807692307692308 0.17307692307692307 0.14302884615384615
10 0.4326923076923077 0.44350961538461536 0.171875 0.13942307692307693
10 0.53125 0.6021634615384616 0.171875 0.14903846153846154
2 0.4170673076923077 0.5877403846153846 0.09254807692307693 0.12620192307692307
2 0.49399038461538464 0.6995192307692307 0.12740384615384615 0.13341346153846154
16 0.5949519230769231 0.8137019230769231 0.11538461538461539 0.12259615384615384
15 0.4050480769230769 0.8197115384615384 0.265625 0.19110576923076922
7 0.28125 0.6610576923076923 0.19110576923076922 0.08774038461538461
7 0.30408653846153844 0.45072115384615385 0.15504807692307693 0.17908653846153846
7 0.23197115384615385 0.5192307692307693 0.14903846153846154 0.18629807692307693
8 0.7331730769230769 0.49278846153846156 0.1310096153846154 0.07572115384615384