10 0.18870192307692307 0.4699519230769231 0.19951923076923078 0.20192307692307693
10 0.3737980769230769 0.4074519230769231 0.1971153846153846 0.18629807692307693
7 0.38221153846153844 0.28725961538461536 0.1778846153846154 0.09134615384615384
7 0.6502403846153846 0.2548076923076923 0.1814903846153846 0.13822115384615385
2 0.6694711538461539 0.3786057692307692 0.15865384615384615 0.16346153846153846
2 0.5528846153846154 0.47836538461538464 0.15144230769230768 0.1502403846153846
2 0.78125 0.46274038461538464 0.16346153846153846 0.16826923076923078
8 0.6658653846153846 0.5120192307692307 0.11057692307692307 0.1141826923076923
8 0.41225961538461536 0.5168269230769231 0.11658653846153846 0.10336538461538461
8 0.32091346153846156 0.5637019230769231 0.109375 0.10576923076923077
7 0.4338942307692308 0.59375 0.1502403846153846 0.14783653846153846
10 0.2668269230769231 0.6862980769230769 0.2860576923076923 0.2824519230769231
7 0.5504807692307693 0.6586538461538461 0.17908653846153846 0.09495192307692307
12 0.6658653846153846 0.6478365384615384 0.08052884615384616 0.14182692307692307
11 0.7355769230769231 0.671875 0.078125 0.13221153846153846
3 0.7788461538461539 0.6442307692307693 0.08052884615384616 0.18629807692307693
3 0.8233173076923077 0.6237980769230769 0.0829326923076923 0.1875
12 0.6959134615384616 0.7728365384615384 0.11298076923076923 0.13581730769230768
11 0.6382211538461539 0.7992788461538461 0.12139423076923077 0.13822115384615385
10 0.47115384615384615 0.8100961538461539 0.28125 0.23918269230769232