5 0.7992788461538461 0.3016826923076923 0.3485576923076923 0.45072115384615385
5 0.8185096153846154 0.6754807692307693 0.3629807692307692 0.4807692307692308
16 0.578125 0.27163461538461536 0.16826923076923078 0.2848557692307692
10 0.4423076923076923 0.28966346153846156 0.15264423076923078 0.18028846153846154
10 0.31009615384615385 0.2848557692307692 0.17427884615384615 0.19831730769230768
10 0.11778846153846154 0.6742788461538461 0.15865384615384615 0.18629807692307693
16 0.44711538461538464 0.4951923076923077 0.08173076923076923 0.11899038461538461
16 0.33653846153846156 0.5060096153846154 0.09735576923076923 0.12139423076923077
15 0.2824519230769231 0.4579326923076923 0.1346153846153846 0.10817307692307693
0 0.10216346153846154 0.3701923076923077 0.1045673076923077 0.29086538461538464
0 0.34975961538461536 0.5889423076923077 0.27163461538461536 0.09615384615384616
10 0.5552884615384616 0.5492788461538461 0.1658653846153846 0.18389423076923078
13 0.5324519230769231 0.7379807692307693 0.30649038461538464 0.25600961538461536
2 0.16826923076923078 0.84375 0.15985576923076922 0.125
16 0.33052884615384615 0.8149038461538461 0.29927884615384615 0.28846153846153844