13 0.7475961538461539 0.7271634615384616 0.3233173076923077 0.2920673076923077
3 0.4651442307692308 0.7884615384615384 0.1875 0.15745192307692307
8 0.5240384615384616 0.6814903846153846 0.10576923076923077 0.12259615384615384
3 0.40625 0.7307692307692307 0.17307692307692307 0.20432692307692307
12 0.32572115384615385 0.734375 0.16947115384615385 0.18990384615384615
8 0.25240384615384615 0.6790865384615384 0.12139423076923077 0.1045673076923077
0 0.3004807692307692 0.5925480769230769 0.16826923076923078 0.13341346153846154
0 0.5408653846153846 0.5817307692307693 0.1622596153846154 0.14423076923076922
3 0.6141826923076923 0.5300480769230769 0.18870192307692307 0.1502403846153846
0 0.7596153846153846 0.43028846153846156 0.1658653846153846 0.1502403846153846
8 0.8858173076923077 0.4230769230769231 0.11658653846153846 0.12259615384615384
12 0.8701923076923077 0.2800480769230769 0.15865384615384615 0.19831730769230768
3 0.7908653846153846 0.2932692307692308 0.1778846153846154 0.20432692307692307
0 0.6274038461538461 0.30408653846153844 0.2860576923076923 0.09495192307692307
3 0.609375 0.21033653846153846 0.20673076923076922 0.13701923076923078
16 0.7055288461538461 0.14182692307692307 0.1141826923076923 0.125
3 0.5865384615384616 0.13942307692307693 0.18509615384615385 0.15144230769230768
13 0.40865384615384615 0.390625 0.3473557692307692 0.35697115384615385