7 0.6442307692307693 0.43028846153846156 0.18629807692307693 0.3076923076923077
7 0.38221153846153844 0.6586538461538461 0.2776442307692308 0.24158653846153846
10 0.8064903846153846 0.5552884615384616 0.203125 0.2668269230769231
10 0.5240384615384616 0.48677884615384615 0.25240384615384615 0.2439903846153846
9 0.2800480769230769 0.4266826923076923 0.125 0.2091346153846154
14 0.4170673076923077 0.5528846153846154 0.14182692307692307 0.23317307692307693
1 0.6237980769230769 0.6153846153846154 0.12620192307692307 0.08173076923076923
1 0.6971153846153846 0.6682692307692307 0.109375 0.0625
8 0.5913461538461539 0.6850961538461539 0.11658653846153846 0.0829326923076923
9 0.3449519230769231 0.7451923076923077 0.21634615384615385 0.18629807692307693
14 0.625 0.7451923076923077 0.24519230769230768 0.11298076923076923
14 0.6766826923076923 0.7992788461538461 0.23557692307692307 0.1466346153846154