13 0.21033653846153846 0.25600961538461536 0.3786057692307692 0.29086538461538464
13 0.32572115384615385 0.2536057692307692 0.2704326923076923 0.33413461538461536
13 0.5036057692307693 0.2536057692307692 0.21995192307692307 0.28125
13 0.6069711538461539 0.6310096153846154 0.2860576923076923 0.23557692307692307
13 0.7992788461538461 0.6634615384615384 0.20192307692307693 0.30288461538461536
14 0.6610576923076923 0.18389423076923078 0.2247596153846154 0.2620192307692308
14 0.7956730769230769 0.22956730769230768 0.2127403846153846 0.18870192307692307
14 0.5661057692307693 0.4639423076923077 0.22596153846153846 0.1814903846153846
7 0.7644230769230769 0.41947115384615385 0.11057692307692307 0.18629807692307693
7 0.8473557692307693 0.41346153846153844 0.11177884615384616 0.18509615384615385
3 0.6574519230769231 0.41586538461538464 0.09014423076923077 0.19831730769230768
3 0.7079326923076923 0.44591346153846156 0.09615384615384616 0.1971153846153846
8 0.4639423076923077 0.6105769230769231 0.1346153846153846 0.12259615384615384
16 0.3449519230769231 0.6911057692307693 0.09735576923076923 0.11899038461538461
16 0.41947115384615385 0.6814903846153846 0.1045673076923077 0.12259615384615384
16 0.1875 0.6694711538461539 0.18509615384615385 0.23677884615384615
16 0.4375 0.8149038461538461 0.2283653846153846 0.15264423076923078
7 0.234375 0.5084134615384616 0.28725961538461536 0.22716346153846154
7 0.3401442307692308 0.45913461538461536 0.3016826923076923 0.20072115384615385