4 0.20432692307692307 0.32572115384615385 0.15985576923076922 0.2283653846153846
8 0.20552884615384615 0.46875 0.09495192307692307 0.078125
5 0.4254807692307692 0.3870192307692308 0.3245192307692308 0.43028846153846156
4 0.6346153846153846 0.4543269230769231 0.171875 0.23798076923076922
12 0.7680288461538461 0.30288461538461536 0.17548076923076922 0.1935096153846154
1 0.7716346153846154 0.4723557692307692 0.05048076923076923 0.14783653846153846
1 0.6177884615384616 0.6045673076923077 0.15384615384615385 0.09735576923076923
8 0.3485576923076923 0.6862980769230769 0.08774038461538461 0.0889423076923077
8 0.4519230769230769 0.6814903846153846 0.078125 0.08774038461538461
12 0.7331730769230769 0.6670673076923077 0.20192307692307693 0.15264423076923078
12 0.6225961538461539 0.7896634615384616 0.2091346153846154 0.08774038461538461