16 0.5925480769230769 0.27283653846153844 0.28725961538461536 0.32572115384615385
16 0.36177884615384615 0.3858173076923077 0.3173076923076923 0.3088942307692308
16 0.8112980769230769 0.44711538461538464 0.3233173076923077 0.3112980769230769
2 0.49278846153846156 0.49038461538461536 0.1466346153846154 0.17548076923076922
2 0.5841346153846154 0.47596153846153844 0.14423076923076922 0.171875
2 0.5733173076923077 0.5949519230769231 0.15985576923076922 0.11538461538461539
16 0.7079326923076923 0.5504807692307693 0.12860576923076922 0.11177884615384616
10 0.23918269230769232 0.6153846153846154 0.2620192307692308 0.2776442307692308
10 0.3762019230769231 0.6875 0.234375 0.27283653846153844
1 0.6526442307692307 0.6346153846153846 0.15504807692307693 0.07572115384615384
1 0.7572115384615384 0.6502403846153846 0.15504807692307693 0.08533653846153846
1 0.6850961538461539 0.7019230769230769 0.1502403846153846 0.09735576923076923
4 0.5901442307692307 0.7415865384615384 0.2536057692307692 0.2127403846153846
4 0.49759615384615385 0.828125 0.24519230769230768 0.22115384615384615