9 0.7716346153846154 0.36538461538461536 0.15504807692307693 0.22115384615384615
12 0.44591346153846156 0.2403846153846154 0.30408653846153844 0.18870192307692307
12 0.18269230769230768 0.40625 0.09975961538461539 0.3125
15 0.59375 0.36899038461538464 0.1778846153846154 0.18990384615384615
15 0.6887019230769231 0.41947115384615385 0.07451923076923077 0.11899038461538461
15 0.6550480769230769 0.4543269230769231 0.06490384615384616 0.1201923076923077
4 0.7283653846153846 0.5444711538461539 0.1201923076923077 0.14302884615384615
15 0.5673076923076923 0.5384615384615384 0.15264423076923078 0.15504807692307693
15 0.5348557692307693 0.6887019230769231 0.1310096153846154 0.15504807692307693
4 0.4735576923076923 0.8461538461538461 0.17427884615384615 0.171875
4 0.3473557692307692 0.7620192307692307 0.1346153846153846 0.14423076923076922
4 0.23677884615384615 0.6694711538461539 0.17548076923076922 0.2283653846153846
9 0.40625 0.39663461538461536 0.21394230769230768 0.11538461538461539
10 0.4266826923076923 0.5745192307692307 0.21394230769230768 0.24278846153846154