3 0.8365384615384616 0.8197115384615384 0.18870192307692307 0.17908653846153846
1 0.734375 0.75 0.19471153846153846 0.15745192307692307
1 0.7836538461538461 0.640625 0.1466346153846154 0.04927884615384615
16 0.7872596153846154 0.5841346153846154 0.1141826923076923 0.08173076923076923
1 0.8834134615384616 0.4987980769230769 0.13701923076923078 0.1141826923076923
8 0.8064903846153846 0.49759615384615385 0.109375 0.09975961538461539
3 0.7199519230769231 0.5024038461538461 0.08413461538461539 0.20673076923076922
3 0.828125 0.2704326923076923 0.09375 0.19471153846153846
4 0.6790865384615384 0.296875 0.15384615384615385 0.22596153846153846
12 0.5949519230769231 0.6129807692307693 0.20673076923076922 0.2800480769230769
10 0.5360576923076923 0.7836538461538461 0.1971153846153846 0.19831730769230768
8 0.41225961538461536 0.5612980769230769 0.10576923076923077 0.06129807692307692
4 0.5192307692307693 0.31971153846153844 0.1622596153846154 0.234375
8 0.37259615384615385 0.5 0.11177884615384616 0.08533653846153846
3 0.30288461538461536 0.7475961538461539 0.0889423076923077 0.1935096153846154
4 0.14543269230769232 0.5769230769230769 0.20192307692307693 0.17548076923076922
1 0.3317307692307692 0.4014423076923077 0.20673076923076922 0.19951923076923078
1 0.21875 0.24278846153846154 0.2127403846153846 0.1875