4 0.5396634615384616 0.3245192307692308 0.24519230769230768 0.1971153846153846
4 0.7884615384615384 0.38221153846153844 0.18990384615384615 0.23918269230769232
0 0.6995192307692307 0.4855769230769231 0.13341346153846154 0.23197115384615385
0 0.6177884615384616 0.5132211538461539 0.13221153846153846 0.23076923076923078
0 0.5336538461538461 0.5276442307692307 0.13942307692307693 0.23317307692307693
8 0.45552884615384615 0.5180288461538461 0.06850961538461539 0.1045673076923077
8 0.4423076923076923 0.6466346153846154 0.08052884615384616 0.11298076923076923
14 0.33052884615384615 0.421875 0.18870192307692307 0.234375
3 0.35336538461538464 0.6274038461538461 0.0985576923076923 0.20432692307692307
10 0.7379807692307693 0.6598557692307693 0.1971153846153846 0.171875
10 0.5697115384615384 0.6995192307692307 0.1814903846153846 0.15384615384615385