5 0.17908653846153846 0.5961538461538461 0.35697115384615385 0.4362980769230769
5 0.3581730769230769 0.31850961538461536 0.3485576923076923 0.4074519230769231
16 0.6141826923076923 0.19110576923076922 0.203125 0.17668269230769232
16 0.8016826923076923 0.2091346153846154 0.16105769230769232 0.2091346153846154
16 0.8473557692307693 0.3798076923076923 0.18509615384615385 0.21153846153846154
16 0.8485576923076923 0.5793269230769231 0.21394230769230768 0.23677884615384615
0 0.6129807692307693 0.38461538461538464 0.10336538461538461 0.23557692307692307
7 0.7019230769230769 0.3737980769230769 0.09254807692307693 0.16947115384615385
7 0.7007211538461539 0.5288461538461539 0.10697115384615384 0.171875
7 0.5925480769230769 0.6141826923076923 0.14302884615384615 0.17067307692307693
7 0.5276442307692307 0.42427884615384615 0.0985576923076923 0.34134615384615385
10 0.41225961538461536 0.5204326923076923 0.18509615384615385 0.25841346153846156
10 0.43028846153846156 0.7259615384615384 0.23557692307692307 0.234375
10 0.8581730769230769 0.7848557692307693 0.21033653846153846 0.24639423076923078
14 0.6129807692307693 0.8100961538461539 0.18509615384615385 0.13822115384615385
14 0.6177884615384616 0.9050480769230769 0.19230769230769232 0.11899038461538461
16 0.41586538461538464 0.8966346153846154 0.18269230769230768 0.1658653846153846
10 0.24639423076923078 0.8629807692307693 0.20552884615384615 0.21875
10 0.6935096153846154 0.7223557692307693 0.203125 0.20432692307692307