13 0.17427884615384615 0.6153846153846154 0.2512019230769231 0.30649038461538464
13 0.33774038461538464 0.39783653846153844 0.33774038461538464 0.34134615384615385
14 0.6418269230769231 0.25841346153846156 0.2548076923076923 0.25961538461538464
14 0.8076923076923077 0.36177884615384615 0.21033653846153846 0.25721153846153844
8 0.6514423076923077 0.453125 0.11057692307692307 0.11658653846153846
0 0.49278846153846156 0.48197115384615385 0.22355769230769232 0.16826923076923078
0 0.5432692307692307 0.5612980769230769 0.2283653846153846 0.15745192307692307
14 0.3798076923076923 0.6971153846153846 0.19831730769230768 0.24158653846153846
8 0.3016826923076923 0.75 0.06370192307692307 0.109375
11 0.5733173076923077 0.71875 0.15384615384615385 0.18629807692307693
9 0.6694711538461539 0.5949519230769231 0.21514423076923078 0.15625
11 0.8257211538461539 0.6165865384615384 0.0889423076923077 0.18509615384615385
8 0.71875 0.7103365384615384 0.07451923076923077 0.10096153846153846