1 0.17307692307692307 0.9290865384615384 0.17668269230769232 0.055288461538461536
1 0.28125 0.7644230769230769 0.1466346153846154 0.15264423076923078
1 0.11177884615384616 0.7548076923076923 0.11778846153846154 0.17908653846153846
5 0.24278846153846154 0.7199519230769231 0.484375 0.3401442307692308
5 0.7319711538461539 0.7992788461538461 0.5036057692307693 0.3942307692307692
5 0.7872596153846154 0.6586538461538461 0.3173076923076923 0.28725961538461536
5 0.7860576923076923 0.47836538461538464 0.21033653846153846 0.2620192307692308
11 0.6153846153846154 0.5901442307692307 0.15264423076923078 0.15144230769230768
5 0.546875 0.5168269230769231 0.21514423076923078 0.24278846153846154
5 0.33413461538461536 0.515625 0.30288461538461536 0.2127403846153846
5 0.12980769230769232 0.43149038461538464 0.25721153846153844 0.25961538461538464
10 0.8774038461538461 0.4266826923076923 0.24519230769230768 0.22115384615384615
13 0.6021634615384616 0.30649038461538464 0.3713942307692308 0.3016826923076923
13 0.8557692307692307 0.1935096153846154 0.2860576923076923 0.27283653846153844
13 0.47596153846153844 0.1045673076923077 0.390625 0.20793269230769232
4 0.3894230769230769 0.3557692307692308 0.16105769230769232 0.17548076923076922
4 0.2980769230769231 0.296875 0.203125 0.2403846153846154
11 0.21995192307692307 0.19831730769230768 0.14903846153846154 0.16826923076923078
11 0.09254807692307693 0.18028846153846154 0.12740384615384615 0.16346153846153846