16 0.7716346153846154 0.3557692307692308 0.21634615384615385 0.23798076923076922
15 0.7668269230769231 0.5432692307692307 0.18509615384615385 0.20673076923076922
4 0.8701923076923077 0.734375 0.11778846153846154 0.21754807692307693
15 0.8725961538461539 0.9086538461538461 0.1935096153846154 0.17908653846153846
15 0.6742788461538461 0.8269230769230769 0.14783653846153846 0.17067307692307693
0 0.5612980769230769 0.7680288461538461 0.17307692307692307 0.17548076923076922
0 0.44591346153846156 0.8617788461538461 0.17668269230769232 0.11778846153846154
0 0.43990384615384615 0.6995192307692307 0.18389423076923078 0.12259615384615384
16 0.5276442307692307 0.5697115384615384 0.3004807692307692 0.1935096153846154
16 0.40865384615384615 0.4387019230769231 0.19230769230769232 0.15144230769230768
16 0.3894230769230769 0.26802884615384615 0.21033653846153846 0.16466346153846154
16 0.19471153846153846 0.44350961538461536 0.23918269230769232 0.22596153846153846
16 0.27884615384615385 0.6466346153846154 0.23918269230769232 0.22235576923076922
16 0.20552884615384615 0.8245192307692307 0.3317307692307692 0.29927884615384615