16 0.9086538461538461 0.8425480769230769 0.09735576923076923 0.11658653846153846
16 0.9182692307692307 0.6971153846153846 0.11057692307692307 0.09975961538461539
16 0.8233173076923077 0.7427884615384616 0.11778846153846154 0.09735576923076923
3 0.7740384615384616 0.8209134615384616 0.19230769230769232 0.09014423076923077
3 0.6466346153846154 0.8004807692307693 0.09495192307692307 0.18870192307692307
4 0.5096153846153846 0.8137019230769231 0.19951923076923078 0.09975961538461539
7 0.8052884615384616 0.6658653846153846 0.3173076923076923 0.1875
0 0.6862980769230769 0.6298076923076923 0.23197115384615385 0.15384615384615385
0 0.6045673076923077 0.5528846153846154 0.23317307692307693 0.15865384615384615
0 0.4699519230769231 0.6935096153846154 0.2403846153846154 0.12379807692307693
4 0.27163461538461536 0.7283653846153846 0.2668269230769231 0.265625
7 0.40024038461538464 0.6021634615384616 0.16826923076923078 0.12860576923076922
7 0.30528846153846156 0.5336538461538461 0.31971153846153844 0.1778846153846154
10 0.30528846153846156 0.3762019230769231 0.21514423076923078 0.203125
6 0.8401442307692307 0.42427884615384615 0.2644230769230769 0.24759615384615385
6 0.7139423076923077 0.3125 0.23557692307692307 0.2403846153846154
6 0.5204326923076923 0.3449519230769231 0.23076923076923078 0.265625