15 0.5420673076923077 0.9014423076923077 0.051682692307692304 0.1310096153846154
2 0.5817307692307693 0.7512019230769231 0.15745192307692307 0.16466346153846154
15 0.4735576923076923 0.7908653846153846 0.12379807692307693 0.07091346153846154
13 0.8125 0.6646634615384616 0.2644230769230769 0.23076923076923078
13 0.7824519230769231 0.49038461538461536 0.30288461538461536 0.23317307692307693
13 0.6526442307692307 0.3245192307692308 0.22716346153846154 0.3137019230769231
9 0.5216346153846154 0.4675480769230769 0.11658653846153846 0.21634615384615385
7 0.4266826923076923 0.6875 0.1310096153846154 0.17668269230769232
4 0.21634615384615385 0.8305288461538461 0.20552884615384615 0.19831730769230768
9 0.32091346153846156 0.6742788461538461 0.13701923076923078 0.22235576923076922
7 0.22235576923076922 0.5108173076923077 0.15264423076923078 0.15625
7 0.3870192307692308 0.36538461538461536 0.14543269230769232 0.16346153846153846
9 0.4266826923076923 0.21754807692307693 0.21514423076923078 0.203125
14 0.15745192307692307 0.5889423076923077 0.25961538461538464 0.25721153846153844
14 0.2860576923076923 0.31490384615384615 0.25600961538461536 0.25600961538461536