6 0.37259615384615385 0.28725961538461536 0.3125 0.28966346153846156
6 0.6081730769230769 0.25240384615384615 0.34615384615384615 0.30528846153846156
6 0.6454326923076923 0.4423076923076923 0.29927884615384615 0.38100961538461536
3 0.8701923076923077 0.30528846153846156 0.09495192307692307 0.20673076923076922
3 0.9362980769230769 0.36778846153846156 0.07451923076923077 0.20673076923076922
7 0.8774038461538461 0.42427884615384615 0.1658653846153846 0.1658653846153846
7 0.8509615384615384 0.5288461538461539 0.16706730769230768 0.16826923076923078
3 0.9375 0.6201923076923077 0.08052884615384616 0.21033653846153846
7 0.7475961538461539 0.6358173076923077 0.17908653846153846 0.140625
13 0.7740384615384616 0.7884615384615384 0.3557692307692308 0.3233173076923077
10 0.5528846153846154 0.8269230769230769 0.20072115384615385 0.21875
8 0.5673076923076923 0.9230769230769231 0.09495192307692307 0.07091346153846154
14 0.2932692307692308 0.8569711538461539 0.23798076923076922 0.20192307692307693
14 0.3269230769230769 0.7475961538461539 0.21754807692307693 0.17307692307692307
16 0.5336538461538461 0.6033653846153846 0.20793269230769232 0.2668269230769231
16 0.3858173076923077 0.5889423076923077 0.1971153846153846 0.2704326923076923
16 0.23197115384615385 0.5480769230769231 0.20072115384615385 0.2692307692307692