7 0.21394230769230768 0.30288461538461536 0.09735576923076923 0.16466346153846154
11 0.296875 0.3161057692307692 0.07572115384615384 0.125
1 0.2824519230769231 0.47115384615384615 0.05048076923076923 0.17548076923076922
1 0.36899038461538464 0.4651442307692308 0.0673076923076923 0.17668269230769232
11 0.38100961538461536 0.30528846153846156 0.11298076923076923 0.15625
11 0.45913461538461536 0.36899038461538464 0.12379807692307693 0.15985576923076922
7 0.5673076923076923 0.2848557692307692 0.14543269230769232 0.30528846153846156
4 0.6802884615384616 0.31971153846153844 0.18389423076923078 0.2403846153846154
1 0.7259615384615384 0.4519230769230769 0.109375 0.16826923076923078
12 0.8365384615384616 0.37259615384615385 0.12980769230769232 0.3016826923076923
12 0.7932692307692307 0.5625 0.3004807692307692 0.08653846153846154
14 0.46274038461538464 0.5697115384615384 0.22355769230769232 0.24519230769230768
9 0.6081730769230769 0.6550480769230769 0.21033653846153846 0.2668269230769231
9 0.7860576923076923 0.7079326923076923 0.24519230769230768 0.25721153846153844
9 0.6838942307692307 0.8629807692307693 0.25240384615384615 0.25961538461538464
12 0.3641826923076923 0.8858173076923077 0.30649038461538464 0.12259615384615384
14 0.32211538461538464 0.7115384615384616 0.1778846153846154 0.23197115384615385
14 0.1658653846153846 0.7632211538461539 0.18990384615384615 0.23076923076923078
11 0.18269230769230768 0.5528846153846154 0.15625 0.17067307692307693
11 0.109375 0.5925480769230769 0.125 0.13581730769230768