13 0.6225961538461539 0.1875 0.3713942307692308 0.3425480769230769
16 0.8293269230769231 0.2980769230769231 0.17307692307692307 0.24879807692307693
14 0.49038461538461536 0.2668269230769231 0.3449519230769231 0.20432692307692307
9 0.6658653846153846 0.4170673076923077 0.1935096153846154 0.13822115384615385
0 0.4579326923076923 0.35697115384615385 0.24278846153846154 0.15384615384615385
3 0.7884615384615384 0.5396634615384616 0.171875 0.13341346153846154
4 0.8461538461538461 0.5168269230769231 0.18629807692307693 0.21514423076923078
4 0.8737980769230769 0.6802884615384616 0.25 0.27163461538461536
16 0.7367788461538461 0.6298076923076923 0.10697115384615384 0.12379807692307693
4 0.5408653846153846 0.5012019230769231 0.18990384615384615 0.17668269230769232
0 0.6165865384615384 0.578125 0.23798076923076922 0.16105769230769232
4 0.6346153846153846 0.7091346153846154 0.2512019230769231 0.20793269230769232
0 0.6670673076923077 0.8052884615384616 0.23557692307692307 0.18028846153846154
4 0.14543269230769232 0.40024038461538464 0.17307692307692307 0.17427884615384615
13 0.3125 0.43990384615384615 0.359375 0.33533653846153844
13 0.24639423076923078 0.6418269230769231 0.2848557692307692 0.27403846153846156
5 0.40384615384615385 0.6430288461538461 0.3125 0.4014423076923077
3 0.3016826923076923 0.7848557692307693 0.1814903846153846 0.11899038461538461