16 0.7848557692307693 0.2536057692307692 0.26322115384615385 0.27283653846153844
16 0.6081730769230769 0.27283653846153844 0.23918269230769232 0.2644230769230769
16 0.4423076923076923 0.36538461538461536 0.25961538461538464 0.22355769230769232
2 0.375 0.5036057692307693 0.10336538461538461 0.19471153846153846
4 0.7692307692307693 0.4579326923076923 0.27283653846153844 0.2644230769230769
4 0.6911057692307693 0.5336538461538461 0.24879807692307693 0.2548076923076923
4 0.5757211538461539 0.5564903846153846 0.17668269230769232 0.2247596153846154
14 0.4651442307692308 0.6466346153846154 0.17427884615384615 0.23197115384615385
14 0.36899038461538464 0.7091346153846154 0.22716346153846154 0.21634615384615385
3 0.71875 0.6646634615384616 0.21514423076923078 0.109375
3 0.7463942307692307 0.7403846153846154 0.20793269230769232 0.10096153846153846
3 0.609375 0.7487980769230769 0.20192307692307693 0.17067307692307693