13 0.2920673076923077 0.34134615384615385 0.3401442307692308 0.3485576923076923
13 0.49038461538461536 0.23677884615384615 0.23798076923076922 0.31490384615384615
14 0.44591346153846156 0.421875 0.22355769230769232 0.234375
0 0.33653846153846156 0.5288461538461539 0.1201923076923077 0.18269230769230768
4 0.21514423076923078 0.5961538461538461 0.23918269230769232 0.2704326923076923
14 0.43149038461538464 0.6129807692307693 0.1935096153846154 0.23557692307692307
14 0.31009615384615385 0.7776442307692307 0.25721153846153844 0.25600961538461536
4 0.44471153846153844 0.8100961538461539 0.15625 0.18269230769230768
4 0.5336538461538461 0.6790865384615384 0.14783653846153846 0.17908653846153846
2 0.5612980769230769 0.5288461538461539 0.13341346153846154 0.17908653846153846
11 0.6177884615384616 0.37740384615384615 0.17668269230769232 0.16706730769230768
4 0.7391826923076923 0.2932692307692308 0.2644230769230769 0.2620192307692308
0 0.6923076923076923 0.4639423076923077 0.17067307692307693 0.17668269230769232
9 0.859375 0.4567307692307692 0.1971153846153846 0.19230769230769232
9 0.5817307692307693 0.8389423076923077 0.2091346153846154 0.23197115384615385
1 0.6814903846153846 0.5805288461538461 0.24639423076923078 0.21995192307692307
1 0.7091346153846154 0.6754807692307693 0.25600961538461536 0.20552884615384615
1 0.7632211538461539 0.7596153846153846 0.25841346153846156 0.22956730769230768