13 0.1658653846153846 0.33533653846153844 0.33052884615384615 0.39663461538461536
13 0.4651442307692308 0.18028846153846154 0.37259615384615385 0.30528846153846156
13 0.7692307692307693 0.16947115384615385 0.36177884615384615 0.2776442307692308
13 0.30528846153846156 0.39783653846153844 0.31971153846153844 0.31971153846153844
13 0.47836538461538464 0.3329326923076923 0.30649038461538464 0.2956730769230769
7 0.16105769230769232 0.6526442307692307 0.1971153846153846 0.33774038461538464
7 0.2800480769230769 0.6418269230769231 0.1502403846153846 0.3425480769230769
10 0.38341346153846156 0.6105769230769231 0.20673076923076922 0.20673076923076922
13 0.3701923076923077 0.8473557692307693 0.36177884615384615 0.30288461538461536
9 0.6298076923076923 0.8990384615384616 0.18509615384615385 0.13942307692307693
7 0.6766826923076923 0.7860576923076923 0.3449519230769231 0.1201923076923077
3 0.8569711538461539 0.8329326923076923 0.21514423076923078 0.16826923076923078
12 0.5432692307692307 0.7007211538461539 0.18509615384615385 0.0625
13 0.5865384615384616 0.5504807692307693 0.33774038461538464 0.27283653846153844
13 0.6947115384615384 0.36177884615384615 0.30649038461538464 0.3245192307692308
13 0.8810096153846154 0.41466346153846156 0.23677884615384615 0.28846153846153844
12 0.7548076923076923 0.5853365384615384 0.30649038461538464 0.11538461538461539
12 0.7980769230769231 0.6322115384615384 0.3125 0.10336538461538461
12 0.8112980769230769 0.7067307692307693 0.3125 0.09615384615384616