10 0.14543269230769232 0.38221153846153844 0.2247596153846154 0.20552884615384615
4 0.18269230769230768 0.5348557692307693 0.18990384615384615 0.16706730769230768
4 0.34615384615384615 0.5288461538461539 0.18629807692307693 0.15384615384615385
10 0.4879807692307692 0.5060096153846154 0.1971153846153846 0.1971153846153846
5 0.7211538461538461 0.5120192307692307 0.296875 0.27403846153846156
9 0.16947115384615385 0.7800480769230769 0.2848557692307692 0.38100961538461536
4 0.3798076923076923 0.7067307692307693 0.1875 0.24519230769230768
12 0.37740384615384615 0.9038461538461539 0.14903846153846154 0.0829326923076923
4 0.5012019230769231 0.7271634615384616 0.18389423076923078 0.24639423076923078
5 0.6370192307692307 0.7908653846153846 0.2668269230769231 0.3173076923076923
5 0.8461538461538461 0.8425480769230769 0.2776442307692308 0.30649038461538464