10 0.39783653846153844 0.18990384615384615 0.1935096153846154 0.18870192307692307
10 0.31490384615384615 0.45913461538461536 0.1935096153846154 0.17427884615384615
10 0.5144230769230769 0.37259615384615385 0.1875 0.17668269230769232
16 0.6706730769230769 0.20793269230769232 0.19831730769230768 0.25
16 0.734375 0.4326923076923077 0.2548076923076923 0.24759615384615385
7 0.2512019230769231 0.7211538461538461 0.1045673076923077 0.17668269230769232
7 0.36538461538461536 0.6935096153846154 0.14423076923076922 0.19230769230769232
7 0.453125 0.5709134615384616 0.15865384615384615 0.16826923076923078
16 0.5504807692307693 0.6189903846153846 0.11298076923076923 0.09495192307692307
16 0.5480769230769231 0.7115384615384616 0.11177884615384616 0.11778846153846154
16 0.6887019230769231 0.6622596153846154 0.10096153846153846 0.11057692307692307
12 0.8557692307692307 0.5721153846153846 0.078125 0.21394230769230768
3 0.7824519230769231 0.765625 0.20673076923076922 0.12620192307692307