4 0.15264423076923078 0.27283653846153844 0.17908653846153846 0.23798076923076922
6 0.5793269230769231 0.19230769230769232 0.32211538461538464 0.3125
4 0.3581730769230769 0.328125 0.16947115384615385 0.1502403846153846
8 0.47596153846153844 0.35096153846153844 0.11778846153846154 0.12259615384615384
13 0.7235576923076923 0.38341346153846156 0.3329326923076923 0.30649038461538464
13 0.8329326923076923 0.5348557692307693 0.3137019230769231 0.30288461538461536
4 0.5588942307692307 0.4723557692307692 0.16826923076923078 0.1814903846153846
4 0.7175480769230769 0.6706730769230769 0.16947115384615385 0.16105769230769232
4 0.2644230769230769 0.484375 0.24879807692307693 0.19110576923076922
6 0.5300480769230769 0.7163461538461539 0.2127403846153846 0.2800480769230769
5 0.25841346153846156 0.7716346153846154 0.38461538461538464 0.36538461538461536
8 0.06009615384615385 0.5745192307692307 0.10576923076923077 0.1201923076923077