16 0.12740384615384615 0.2512019230769231 0.2091346153846154 0.2548076923076923
16 0.2920673076923077 0.2247596153846154 0.20793269230769232 0.2644230769230769
3 0.5060096153846154 0.17427884615384615 0.19831730769230768 0.125
1 0.3016826923076923 0.4026442307692308 0.20673076923076922 0.1466346153846154
16 0.49038461538461536 0.35336538461538464 0.25 0.25721153846153844
0 0.6394230769230769 0.3125 0.11177884615384616 0.18389423076923078
0 0.8197115384615384 0.35697115384615385 0.15144230769230768 0.18509615384615385
1 0.6069711538461539 0.4735576923076923 0.18028846153846154 0.1814903846153846
13 0.7704326923076923 0.4987980769230769 0.3629807692307692 0.3545673076923077
13 0.35096153846153844 0.5793269230769231 0.3713942307692308 0.34615384615384615
0 0.5348557692307693 0.6021634615384616 0.14903846153846154 0.1814903846153846
14 0.6862980769230769 0.6394230769230769 0.18028846153846154 0.19471153846153846
3 0.8293269230769231 0.7475961538461539 0.12139423076923077 0.20432692307692307
1 0.5048076923076923 0.8665865384615384 0.23076923076923078 0.19471153846153846
3 0.16105769230769232 0.8100961538461539 0.20673076923076922 0.125