14 0.1971153846153846 0.16466346153846154 0.17427884615384615 0.20192307692307693
4 0.125 0.4326923076923077 0.18870192307692307 0.24158653846153846
1 0.2848557692307692 0.39663461538461536 0.16947115384615385 0.0985576923076923
8 0.8149038461538461 0.6262019230769231 0.109375 0.11057692307692307
7 0.5516826923076923 0.703125 0.2536057692307692 0.3004807692307692
5 0.23798076923076922 0.7463942307692307 0.36778846153846156 0.37740384615384615
14 0.33052884615384615 0.21394230769230768 0.17668269230769232 0.18990384615384615
14 0.5432692307692307 0.30408653846153844 0.11298076923076923 0.17427884615384615
4 0.5192307692307693 0.49158653846153844 0.1778846153846154 0.23677884615384615
1 0.7367788461538461 0.421875 0.13822115384615385 0.14543269230769232
8 0.7620192307692307 0.7127403846153846 0.08413461538461539 0.109375
4 0.6105769230769231 0.8677884615384616 0.234375 0.24158653846153846
7 0.3798076923076923 0.47596153846153844 0.15745192307692307 0.32091346153846156
7 0.7584134615384616 0.578125 0.18389423076923078 0.3137019230769231