5 0.2091346153846154 0.35697115384615385 0.3449519230769231 0.36658653846153844
6 0.49278846153846156 0.3112980769230769 0.25961538461538464 0.33653846153846156
9 0.6694711538461539 0.2692307692307692 0.125 0.20432692307692307
9 0.7884615384615384 0.24879807692307693 0.12620192307692307 0.21033653846153846
13 0.2091346153846154 0.6274038461538461 0.2764423076923077 0.32091346153846156
13 0.4182692307692308 0.5408653846153846 0.2764423076923077 0.32572115384615385
13 0.6165865384615384 0.4699519230769231 0.2800480769230769 0.3088942307692308
1 0.8076923076923077 0.4543269230769231 0.21394230769230768 0.21033653846153846
14 0.8858173076923077 0.36658653846153844 0.14182692307692307 0.17668269230769232
14 0.39903846153846156 0.828125 0.23798076923076922 0.23798076923076922
14 0.5036057692307693 0.7367788461538461 0.18269230769230768 0.17668269230769232
14 0.6610576923076923 0.6814903846153846 0.1658653846153846 0.18870192307692307
4 0.8209134615384616 0.6165865384615384 0.19230769230769232 0.16466346153846154
4 0.7896634615384616 0.75 0.19110576923076922 0.14182692307692307
14 0.8617788461538461 0.8822115384615384 0.20072115384615385 0.18509615384615385