16 0.18269230769230768 0.40024038461538464 0.23076923076923078 0.23197115384615385
16 0.2764423076923077 0.6189903846153846 0.1935096153846154 0.2247596153846154
6 0.6971153846153846 0.5516826923076923 0.25841346153846156 0.30408653846153844
16 0.39903846153846156 0.3076923076923077 0.21033653846153846 0.20432692307692307
16 0.5324519230769231 0.3737980769230769 0.19471153846153846 0.2127403846153846
12 0.6502403846153846 0.30528846153846156 0.0673076923076923 0.12379807692307693
2 0.7548076923076923 0.38461538461538464 0.15264423076923078 0.15865384615384615
2 0.6033653846153846 0.4519230769230769 0.13822115384615385 0.1622596153846154
12 0.40865384615384615 0.44591346153846156 0.12860576923076922 0.1201923076923077
12 0.5348557692307693 0.5444711538461539 0.1778846153846154 0.17548076923076922
12 0.4375 0.5733173076923077 0.14423076923076922 0.09254807692307693
4 0.34975961538461536 0.4951923076923077 0.17908653846153846 0.19951923076923078
12 0.6850961538461539 0.7379807692307693 0.09495192307692307 0.1466346153846154
11 0.5721153846153846 0.6826923076923077 0.12139423076923077 0.09495192307692307
11 0.5949519230769231 0.7716346153846154 0.12980769230769232 0.11298076923076923
11 0.4723557692307692 0.7680288461538461 0.1201923076923077 0.09014423076923077
2 0.4423076923076923 0.6706730769230769 0.14543269230769232 0.10216346153846154
4 0.39663461538461536 0.8341346153846154 0.1658653846153846 0.21033653846153846