1 0.8004807692307693 0.7848557692307693 0.23557692307692307 0.14182692307692307
7 0.5216346153846154 0.8028846153846154 0.31490384615384615 0.16706730769230768
3 0.5673076923076923 0.8629807692307693 0.19471153846153846 0.1310096153846154
14 0.8882211538461539 0.6286057692307693 0.1346153846153846 0.18389423076923078
14 0.828125 0.6033653846153846 0.09735576923076923 0.171875
4 0.27884615384615385 0.8798076923076923 0.14423076923076922 0.17668269230769232
5 0.28966346153846156 0.6442307692307693 0.28725961538461536 0.3245192307692308
10 0.6983173076923077 0.4110576923076923 0.2127403846153846 0.22716346153846154
5 0.5480769230769231 0.5661057692307693 0.46274038461538464 0.30528846153846156
10 0.8942307692307693 0.39663461538461536 0.19951923076923078 0.27163461538461536
10 0.7584134615384616 0.2283653846153846 0.20432692307692307 0.20432692307692307
5 0.4987980769230769 0.25961538461538464 0.3737980769230769 0.3581730769230769
5 0.21033653846153846 0.3581730769230769 0.35216346153846156 0.28846153846153844