7 0.47115384615384615 0.6754807692307693 0.1778846153846154 0.11177884615384616
7 0.30288461538461536 0.7632211538461539 0.18870192307692307 0.14423076923076922
16 0.8257211538461539 0.48677884615384615 0.12139423076923077 0.12620192307692307
1 0.6262019230769231 0.5564903846153846 0.12259615384615384 0.0985576923076923
1 0.5673076923076923 0.5180288461538461 0.09615384615384616 0.12139423076923077
12 0.5564903846153846 0.4495192307692308 0.1875 0.21514423076923078
12 0.7355769230769231 0.27524038461538464 0.1814903846153846 0.30528846153846156
12 0.7536057692307693 0.4026442307692308 0.19831730769230768 0.28846153846153844
3 0.8930288461538461 0.30408653846153844 0.109375 0.20793269230769232
7 0.8317307692307693 0.5925480769230769 0.33413461538461536 0.11177884615384616
13 0.7680288461538461 0.7740384615384616 0.3161057692307692 0.27524038461538464
13 0.5408653846153846 0.21514423076923078 0.30649038461538464 0.2608173076923077
13 0.29447115384615385 0.3449519230769231 0.2848557692307692 0.25600961538461536
13 0.36778846153846156 0.6009615384615384 0.34975961538461536 0.3389423076923077
4 0.5360576923076923 0.8233173076923077 0.25 0.20673076923076922
16 0.5204326923076923 0.3449519230769231 0.13581730769230768 0.0985576923076923