7 0.7451923076923077 0.3545673076923077 0.125 0.3076923076923077
7 0.6514423076923077 0.3329326923076923 0.12139423076923077 0.30408653846153844
7 0.5576923076923077 0.30649038461538464 0.12259615384615384 0.3016826923076923
16 0.42427884615384615 0.3076923076923077 0.22235576923076922 0.25841346153846156
7 0.3870192307692308 0.4651442307692308 0.125 0.16466346153846154
6 0.265625 0.5817307692307693 0.23317307692307693 0.3173076923076923
10 0.75 0.6550480769230769 0.26322115384615385 0.2764423076923077
0 0.5625 0.6310096153846154 0.11538461538461539 0.35096153846153844
7 0.47836538461538464 0.6021634615384616 0.10216346153846154 0.17067307692307693
7 0.39663461538461536 0.6346153846153846 0.10336538461538461 0.16466346153846154
14 0.5492788461538461 0.8209134615384616 0.16105769230769232 0.19831730769230768
14 0.4254807692307692 0.8100961538461539 0.12860576923076922 0.17908653846153846
14 0.328125 0.8317307692307693 0.1502403846153846 0.1935096153846154