14 0.7572115384615384 0.8774038461538461 0.23798076923076922 0.21875
12 0.5877403846153846 0.8317307692307693 0.25240384615384615 0.23798076923076922
15 0.4567307692307692 0.7704326923076923 0.13701923076923078 0.13341346153846154
15 0.49278846153846156 0.7415865384615384 0.1346153846153846 0.13701923076923078
15 0.6237980769230769 0.6838942307692307 0.09014423076923077 0.15985576923076922
16 0.8125 0.6754807692307693 0.23557692307692307 0.20673076923076922
16 0.8137019230769231 0.4699519230769231 0.1622596153846154 0.19951923076923078
12 0.6899038461538461 0.5588942307692307 0.11057692307692307 0.29447115384615385
12 0.6310096153846154 0.5096153846153846 0.125 0.2956730769230769
7 0.5384615384615384 0.6117788461538461 0.13221153846153846 0.23557692307692307
0 0.4579326923076923 0.5829326923076923 0.19951923076923078 0.25240384615384615
7 0.26322115384615385 0.7596153846153846 0.27283653846153844 0.1814903846153846
7 0.28365384615384615 0.6646634615384616 0.2283653846153846 0.1466346153846154
7 0.11298076923076923 0.5853365384615384 0.12620192307692307 0.1658653846153846
7 0.18629807692307693 0.49759615384615385 0.19831730769230768 0.20552884615384615
0 0.3112980769230769 0.49759615384615385 0.21514423076923078 0.23557692307692307
16 0.3389423076923077 0.33533653846153844 0.22235576923076922 0.22235576923076922
7 0.41466346153846156 0.47115384615384615 0.1346153846153846 0.15745192307692307