6 0.7127403846153846 0.33052884615384615 0.3016826923076923 0.33052884615384615
11 0.7776442307692307 0.5300480769230769 0.12860576923076922 0.19471153846153846
11 0.6478365384615384 0.5348557692307693 0.07451923076923077 0.14543269230769232
2 0.5612980769230769 0.5564903846153846 0.11899038461538461 0.0889423076923077
8 0.39663461538461536 0.671875 0.11057692307692307 0.08653846153846154
8 0.5997596153846154 0.7512019230769231 0.09975961538461539 0.10336538461538461
11 0.6875 0.8100961538461539 0.11899038461538461 0.125
5 0.2932692307692308 0.453125 0.38461538461538464 0.48677884615384615
8 0.46033653846153844 0.5673076923076923 0.10336538461538461 0.07932692307692307
8 0.36778846153846156 0.7728365384615384 0.06971153846153846 0.10336538461538461
8 0.5721153846153846 0.6442307692307693 0.10576923076923077 0.06610576923076923
8 0.4963942307692308 0.7067307692307693 0.08052884615384616 0.10336538461538461
11 0.4639423076923077 0.8701923076923077 0.08774038461538461 0.12980769230769232
11 0.65625 0.6911057692307693 0.1141826923076923 0.10216346153846154
11 0.7427884615384616 0.6646634615384616 0.08533653846153846 0.13581730769230768
5 0.5901442307692307 0.28365384615384615 0.4987980769230769 0.45913461538461536