13 0.5228365384615384 0.3425480769230769 0.3401442307692308 0.30528846153846156
13 0.7596153846153846 0.3076923076923077 0.26322115384615385 0.30649038461538464
8 0.8016826923076923 0.49759615384615385 0.10096153846153846 0.1141826923076923
15 0.5276442307692307 0.53125 0.0985576923076923 0.17668269230769232
7 0.6334134615384616 0.5216346153846154 0.17307692307692307 0.13581730769230768
1 0.7632211538461539 0.5961538461538461 0.21514423076923078 0.20072115384615385
7 0.6033653846153846 0.6105769230769231 0.1658653846153846 0.1045673076923077
12 0.4338942307692308 0.5733173076923077 0.13942307692307693 0.2403846153846154
7 0.3449519230769231 0.5805288461538461 0.109375 0.17427884615384615
12 0.44471153846153844 0.7391826923076923 0.22956730769230768 0.18028846153846154
12 0.6358173076923077 0.7439903846153846 0.2548076923076923 0.13341346153846154