13 0.2644230769230769 0.2403846153846154 0.2848557692307692 0.3137019230769231
13 0.49038461538461536 0.2692307692307692 0.24879807692307693 0.32091346153846156
13 0.65625 0.2644230769230769 0.22956730769230768 0.32572115384615385
13 0.8137019230769231 0.27283653846153844 0.2247596153846154 0.28125
13 0.7716346153846154 0.5072115384615384 0.30528846153846156 0.3401442307692308
7 0.8016826923076923 0.6983173076923077 0.17548076923076922 0.13822115384615385
2 0.6310096153846154 0.6298076923076923 0.18028846153846154 0.13942307692307693
3 0.6141826923076923 0.46875 0.13942307692307693 0.15865384615384615
3 0.5516826923076923 0.4951923076923077 0.12740384615384615 0.16826923076923078
7 0.4170673076923077 0.6935096153846154 0.16706730769230768 0.10096153846153846
7 0.43149038461538464 0.6057692307692307 0.16466346153846154 0.10336538461538461
3 0.38341346153846156 0.5456730769230769 0.18870192307692307 0.12139423076923077
2 0.16947115384615385 0.6850961538461539 0.1875 0.14302884615384615
15 0.2800480769230769 0.5721153846153846 0.04567307692307692 0.140625
15 0.2956730769230769 0.48197115384615385 0.055288461538461536 0.1466346153846154
1 0.40024038461538464 0.4639423076923077 0.20072115384615385 0.15865384615384615
2 0.18269230769230768 0.3858173076923077 0.17067307692307693 0.11899038461538461
2 0.1935096153846154 0.47596153846153844 0.16826923076923078 0.11778846153846154
2 0.17307692307692307 0.5637019230769231 0.16947115384615385 0.1141826923076923