5 0.28966346153846156 0.25961538461538464 0.41225961538461536 0.38341346153846156
5 0.5108173076923077 0.2860576923076923 0.23076923076923078 0.35336538461538464
13 0.5961538461538461 0.30288461538461536 0.22235576923076922 0.32091346153846156
4 0.7644230769230769 0.19230769230769232 0.18509615384615385 0.2091346153846154
14 0.8725961538461539 0.33774038461538464 0.16947115384615385 0.23317307692307693
14 0.7560096153846154 0.39783653846153844 0.15384615384615385 0.3581730769230769
11 0.7079326923076923 0.4543269230769231 0.12980769230769232 0.12620192307692307
3 0.5997596153846154 0.5384615384615384 0.08052884615384616 0.21754807692307693
11 0.41586538461538464 0.49759615384615385 0.13822115384615385 0.1310096153846154
14 0.5420673076923077 0.5024038461538461 0.3401442307692308 0.09495192307692307
14 0.5745192307692307 0.5829326923076923 0.35697115384615385 0.10336538461538461
5 0.22956730769230768 0.5288461538461539 0.296875 0.3713942307692308
13 0.234375 0.7367788461538461 0.3473557692307692 0.33653846153846156
11 0.1502403846153846 0.8088942307692307 0.10216346153846154 0.13701923076923078
14 0.3762019230769231 0.6742788461538461 0.20552884615384615 0.22716346153846154
5 0.5348557692307693 0.7487980769230769 0.4411057692307692 0.3317307692307692
6 0.8413461538461539 0.5348557692307693 0.23197115384615385 0.32572115384615385
13 0.8149038461538461 0.7043269230769231 0.29927884615384615 0.3076923076923077
14 0.8894230769230769 0.8521634615384616 0.22115384615384615 0.17668269230769232