11 0.43990384615384615 0.3918269230769231 0.09375 0.19831730769230768
11 0.5216346153846154 0.4423076923076923 0.10336538461538461 0.19110576923076922
11 0.5889423076923077 0.34375 0.08774038461538461 0.21153846153846154
1 0.8485576923076923 0.33533653846153844 0.2283653846153846 0.21875
1 0.8257211538461539 0.4495192307692308 0.22235576923076922 0.20793269230769232
16 0.6646634615384616 0.4567307692307692 0.11778846153846154 0.09134615384615384
12 0.6490384615384616 0.5288461538461539 0.18629807692307693 0.11057692307692307
12 0.6213942307692307 0.5865384615384616 0.1778846153846154 0.109375
1 0.7920673076923077 0.6262019230769231 0.15985576923076922 0.21875
5 0.24519230769230768 0.6370192307692307 0.42908653846153844 0.4579326923076923
5 0.5733173076923077 0.7355769230769231 0.5132211538461539 0.46033653846153844