15 0.7728365384615384 0.5733173076923077 0.2776442307692308 0.3317307692307692
2 0.6334134615384616 0.3016826923076923 0.17067307692307693 0.1658653846153846
12 0.5673076923076923 0.40384615384615385 0.18269230769230768 0.09134615384615384
0 0.6117788461538461 0.515625 0.14302884615384615 0.24519230769230768
12 0.5276442307692307 0.8004807692307693 0.18389423076923078 0.0829326923076923
2 0.5240384615384616 0.7067307692307693 0.17548076923076922 0.171875
16 0.33533653846153844 0.78125 0.1875 0.22956730769230768
7 0.4375 0.6177884615384616 0.14543269230769232 0.17908653846153846
11 0.16826923076923078 0.609375 0.17067307692307693 0.171875
11 0.11899038461538461 0.4651442307692308 0.12139423076923077 0.16947115384615385
12 0.2920673076923077 0.5889423076923077 0.14302884615384615 0.14783653846153846
7 0.3389423076923077 0.46634615384615385 0.125 0.1658653846153846
7 0.2247596153846154 0.45072115384615385 0.13942307692307693 0.1814903846153846
2 0.4050480769230769 0.34615384615384615 0.1658653846153846 0.10336538461538461