10 0.859375 0.31009615384615385 0.2776442307692308 0.2956730769230769
13 0.5216346153846154 0.23557692307692307 0.3485576923076923 0.3161057692307692
10 0.14182692307692307 0.3173076923076923 0.21754807692307693 0.23677884615384615
4 0.07932692307692307 0.5649038461538461 0.1141826923076923 0.2776442307692308
16 0.16706730769230768 0.6165865384615384 0.09735576923076923 0.1201923076923077
8 0.11778846153846154 0.7692307692307693 0.1201923076923077 0.09495192307692307
2 0.2860576923076923 0.7716346153846154 0.16466346153846154 0.13701923076923078
13 0.38341346153846156 0.6682692307692307 0.3557692307692308 0.34134615384615385
16 0.5913461538461539 0.8125 0.23317307692307693 0.17307692307692307
16 0.6814903846153846 0.90625 0.12139423076923077 0.11177884615384616
2 0.8413461538461539 0.7536057692307693 0.15144230769230768 0.15504807692307693
2 0.6538461538461539 0.6887019230769231 0.15144230769230768 0.10576923076923077
16 0.8425480769230769 0.5673076923076923 0.25961538461538464 0.2247596153846154
10 0.6129807692307693 0.4723557692307692 0.28846153846153844 0.2608173076923077
2 0.5300480769230769 0.5685096153846154 0.14423076923076922 0.15504807692307693
2 0.40865384615384615 0.43149038461538464 0.171875 0.171875
10 0.2848557692307692 0.5072115384615384 0.27283653846153844 0.2512019230769231