5 0.3293269230769231 0.27524038461538464 0.45552884615384615 0.3737980769230769
16 0.6622596153846154 0.2644230769230769 0.23317307692307693 0.1622596153846154
11 0.7776442307692307 0.39302884615384615 0.14302884615384615 0.15625
11 0.8257211538461539 0.53125 0.13701923076923078 0.1622596153846154
7 0.6105769230769231 0.43990384615384615 0.16466346153846154 0.13581730769230768
7 0.49038461538461536 0.5108173076923077 0.1658653846153846 0.11658653846153846
14 0.3293269230769231 0.48197115384615385 0.1971153846153846 0.23076923076923078
14 0.2860576923076923 0.6153846153846154 0.27403846153846156 0.28966346153846156
7 0.44350961538461536 0.6370192307692307 0.15504807692307693 0.15865384615384615
11 0.5649038461538461 0.6382211538461539 0.15625 0.15985576923076922
10 0.4639423076923077 0.8112980769230769 0.23677884615384615 0.2439903846153846
14 0.6574519230769231 0.640625 0.16706730769230768 0.20192307692307693
14 0.7199519230769231 0.6610576923076923 0.15865384615384615 0.21153846153846154
14 0.7475961538461539 0.7259615384615384 0.13221153846153846 0.22596153846153846
14 0.8569711538461539 0.7692307692307693 0.18509615384615385 0.24759615384615385
8 0.6442307692307693 0.8305288461538461 0.11778846153846154 0.11177884615384616