8 0.24519230769230768 0.1778846153846154 0.1141826923076923 0.08653846153846154
14 0.3581730769230769 0.3173076923076923 0.21634615384615385 0.23076923076923078
4 0.5024038461538461 0.12259615384615384 0.23677884615384615 0.24278846153846154
0 0.5540865384615384 0.49158653846153844 0.27884615384615385 0.11538461538461539
9 0.2247596153846154 0.46033653846153844 0.15865384615384615 0.15264423076923078
2 0.2512019230769231 0.8052884615384616 0.1971153846153846 0.10576923076923077
7 0.4951923076923077 0.7415865384615384 0.17427884615384615 0.3233173076923077
4 0.8641826923076923 0.5576923076923077 0.19110576923076922 0.23076923076923078
5 0.796875 0.2956730769230769 0.39783653846153844 0.3954326923076923
8 0.0985576923076923 0.30288461538461536 0.109375 0.12139423076923077
7 0.39783653846153844 0.4338942307692308 0.26322115384615385 0.2548076923076923
14 0.5829326923076923 0.3701923076923077 0.171875 0.18269230769230768
5 0.6899038461538461 0.6802884615384616 0.43509615384615385 0.40384615384615385
14 0.7752403846153846 0.8798076923076923 0.22235576923076922 0.1622596153846154
0 0.21033653846153846 0.6418269230769231 0.27884615384615385 0.17067307692307693
0 0.3798076923076923 0.6995192307692307 0.09495192307692307 0.28966346153846156
12 0.46033653846153844 0.4567307692307692 0.13942307692307693 0.13701923076923078