16 0.22355769230769232 0.35096153846153844 0.21394230769230768 0.29086538461538464
10 0.3329326923076923 0.3473557692307692 0.14543269230769232 0.1466346153846154
10 0.30649038461538464 0.515625 0.1502403846153846 0.1502403846153846
16 0.5240384615384616 0.23076923076923078 0.11538461538461539 0.10096153846153846
16 0.8305288461538461 0.16947115384615385 0.11899038461538461 0.08774038461538461
3 0.8545673076923077 0.31009615384615385 0.13341346153846154 0.21394230769230768
5 0.5829326923076923 0.39302884615384615 0.45913461538461536 0.3173076923076923
3 0.8665865384615384 0.47475961538461536 0.16706730769230768 0.18389423076923078
3 0.45913461538461536 0.5384615384615384 0.203125 0.11538461538461539
0 0.6213942307692307 0.6466346153846154 0.22235576923076922 0.203125
3 0.8497596153846154 0.6983173076923077 0.12860576923076922 0.2091346153846154
3 0.7439903846153846 0.6634615384615384 0.08653846153846154 0.21153846153846154
7 0.5721153846153846 0.7235576923076923 0.20432692307692307 0.22596153846153846
7 0.3629807692307692 0.6141826923076923 0.24639423076923078 0.11298076923076923
7 0.33653846153846156 0.7007211538461539 0.25 0.1310096153846154