6 0.32091346153846156 0.265625 0.31009615384615385 0.34375
6 0.5036057692307693 0.20072115384615385 0.35216346153846156 0.390625
6 0.3858173076923077 0.46634615384615385 0.3870192307692308 0.3581730769230769
9 0.6586538461538461 0.45552884615384615 0.15745192307692307 0.22956730769230768
14 0.8774038461538461 0.3173076923076923 0.17307692307692307 0.19831730769230768
8 0.7620192307692307 0.38461538461538464 0.09495192307692307 0.11778846153846154
8 0.828125 0.43028846153846156 0.09254807692307693 0.1141826923076923
12 0.6670673076923077 0.6862980769230769 0.0829326923076923 0.14543269230769232
14 0.8305288461538461 0.6141826923076923 0.23317307692307693 0.2091346153846154
1 0.2608173076923077 0.7776442307692307 0.14543269230769232 0.2403846153846154
1 0.36658653846153844 0.7572115384615384 0.12980769230769232 0.24278846153846154
1 0.4795673076923077 0.7451923076923077 0.13341346153846154 0.2439903846153846