13 0.2692307692307692 0.18629807692307693 0.3425480769230769 0.3701923076923077
16 0.6057692307692307 0.2956730769230769 0.16826923076923078 0.26802884615384615
7 0.7331730769230769 0.3329326923076923 0.140625 0.20432692307692307
13 0.8365384615384616 0.39663461538461536 0.32572115384615385 0.3701923076923077
7 0.25841346153846156 0.5192307692307693 0.17908653846153846 0.21153846153846154
0 0.39783653846153844 0.5733173076923077 0.16826923076923078 0.3629807692307692
16 0.5456730769230769 0.5745192307692307 0.20793269230769232 0.25841346153846156
16 0.6802884615384616 0.6189903846153846 0.1935096153846154 0.2764423076923077
0 0.21033653846153846 0.6586538461538461 0.375 0.17548076923076922
3 0.15625 0.8173076923076923 0.14423076923076922 0.2283653846153846
4 0.31490384615384615 0.8269230769230769 0.23076923076923078 0.17548076923076922
12 0.484375 0.8798076923076923 0.18990384615384615 0.078125
12 0.5408653846153846 0.8064903846153846 0.13221153846153846 0.17307692307692307
7 0.6646634615384616 0.7776442307692307 0.19591346153846154 0.1201923076923077
13 0.8269230769230769 0.7632211538461539 0.3016826923076923 0.34975961538461536