13 0.3112980769230769 0.3762019230769231 0.3233173076923077 0.3317307692307692
13 0.734375 0.3329326923076923 0.2668269230769231 0.32211538461538464
11 0.6346153846153846 0.4423076923076923 0.1201923076923077 0.1622596153846154
11 0.5192307692307693 0.4387019230769231 0.12620192307692307 0.16826923076923078
2 0.4254807692307692 0.5108173076923077 0.1310096153846154 0.1658653846153846
13 0.3173076923076923 0.6574519230769231 0.24278846153846154 0.3137019230769231
0 0.4423076923076923 0.7235576923076923 0.13942307692307693 0.2956730769230769
2 0.5372596153846154 0.6850961538461539 0.09375 0.15384615384615385
2 0.6213942307692307 0.6935096153846154 0.1045673076923077 0.1658653846153846
0 0.7512019230769231 0.5300480769230769 0.30408653846153844 0.13701923076923078
2 0.7584134615384616 0.6274038461538461 0.1778846153846154 0.14423076923076922
16 0.7908653846153846 0.7463942307692307 0.2536057692307692 0.21754807692307693