16 0.3581730769230769 0.3425480769230769 0.15625 0.19951923076923078
16 0.546875 0.3245192307692308 0.2091346153846154 0.22235576923076922
7 0.6875 0.2956730769230769 0.14423076923076922 0.1971153846153846
7 0.7644230769230769 0.31490384615384615 0.1502403846153846 0.19110576923076922
4 0.8762019230769231 0.4026442307692308 0.19471153846153846 0.15625
4 0.8677884615384616 0.5576923076923077 0.20673076923076922 0.171875
4 0.7259615384615384 0.5012019230769231 0.16706730769230768 0.18990384615384615
14 0.6081730769230769 0.5685096153846154 0.14302884615384615 0.203125
14 0.5252403846153846 0.6394230769230769 0.140625 0.20192307692307693
9 0.4206730769230769 0.5961538461538461 0.13221153846153846 0.22235576923076922
9 0.31971153846153844 0.6117788461538461 0.12740384615384615 0.21514423076923078
14 0.4483173076923077 0.8233173076923077 0.1502403846153846 0.19230769230769232
14 0.7451923076923077 0.7896634615384616 0.15504807692307693 0.21153846153846154
14 0.6574519230769231 0.8245192307692307 0.16466346153846154 0.20432692307692307