5 0.2704326923076923 0.3329326923076923 0.5108173076923077 0.43509615384615385
5 0.4375 0.27283653846153844 0.4699519230769231 0.3557692307692308
6 0.7932692307692307 0.18870192307692307 0.2860576923076923 0.35096153846153844
6 0.84375 0.41466346153846156 0.29927884615384615 0.31850961538461536
6 0.6778846153846154 0.3954326923076923 0.19471153846153846 0.2764423076923077
16 0.4567307692307692 0.5180288461538461 0.16466346153846154 0.2091346153846154
4 0.6274038461538461 0.4735576923076923 0.16826923076923078 0.21875
4 0.8413461538461539 0.6045673076923077 0.2608173076923077 0.17427884615384615
14 0.5853365384615384 0.5733173076923077 0.14182692307692307 0.18629807692307693
14 0.7524038461538461 0.5612980769230769 0.19230769230769232 0.13822115384615385
10 0.2764423076923077 0.5961538461538461 0.2848557692307692 0.2704326923076923
10 0.31971153846153844 0.7536057692307693 0.22596153846153846 0.1971153846153846
10 0.47115384615384615 0.8834134615384616 0.2127403846153846 0.20432692307692307
4 0.5612980769230769 0.7367788461538461 0.28966346153846156 0.2704326923076923
4 0.8317307692307693 0.7560096153846154 0.30649038461538464 0.21634615384615385
11 0.7091346153846154 0.8641826923076923 0.15625 0.20793269230769232
11 0.8870192307692307 0.875 0.21634615384615385 0.14783653846153846