5 0.7848557692307693 0.23918269230769232 0.42908653846153844 0.47596153846153844
5 0.4170673076923077 0.24759615384615385 0.3918269230769231 0.4699519230769231
6 0.23317307692307693 0.30408653846153844 0.23197115384615385 0.3173076923076923
6 0.6262019230769231 0.41225961538461536 0.23798076923076922 0.2848557692307692
2 0.8100961538461539 0.546875 0.12860576923076922 0.1658653846153846
8 0.8918269230769231 0.47716346153846156 0.07932692307692307 0.109375
2 0.6634615384615384 0.5745192307692307 0.17307692307692307 0.1346153846153846
2 0.4411057692307692 0.5661057692307693 0.16105769230769232 0.11778846153846154
14 0.8737980769230769 0.6574519230769231 0.12379807692307693 0.17307692307692307
16 0.20192307692307693 0.5817307692307693 0.2439903846153846 0.25721153846153844
7 0.6370192307692307 0.6754807692307693 0.3269230769230769 0.09735576923076923
7 0.43509615384615385 0.7295673076923077 0.27403846153846156 0.25240384615384615
1 0.7596153846153846 0.7824519230769231 0.12620192307692307 0.23197115384615385
1 0.6346153846153846 0.8137019230769231 0.15865384615384615 0.2283653846153846
1 0.49158653846153844 0.8605769230769231 0.2247596153846154 0.16947115384615385
13 0.29447115384615385 0.7932692307692307 0.3449519230769231 0.34615384615384615