10 0.32572115384615385 0.2608173076923077 0.2920673076923077 0.2668269230769231
10 0.28725961538461536 0.7524038461538461 0.2800480769230769 0.25841346153846156
10 0.5144230769230769 0.75 0.23557692307692307 0.21153846153846154
16 0.5504807692307693 0.5216346153846154 0.24519230769230768 0.19591346153846154
16 0.7668269230769231 0.34375 0.16466346153846154 0.21875
16 0.1875 0.5252403846153846 0.15384615384615385 0.23557692307692307
13 0.5372596153846154 0.3137019230769231 0.19230769230769232 0.28365384615384615
13 0.33653846153846156 0.4579326923076923 0.20192307692307693 0.25240384615384615
14 0.6538461538461539 0.38221153846153844 0.07692307692307693 0.23557692307692307
14 0.5420673076923077 0.6141826923076923 0.22596153846153846 0.11658653846153846
14 0.3870192307692308 0.6310096153846154 0.2283653846153846 0.0889423076923077
8 0.7283653846153846 0.47716346153846156 0.11538461538461539 0.0733173076923077
8 0.7860576923076923 0.5240384615384616 0.12259615384615384 0.078125
8 0.6814903846153846 0.6875 0.11658653846153846 0.10096153846153846