9 0.14302884615384615 0.35697115384615385 0.25600961538461536 0.2548076923076923
9 0.35697115384615385 0.2247596153846154 0.24639423076923078 0.2512019230769231
9 0.8461538461538461 0.609375 0.19951923076923078 0.22115384615384615
0 0.3389423076923077 0.40384615384615385 0.17908653846153846 0.10576923076923077
0 0.5889423076923077 0.47716346153846156 0.17548076923076922 0.14302884615384615
0 0.6310096153846154 0.6213942307692307 0.1778846153846154 0.11177884615384616
0 0.4951923076923077 0.3317307692307692 0.10096153846153846 0.23798076923076922
9 0.6382211538461539 0.3425480769230769 0.21514423076923078 0.11538461538461539
9 0.7776442307692307 0.3449519230769231 0.11778846153846154 0.21875
4 0.4326923076923077 0.5012019230769231 0.1814903846153846 0.1622596153846154
7 0.20673076923076922 0.609375 0.3245192307692308 0.17427884615384615
7 0.13221153846153846 0.6923076923076923 0.25 0.2848557692307692
7 0.4026442307692308 0.7199519230769231 0.30528846153846156 0.21754807692307693
15 0.1622596153846154 0.8401442307692307 0.11057692307692307 0.1201923076923077
15 0.9050480769230769 0.7644230769230769 0.07932692307692307 0.12980769230769232
7 0.5552884615384616 0.7692307692307693 0.13942307692307693 0.20793269230769232