0 0.4206730769230769 0.3173076923076923 0.1141826923076923 0.23197115384615385
7 0.6310096153846154 0.24519230769230768 0.15144230769230768 0.2439903846153846
7 0.30408653846153844 0.27403846153846156 0.1141826923076923 0.2439903846153846
7 0.1875 0.29927884615384615 0.1466346153846154 0.23798076923076922
4 0.5853365384615384 0.44591346153846156 0.22355769230769232 0.24519230769230768
5 0.8293269230769231 0.35096153846153844 0.3389423076923077 0.46634615384615385
5 0.78125 0.6790865384615384 0.43509615384615385 0.28966346153846156
11 0.5408653846153846 0.6370192307692307 0.08052884615384616 0.13822115384615385
11 0.3125 0.5504807692307693 0.13221153846153846 0.1045673076923077
14 0.43990384615384615 0.5300480769230769 0.16826923076923078 0.21394230769230768
14 0.16826923076923078 0.5480769230769231 0.18389423076923078 0.21754807692307693
11 0.35697115384615385 0.6911057692307693 0.16105769230769232 0.1201923076923077
6 0.171875 0.7884615384615384 0.21754807692307693 0.2644230769230769
14 0.44471153846153844 0.734375 0.12620192307692307 0.23317307692307693
9 0.75 0.8365384615384616 0.22716346153846154 0.140625