16 0.39903846153846156 0.359375 0.23317307692307693 0.25600961538461536
16 0.3233173076923077 0.5673076923076923 0.23076923076923078 0.2620192307692308
12 0.5180288461538461 0.4254807692307692 0.12740384615384615 0.08533653846153846
12 0.5612980769230769 0.5132211538461539 0.1310096153846154 0.11298076923076923
0 0.4891826923076923 0.5661057692307693 0.18990384615384615 0.13701923076923078
15 0.5060096153846154 0.6550480769230769 0.17427884615384615 0.06850961538461539
15 0.46634615384615385 0.7091346153846154 0.17427884615384615 0.08533653846153846
12 0.6177884615384616 0.4495192307692308 0.10336538461538461 0.16706730769230768
1 0.6911057692307693 0.5649038461538461 0.23677884615384615 0.2403846153846154
1 0.7115384615384616 0.6165865384615384 0.24278846153846154 0.18269230769230768
1 0.7007211538461539 0.6971153846153846 0.25841346153846156 0.18990384615384615