7 0.1622596153846154 0.10697115384615384 0.15144230769230768 0.21153846153846154
7 0.27884615384615385 0.1658653846153846 0.1875 0.09975961538461539
12 0.25600961538461536 0.06610576923076923 0.0733173076923077 0.12860576923076922
1 0.5384615384615384 0.21995192307692307 0.07091346153846154 0.1466346153846154
1 0.6262019230769231 0.12860576923076922 0.15504807692307693 0.06370192307692307
6 0.7704326923076923 0.21033653846153846 0.3329326923076923 0.2403846153846154
6 0.8004807692307693 0.42908653846153844 0.32211538461538464 0.34975961538461536
9 0.5685096153846154 0.36177884615384615 0.20673076923076922 0.13822115384615385
9 0.5600961538461539 0.4651442307692308 0.19951923076923078 0.11778846153846154
2 0.4014423076923077 0.4375 0.13341346153846154 0.11298076923076923
10 0.7692307692307693 0.6478365384615384 0.16466346153846154 0.17067307692307693
9 0.6382211538461539 0.6658653846153846 0.12259615384615384 0.21033653846153846
1 0.7872596153846154 0.8605769230769231 0.11057692307692307 0.15144230769230768
12 0.7079326923076923 0.7980769230769231 0.12740384615384615 0.13581730769230768
6 0.47475961538461536 0.6838942307692307 0.2692307692307692 0.34975961538461536
2 0.3173076923076923 0.5949519230769231 0.13942307692307693 0.11298076923076923
10 0.2800480769230769 0.7704326923076923 0.17067307692307693 0.18269230769230768
10 0.14182692307692307 0.7223557692307693 0.18870192307692307 0.171875
9 0.19230769230769232 0.48677884615384615 0.29086538461538464 0.3870192307692308