5 0.27403846153846156 0.33774038461538464 0.3918269230769231 0.4411057692307692
5 0.5432692307692307 0.27524038461538464 0.4879807692307692 0.4026442307692308
16 0.8425480769230769 0.3713942307692308 0.22716346153846154 0.2548076923076923
7 0.6574519230769231 0.4579326923076923 0.12259615384615384 0.16947115384615385
2 0.32211538461538464 0.6105769230769231 0.18629807692307693 0.15625
2 0.4411057692307692 0.5456730769230769 0.15745192307692307 0.17548076923076922
2 0.5709134615384616 0.5444711538461539 0.13221153846153846 0.17668269230769232
11 0.28846153846153844 0.7896634615384616 0.12740384615384615 0.16466346153846154
11 0.39783653846153844 0.7908653846153846 0.10336538461538461 0.15384615384615385
7 0.5456730769230769 0.6622596153846154 0.1622596153846154 0.09975961538461539
7 0.6971153846153846 0.7259615384615384 0.14423076923076922 0.1658653846153846
16 0.7800480769230769 0.6045673076923077 0.2620192307692308 0.25600961538461536
11 0.5552884615384616 0.7824519230769231 0.12379807692307693 0.07572115384615384
3 0.49158653846153844 0.8677884615384616 0.19591346153846154 0.1045673076923077
8 0.6694711538461539 0.8185096153846154 0.0889423076923077 0.1141826923076923
14 0.7752403846153846 0.8076923076923077 0.1502403846153846 0.1935096153846154