5 0.34615384615384615 0.29447115384615385 0.44350961538461536 0.3125
7 0.5697115384615384 0.3737980769230769 0.0985576923076923 0.3317307692307692
7 0.6802884615384616 0.28125 0.16947115384615385 0.3233173076923077
16 0.8389423076923077 0.2920673076923077 0.2824519230769231 0.30649038461538464
10 0.7115384615384616 0.46875 0.26802884615384615 0.21875
8 0.8629807692307693 0.5552884615384616 0.1045673076923077 0.11658653846153846
1 0.78125 0.5925480769230769 0.109375 0.13701923076923078
1 0.8125 0.7211538461538461 0.1310096153846154 0.13701923076923078
16 0.44591346153846156 0.5012019230769231 0.23317307692307693 0.296875
6 0.27403846153846156 0.5637019230769231 0.2824519230769231 0.26322115384615385
8 0.17548076923076922 0.6730769230769231 0.10817307692307693 0.11899038461538461
6 0.6418269230769231 0.7151442307692307 0.30649038461538464 0.34615384615384615
3 0.2692307692307692 0.7512019230769231 0.051682692307692304 0.17548076923076922
3 0.3641826923076923 0.6959134615384616 0.12740384615384615 0.1658653846153846
3 0.3701923076923077 0.796875 0.12259615384615384 0.1935096153846154
3 0.45552884615384615 0.765625 0.0625 0.20432692307692307
3 0.5168269230769231 0.7932692307692307 0.0733173076923077 0.20432692307692307
8 0.8004807692307693 0.8353365384615384 0.1201923076923077 0.11658653846153846