16 0.2247596153846154 0.30288461538461536 0.1778846153846154 0.27884615384615385
16 0.6081730769230769 0.3329326923076923 0.22716346153846154 0.2932692307692308
16 0.8149038461538461 0.3425480769230769 0.20432692307692307 0.22115384615384615
16 0.7091346153846154 0.4987980769230769 0.22956730769230768 0.21153846153846154
7 0.3557692307692308 0.3449519230769231 0.11658653846153846 0.15985576923076922
7 0.44350961538461536 0.38461538461538464 0.11057692307692307 0.16346153846153846
9 0.8377403846153846 0.6201923076923077 0.1935096153846154 0.21153846153846154
9 0.7151442307692307 0.7788461538461539 0.21033653846153846 0.1141826923076923
9 0.4338942307692308 0.6742788461538461 0.20072115384615385 0.1814903846153846
16 0.39783653846153844 0.5012019230769231 0.09134615384615384 0.11298076923076923
16 0.5 0.5096153846153846 0.10576923076923077 0.07572115384615384
7 0.15865384615384615 0.47115384615384615 0.3088942307692308 0.08533653846153846
7 0.5276442307692307 0.6057692307692307 0.3088942307692308 0.12860576923076922
12 0.1622596153846154 0.5612980769230769 0.30288461538461536 0.1466346153846154
12 0.24519230769230768 0.6105769230769231 0.31009615384615385 0.16947115384615385
12 0.19230769230769232 0.6983173076923077 0.29927884615384615 0.16826923076923078
10 0.25721153846153844 0.8209134615384616 0.2692307692307692 0.2668269230769231
4 0.5096153846153846 0.8870192307692307 0.27283653846153844 0.10576923076923077