4 0.6382211538461539 0.28966346153846156 0.2620192307692308 0.22596153846153846
12 0.6502403846153846 0.4387019230769231 0.18990384615384615 0.15144230769230768
3 0.8293269230769231 0.5360576923076923 0.18389423076923078 0.15625
8 0.7848557692307693 0.609375 0.10096153846153846 0.10697115384615384
1 0.625 0.6033653846153846 0.12379807692307693 0.1045673076923077
2 0.5637019230769231 0.4639423076923077 0.18269230769230768 0.15745192307692307
13 0.44711538461538464 0.7259615384615384 0.3581730769230769 0.31850961538461536
4 0.37259615384615385 0.43990384615384615 0.15264423076923078 0.23076923076923078
1 0.5697115384615384 0.6177884615384616 0.09134615384615384 0.1310096153846154
8 0.7331730769230769 0.6742788461538461 0.10216346153846154 0.1141826923076923
8 0.6814903846153846 0.7451923076923077 0.11177884615384616 0.11778846153846154