14 0.7932692307692307 0.6454326923076923 0.2127403846153846 0.3329326923076923
16 0.6875 0.6286057692307693 0.109375 0.12740384615384615
1 0.8774038461538461 0.359375 0.19230769230769232 0.20552884615384615
1 0.765625 0.4519230769230769 0.18629807692307693 0.2127403846153846
14 0.7932692307692307 0.23798076923076922 0.16706730769230768 0.20793269230769232
0 0.7235576923076923 0.31971153846153844 0.10336538461538461 0.23798076923076922
16 0.5925480769230769 0.8052884615384616 0.11778846153846154 0.11538461538461539
9 0.6298076923076923 0.6850961538461539 0.1658653846153846 0.1814903846153846
4 0.5060096153846154 0.71875 0.1778846153846154 0.21875
0 0.5841346153846154 0.5456730769230769 0.23557692307692307 0.1045673076923077
13 0.5036057692307693 0.390625 0.3125 0.23798076923076922
0 0.6286057692307693 0.27283653846153844 0.11658653846153846 0.23918269230769232
4 0.2608173076923077 0.8257211538461539 0.15144230769230768 0.17668269230769232
9 0.17668269230769232 0.734375 0.18389423076923078 0.18269230769230768
5 0.3701923076923077 0.6694711538461539 0.49158653846153844 0.5072115384615384
13 0.2800480769230769 0.34615384615384615 0.2776442307692308 0.3641826923076923
13 0.41466346153846156 0.21514423076923078 0.3004807692307692 0.23918269230769232