10 0.8665865384615384 0.28966346153846156 0.1875 0.1875
10 0.859375 0.45072115384615385 0.17067307692307693 0.1658653846153846
10 0.7764423076923077 0.5889423076923077 0.15264423076923078 0.20432692307692307
11 0.7283653846153846 0.7391826923076923 0.12139423076923077 0.16105769230769232
7 0.6117788461538461 0.703125 0.14903846153846154 0.2512019230769231
7 0.515625 0.703125 0.14783653846153846 0.24759615384615385
7 0.34134615384615385 0.7247596153846154 0.2403846153846154 0.14423076923076922
6 0.6225961538461539 0.46153846153846156 0.20793269230769232 0.2644230769230769
13 0.44471153846153844 0.4855769230769231 0.30649038461538464 0.3112980769230769
13 0.25841346153846156 0.5733173076923077 0.3161057692307692 0.30528846153846156
5 0.5901442307692307 0.27283653846153844 0.46634615384615385 0.3870192307692308
5 0.2620192307692308 0.33413461538461536 0.296875 0.49038461538461536