4 0.36778846153846156 0.27163461538461536 0.2439903846153846 0.1875
4 0.7199519230769231 0.3545673076923077 0.13942307692307693 0.2283653846153846
16 0.5588942307692307 0.3641826923076923 0.22956730769230768 0.234375
16 0.5108173076923077 0.5120192307692307 0.2247596153846154 0.2247596153846154
4 0.4050480769230769 0.5564903846153846 0.2800480769230769 0.25
4 0.5264423076923077 0.7055288461538461 0.2800480769230769 0.13221153846153846
11 0.3112980769230769 0.6334134615384616 0.18028846153846154 0.16947115384615385
11 0.6586538461538461 0.6141826923076923 0.12379807692307693 0.1875
0 0.8185096153846154 0.49759615384615385 0.10096153846153846 0.1622596153846154
0 0.7259615384615384 0.5637019230769231 0.14182692307692307 0.17067307692307693
3 0.49399038461538464 0.8028846153846154 0.20072115384615385 0.08653846153846154