16 0.33533653846153844 0.25721153846153844 0.23317307692307693 0.22716346153846154
16 0.5444711538461539 0.18870192307692307 0.20793269230769232 0.18269230769230768
10 0.7512019230769231 0.22235576923076922 0.2536057692307692 0.24158653846153846
10 0.8233173076923077 0.41586538461538464 0.25240384615384615 0.2848557692307692
9 0.28365384615384615 0.484375 0.15625 0.21514423076923078
0 0.4074519230769231 0.4723557692307692 0.12980769230769232 0.27884615384615385
0 0.47836538461538464 0.4987980769230769 0.12860576923076922 0.27884615384615385
0 0.5721153846153846 0.48197115384615385 0.09254807692307693 0.28125
12 0.6526442307692307 0.3629807692307692 0.07572115384615384 0.1502403846153846
12 0.6334134615384616 0.5264423076923077 0.07932692307692307 0.15384615384615385
16 0.7175480769230769 0.5757211538461539 0.10576923076923077 0.07572115384615384
16 0.8557692307692307 0.5757211538461539 0.1141826923076923 0.07932692307692307
16 0.20072115384615385 0.6514423076923077 0.07932692307692307 0.109375
2 0.28725961538461536 0.671875 0.10096153846153846 0.15384615384615385
16 0.29447115384615385 0.8149038461538461 0.20432692307692307 0.18028846153846154
10 0.4987980769230769 0.7367788461538461 0.25600961538461536 0.24278846153846154
14 0.6802884615384616 0.6778846153846154 0.16706730769230768 0.11538461538461539
14 0.828125 0.6610576923076923 0.16947115384615385 0.10817307692307693
15 0.6538461538461539 0.8269230769230769 0.24519230769230768 0.19831730769230768