14 0.6923076923076923 0.8425480769230769 0.18269230769230768 0.22235576923076922
9 0.8317307692307693 0.7319711538461539 0.19591346153846154 0.18269230769230768
8 0.7175480769230769 0.6802884615384616 0.0889423076923077 0.1201923076923077
9 0.7956730769230769 0.5625 0.20552884615384615 0.1778846153846154
9 0.6418269230769231 0.6598557692307693 0.14783653846153846 0.22596153846153846
9 0.5504807692307693 0.6706730769230769 0.15264423076923078 0.22596153846153846
6 0.47836538461538464 0.8365384615384616 0.30528846153846156 0.24639423076923078
0 0.6442307692307693 0.4110576923076923 0.20192307692307693 0.33774038461538464
2 0.5132211538461539 0.4831730769230769 0.07932692307692307 0.20192307692307693
4 0.40625 0.6622596153846154 0.1346153846153846 0.10697115384615384
0 0.4423076923076923 0.42788461538461536 0.10336538461538461 0.3581730769230769
2 0.3701923076923077 0.5084134615384616 0.07091346153846154 0.21033653846153846
4 0.2439903846153846 0.7680288461538461 0.1658653846153846 0.1622596153846154
8 0.28725961538461536 0.6442307692307693 0.11658653846153846 0.06850961538461539
14 0.10576923076923077 0.8040865384615384 0.19591346153846154 0.21875
9 0.13581730769230768 0.6081730769230769 0.2127403846153846 0.12259615384615384
0 0.2920673076923077 0.4338942307692308 0.10697115384615384 0.359375
2 0.22596153846153846 0.48197115384615385 0.0985576923076923 0.20673076923076922
2 0.14423076923076922 0.4579326923076923 0.10576923076923077 0.16346153846153846
2 0.22355769230769232 0.30408653846153844 0.1310096153846154 0.171875