9 0.16346153846153846 0.3233173076923077 0.1658653846153846 0.15625
4 0.08653846153846154 0.4567307692307692 0.16346153846153846 0.13581730769230768
9 0.11538461538461539 0.5709134615384616 0.16826923076923078 0.16466346153846154
2 0.125 0.7139423076923077 0.09615384615384616 0.15865384615384615
13 0.2668269230769231 0.765625 0.23557692307692307 0.28365384615384615
2 0.4170673076923077 0.7548076923076923 0.09495192307692307 0.15985576923076922
10 0.49399038461538464 0.8978365384615384 0.2620192307692308 0.20432692307692307
1 0.7800480769230769 0.9278846153846154 0.23317307692307693 0.14423076923076922
5 0.7019230769230769 0.6478365384615384 0.4951923076923077 0.3713942307692308
5 0.7199519230769231 0.3401442307692308 0.4723557692307692 0.3389423076923077
13 0.34375 0.5264423076923077 0.31490384615384615 0.2608173076923077
12 0.43149038461538464 0.36778846153846156 0.14182692307692307 0.12860576923076922
8 0.2848557692307692 0.27884615384615385 0.10576923076923077 0.1201923076923077
8 0.3269230769230769 0.3713942307692308 0.1201923076923077 0.1201923076923077