10 0.3858173076923077 0.3112980769230769 0.25240384615384615 0.2692307692307692
10 0.6430288461538461 0.2548076923076923 0.27283653846153844 0.2548076923076923
2 0.5901442307692307 0.38822115384615385 0.09975961538461539 0.12620192307692307
2 0.6923076923076923 0.4375 0.125 0.12980769230769232
7 0.5757211538461539 0.47475961538461536 0.31490384615384615 0.14543269230769232
7 0.3713942307692308 0.49278846153846156 0.27524038461538464 0.234375
8 0.5336538461538461 0.5396634615384616 0.12860576923076922 0.10096153846153846
2 0.6298076923076923 0.5997596153846154 0.13221153846153846 0.11298076923076923
15 0.41225961538461536 0.5817307692307693 0.125 0.06850961538461539
15 0.30528846153846156 0.5600961538461539 0.055288461538461536 0.12980769230769232
15 0.3329326923076923 0.6298076923076923 0.12860576923076922 0.06129807692307692
8 0.39663461538461536 0.6838942307692307 0.125 0.08653846153846154
14 0.6514423076923077 0.7055288461538461 0.3473557692307692 0.14182692307692307