10 0.47115384615384615 0.3545673076923077 0.23798076923076922 0.25961538461538464
1 0.8377403846153846 0.8870192307692307 0.09375 0.18389423076923078
2 0.7247596153846154 0.7403846153846154 0.13942307692307693 0.17548076923076922
14 0.6610576923076923 0.8521634615384616 0.13942307692307693 0.1875
4 0.3016826923076923 0.31490384615384615 0.15504807692307693 0.24158653846153846
14 0.12740384615384615 0.30528846153846156 0.21754807692307693 0.26322115384615385
14 0.328125 0.5600961538461539 0.19471153846153846 0.25721153846153844
10 0.14182692307692307 0.5901442307692307 0.22716346153846154 0.27163461538461536
4 0.4891826923076923 0.6310096153846154 0.18629807692307693 0.24158653846153846
14 0.42908653846153844 0.8762019230769231 0.25841346153846156 0.2127403846153846
5 0.17307692307692307 0.8605769230769231 0.328125 0.26802884615384615
1 0.6009615384615384 0.5745192307692307 0.14543269230769232 0.14783653846153846
0 0.6778846153846154 0.5216346153846154 0.33413461538461536 0.24639423076923078
13 0.8810096153846154 0.6057692307692307 0.23197115384615385 0.3004807692307692
13 0.8269230769230769 0.35697115384615385 0.3233173076923077 0.28725961538461536
13 0.6947115384615384 0.16346153846153846 0.33774038461538464 0.32572115384615385
16 0.22115384615384615 0.09134615384615384 0.2512019230769231 0.17668269230769232