15 0.8209134615384616 0.5516826923076923 0.19831730769230768 0.21033653846153846
15 0.7067307692307693 0.7235576923076923 0.21514423076923078 0.25961538461538464
8 0.6418269230769231 0.6165865384615384 0.12139423076923077 0.08653846153846154
8 0.6670673076923077 0.5540865384615384 0.1201923076923077 0.09254807692307693
10 0.5709134615384616 0.734375 0.19230769230769232 0.1935096153846154
15 0.37259615384615385 0.8004807692307693 0.2860576923076923 0.23076923076923078
2 0.5384615384615384 0.5841346153846154 0.09615384615384616 0.12259615384615384
7 0.7283653846153846 0.4362980769230769 0.1935096153846154 0.0829326923076923
7 0.5228365384615384 0.4807692307692308 0.17908653846153846 0.0889423076923077
7 0.5408653846153846 0.39783653846153844 0.18629807692307693 0.11057692307692307
14 0.6646634615384616 0.27524038461538464 0.2548076923076923 0.25600961538461536
14 0.35096153846153844 0.6454326923076923 0.23798076923076922 0.20552884615384615
16 0.39663461538461536 0.5084134615384616 0.0829326923076923 0.11057692307692307
16 0.2932692307692308 0.45552884615384615 0.21995192307692307 0.2608173076923077
16 0.36658653846153844 0.27524038461538464 0.23557692307692307 0.16947115384615385