16 0.23197115384615385 0.27884615384615385 0.21514423076923078 0.3137019230769231
0 0.39302884615384615 0.1935096153846154 0.10336538461538461 0.16466346153846154
0 0.40625 0.3449519230769231 0.12139423076923077 0.16947115384615385
10 0.5360576923076923 0.23918269230769232 0.20673076923076922 0.26802884615384615
6 0.7235576923076923 0.24759615384615385 0.21033653846153846 0.2848557692307692
4 0.8774038461538461 0.26802884615384615 0.16466346153846154 0.19951923076923078
0 0.19951923076923078 0.5516826923076923 0.16346153846153846 0.15985576923076922
0 0.3401442307692308 0.47716346153846156 0.1502403846153846 0.16105769230769232
0 0.3894230769230769 0.5576923076923077 0.1466346153846154 0.171875
3 0.21153846153846154 0.6201923076923077 0.17427884615384615 0.12259615384615384
6 0.5324519230769231 0.4639423076923077 0.25961538461538464 0.30408653846153844
3 0.3449519230769231 0.7163461538461539 0.16826923076923078 0.12620192307692307
16 0.2776442307692308 0.8185096153846154 0.31971153846153844 0.2692307692307692
10 0.5324519230769231 0.7572115384615384 0.28966346153846156 0.3016826923076923
4 0.6394230769230769 0.6334134615384616 0.15504807692307693 0.19591346153846154
3 0.6394230769230769 0.45552884615384615 0.10216346153846154 0.1622596153846154
3 0.6875 0.46274038461538464 0.11899038461538461 0.18509615384615385
3 0.7235576923076923 0.5072115384615384 0.09735576923076923 0.14182692307692307
10 0.8545673076923077 0.49759615384615385 0.27524038461538464 0.2860576923076923
10 0.8137019230769231 0.7379807692307693 0.2512019230769231 0.2824519230769231