6 0.7716346153846154 0.5300480769230769 0.296875 0.34615384615384615
6 0.5841346153846154 0.6850961538461539 0.28966346153846156 0.3449519230769231
6 0.5841346153846154 0.41586538461538464 0.328125 0.28365384615384615
4 0.7163461538461539 0.7872596153846154 0.19110576923076922 0.2704326923076923
9 0.2283653846153846 0.4831730769230769 0.17427884615384615 0.18509615384615385
9 0.1658653846153846 0.6382211538461539 0.18870192307692307 0.20072115384615385
8 0.12259615384615384 0.7860576923076923 0.13221153846153846 0.0673076923076923
8 0.390625 0.7415865384615384 0.10096153846153846 0.06370192307692307
3 0.3004807692307692 0.7439903846153846 0.07932692307692307 0.19591346153846154
7 0.3449519230769231 0.5492788461538461 0.16826923076923078 0.33413461538461536
9 0.40865384615384615 0.6189903846153846 0.12620192307692307 0.24879807692307693
9 0.37740384615384615 0.3112980769230769 0.21394230769230768 0.17908653846153846