5 0.22355769230769232 0.2704326923076923 0.3088942307692308 0.4338942307692308
4 0.4807692307692308 0.3545673076923077 0.20192307692307693 0.0985576923076923
14 0.7007211538461539 0.26322115384615385 0.19831730769230768 0.2127403846153846
14 0.625 0.3112980769230769 0.18269230769230768 0.18870192307692307
4 0.6862980769230769 0.4807692307692308 0.09495192307692307 0.17908653846153846
4 0.5973557692307693 0.5420673076923077 0.09375 0.18629807692307693
8 0.36778846153846156 0.4182692307692308 0.12980769230769232 0.1201923076923077
5 0.28966346153846156 0.6947115384615384 0.3076923076923077 0.43149038461538464
14 0.45913461538461536 0.5841346153846154 0.1778846153846154 0.21153846153846154
1 0.44591346153846156 0.734375 0.1201923076923077 0.19951923076923078
3 0.5480769230769231 0.8004807692307693 0.16346153846153846 0.21394230769230768
5 0.7584134615384616 0.6947115384615384 0.4795673076923077 0.45552884615384615