14 0.53125 0.16105769230769232 0.13942307692307693 0.19951923076923078
16 0.6514423076923077 0.23076923076923078 0.22235576923076922 0.19230769230769232
0 0.5949519230769231 0.5204326923076923 0.10817307692307693 0.38100961538461536
7 0.6959134615384616 0.4879807692307692 0.1141826923076923 0.2439903846153846
13 0.19951923076923078 0.48677884615384615 0.33653846153846156 0.3762019230769231
9 0.2800480769230769 0.703125 0.125 0.21634615384615385
10 0.8425480769230769 0.6862980769230769 0.21514423076923078 0.25
12 0.5324519230769231 0.8341346153846154 0.20552884615384615 0.15384615384615385
8 0.671875 0.8016826923076923 0.09615384615384616 0.1201923076923077
13 0.31850961538461536 0.20673076923076922 0.3329326923076923 0.3629807692307692
16 0.8064903846153846 0.29447115384615385 0.1875 0.21514423076923078
16 0.8365384615384616 0.4639423076923077 0.21995192307692307 0.17908653846153846
8 0.7355769230769231 0.7632211538461539 0.11177884615384616 0.12740384615384615
8 0.5985576923076923 0.8677884615384616 0.11899038461538461 0.11057692307692307
9 0.4879807692307692 0.7848557692307693 0.21995192307692307 0.17668269230769232
7 0.4495192307692308 0.6971153846153846 0.24158653846153846 0.125
7 0.7103365384615384 0.6502403846153846 0.2091346153846154 0.20793269230769232
0 0.3942307692307692 0.39903846153846156 0.18870192307692307 0.3629807692307692
0 0.4795673076923077 0.4567307692307692 0.18870192307692307 0.36538461538461536