13 0.15865384615384615 0.21995192307692307 0.31490384615384615 0.38341346153846156
10 0.4567307692307692 0.15384615384615385 0.3016826923076923 0.29927884615384615
10 0.7896634615384616 0.28725961538461536 0.23798076923076922 0.234375
4 0.5709134615384616 0.37740384615384615 0.1045673076923077 0.2776442307692308
13 0.7692307692307693 0.5360576923076923 0.23557692307692307 0.29927884615384615
12 0.41225961538461536 0.31490384615384615 0.15144230769230768 0.13822115384615385
3 0.2800480769230769 0.390625 0.1466346153846154 0.19230769230769232
2 0.3545673076923077 0.4567307692307692 0.171875 0.171875
12 0.46274038461538464 0.49278846153846156 0.140625 0.12860576923076922
16 0.1201923076923077 0.6009615384615384 0.21995192307692307 0.2644230769230769
3 0.2644230769230769 0.6213942307692307 0.16346153846153846 0.18509615384615385
3 0.43028846153846156 0.5673076923076923 0.19591346153846154 0.14543269230769232
3 0.26802884615384615 0.703125 0.17307692307692307 0.17067307692307693
4 0.546875 0.5745192307692307 0.2692307692307692 0.19110576923076922
16 0.23076923076923078 0.890625 0.25721153846153844 0.1778846153846154
16 0.49038461538461536 0.9014423076923077 0.09375 0.125
3 0.5889423076923077 0.7632211538461539 0.17067307692307693 0.1045673076923077
16 0.7379807692307693 0.7800480769230769 0.15865384615384615 0.24158653846153846
16 0.8786057692307693 0.8112980769230769 0.15264423076923078 0.2548076923076923