10 0.20432692307692307 0.11177884615384616 0.20192307692307693 0.2091346153846154
10 0.3401442307692308 0.2608173076923077 0.30649038461538464 0.28725961538461536
4 0.5685096153846154 0.24278846153846154 0.24519230769230768 0.21394230769230768
16 0.7139423076923077 0.34615384615384615 0.21514423076923078 0.2692307692307692
10 0.8629807692307693 0.453125 0.21514423076923078 0.20192307692307693
7 0.5637019230769231 0.42788461538461536 0.13581730769230768 0.17307692307692307
10 0.27283653846153844 0.4699519230769231 0.2536057692307692 0.2776442307692308
0 0.5504807692307693 0.6117788461538461 0.21995192307692307 0.33653846153846156
5 0.7055288461538461 0.5901442307692307 0.2860576923076923 0.31009615384615385
4 0.7716346153846154 0.7127403846153846 0.23918269230769232 0.25
12 0.2704326923076923 0.6899038461538461 0.18870192307692307 0.15865384615384615
5 0.4495192307692308 0.6586538461538461 0.29086538461538464 0.32211538461538464
10 0.8725961538461539 0.8377403846153846 0.2536057692307692 0.3088942307692308
1 0.6274038461538461 0.9002403846153846 0.2439903846153846 0.13822115384615385
1 0.37740384615384615 0.8569711538461539 0.24278846153846154 0.1502403846153846