13 0.29086538461538464 0.2608173076923077 0.328125 0.34615384615384615
3 0.5841346153846154 0.2848557692307692 0.19831730769230768 0.1814903846153846
7 0.5396634615384616 0.35216346153846156 0.13942307692307693 0.171875
3 0.9158653846153846 0.390625 0.078125 0.20192307692307693
2 0.7788461538461539 0.47716346153846156 0.12860576923076922 0.1622596153846154
10 0.6574519230769231 0.4963942307692308 0.19831730769230768 0.20072115384615385
10 0.4423076923076923 0.5925480769230769 0.19591346153846154 0.19591346153846154
7 0.4170673076923077 0.47596153846153844 0.33533653846153844 0.11658653846153846
3 0.8846153846153846 0.7439903846153846 0.09495192307692307 0.20192307692307693
3 0.7560096153846154 0.8425480769230769 0.1971153846153846 0.1346153846153846
7 0.6923076923076923 0.671875 0.13822115384615385 0.18509615384615385
2 0.5793269230769231 0.6442307692307693 0.18269230769230768 0.18269230769230768
8 0.49278846153846156 0.7620192307692307 0.12379807692307693 0.10576923076923077
8 0.3401442307692308 0.7355769230769231 0.1201923076923077 0.1141826923076923
2 0.3125 0.6117788461538461 0.12259615384615384 0.16826923076923078
3 0.1658653846153846 0.546875 0.17427884615384615 0.19831730769230768