10 0.7704326923076923 0.41586538461538464 0.23918269230769232 0.2091346153846154
6 0.47596153846153844 0.3870192307692308 0.2704326923076923 0.34975961538461536
6 0.1935096153846154 0.390625 0.31490384615384615 0.3713942307692308
4 0.4891826923076923 0.6105769230769231 0.19951923076923078 0.12379807692307693
4 0.3161057692307692 0.6225961538461539 0.20673076923076922 0.15264423076923078
16 0.6586538461538461 0.71875 0.23317307692307693 0.24278846153846154
4 0.7572115384615384 0.765625 0.17067307692307693 0.19110576923076922
2 0.703125 0.8858173076923077 0.19831730769230768 0.10697115384615384
10 0.4411057692307692 0.7992788461538461 0.23677884615384615 0.18870192307692307
10 0.12860576923076922 0.7451923076923077 0.1935096153846154 0.25841346153846156
4 0.27283653846153844 0.8185096153846154 0.13581730769230768 0.18990384615384615