3 0.7536057692307693 0.26322115384615385 0.171875 0.16706730769230768
3 0.5180288461538461 0.1935096153846154 0.18389423076923078 0.15745192307692307
3 0.7019230769230769 0.7175480769230769 0.18269230769230768 0.10817307692307693
15 0.5288461538461539 0.3004807692307692 0.36538461538461536 0.22235576923076922
11 0.6911057692307693 0.38100961538461536 0.16826923076923078 0.16947115384615385
6 0.2776442307692308 0.2620192307692308 0.2932692307692308 0.33533653846153844
1 0.1935096153846154 0.5612980769230769 0.12620192307692307 0.15144230769230768
1 0.5012019230769231 0.4519230769230769 0.07572115384615384 0.12740384615384615
0 0.5540865384615384 0.5012019230769231 0.1201923076923077 0.1778846153846154
0 0.6887019230769231 0.5012019230769231 0.1778846153846154 0.16346153846153846
0 0.5673076923076923 0.6454326923076923 0.16947115384615385 0.15625
11 0.6490384615384616 0.5925480769230769 0.19471153846153846 0.14423076923076922
6 0.3713942307692308 0.484375 0.375 0.33774038461538464
3 0.7692307692307693 0.5120192307692307 0.109375 0.2283653846153846
6 0.40625 0.6850961538461539 0.3245192307692308 0.30649038461538464
3 0.4951923076923077 0.7355769230769231 0.2439903846153846 0.1045673076923077