4 0.4651442307692308 0.4831730769230769 0.1814903846153846 0.24639423076923078
4 0.15144230769230768 0.20192307692307693 0.2620192307692308 0.23918269230769232
10 0.7752403846153846 0.17427884615384615 0.21514423076923078 0.203125
11 0.5576923076923077 0.20432692307692307 0.14423076923076922 0.17427884615384615
11 0.7103365384615384 0.4014423076923077 0.16346153846153846 0.12620192307692307
7 0.5997596153846154 0.3076923076923077 0.17067307692307693 0.32091346153846156
7 0.3762019230769231 0.1622596153846154 0.3016826923076923 0.22115384615384615
11 0.8173076923076923 0.4951923076923077 0.19951923076923078 0.16105769230769232
11 0.8233173076923077 0.6141826923076923 0.15625 0.09735576923076923
11 0.3125 0.36658653846153844 0.15384615384615385 0.16466346153846154
11 0.36538461538461536 0.5132211538461539 0.09735576923076923 0.1971153846153846
11 0.20072115384615385 0.39903846153846156 0.13822115384615385 0.19591346153846154
11 0.13822115384615385 0.3449519230769231 0.16947115384615385 0.171875
11 0.6117788461538461 0.5528846153846154 0.15865384615384615 0.17908653846153846
11 0.5336538461538461 0.6658653846153846 0.15985576923076922 0.1658653846153846
2 0.3088942307692308 0.578125 0.1310096153846154 0.19110576923076922
2 0.21394230769230768 0.5997596153846154 0.12620192307692307 0.1935096153846154
16 0.5276442307692307 0.8197115384615384 0.24519230769230768 0.2608173076923077