13 0.703125 0.13581730769230768 0.32572115384615385 0.2668269230769231
13 0.5889423076923077 0.5625 0.3317307692307692 0.359375
13 0.7860576923076923 0.6262019230769231 0.3125 0.35697115384615385
4 0.7199519230769231 0.2776442307692308 0.24759615384615385 0.17067307692307693
16 0.19831730769230768 0.3112980769230769 0.18629807692307693 0.21754807692307693
16 0.5612980769230769 0.8341346153846154 0.23317307692307693 0.24158653846153846
1 0.33774038461538464 0.2920673076923077 0.12860576923076922 0.24158653846153846
2 0.3701923076923077 0.44350961538461536 0.16706730769230768 0.15144230769230768
2 0.43990384615384615 0.5444711538461539 0.14182692307692307 0.16947115384615385
2 0.3858173076923077 0.6887019230769231 0.16706730769230768 0.14903846153846154
15 0.33413461538461536 0.5685096153846154 0.055288461538461536 0.13942307692307693
2 0.2608173076923077 0.5372596153846154 0.13341346153846154 0.17427884615384615
2 0.8774038461538461 0.7247596153846154 0.18269230769230768 0.20673076923076922
1 0.23076923076923078 0.6622596153846154 0.10817307692307693 0.17548076923076922
3 0.15865384615384615 0.6983173076923077 0.14302884615384615 0.1875
3 0.39783653846153844 0.8798076923076923 0.17427884615384615 0.16105769230769232