4 0.6766826923076923 0.24759615384615385 0.14783653846153846 0.1875
4 0.4951923076923077 0.2608173076923077 0.17067307692307693 0.18028846153846154
4 0.5709134615384616 0.3581730769230769 0.18629807692307693 0.1935096153846154
11 0.5132211538461539 0.4699519230769231 0.11057692307692307 0.13581730769230768
12 0.40865384615384615 0.41466346153846156 0.19230769230769232 0.2932692307692308
12 0.42908653846153844 0.5372596153846154 0.24759615384615385 0.26322115384615385
7 0.43509615384615385 0.6382211538461539 0.23918269230769232 0.2980769230769231
13 0.3401442307692308 0.7415865384615384 0.27163461538461536 0.27283653846153844
7 0.6802884615384616 0.8341346153846154 0.3401442307692308 0.12139423076923077
3 0.84375 0.7451923076923077 0.203125 0.11298076923076923
1 0.7247596153846154 0.7151442307692307 0.14783653846153846 0.05048076923076923
1 0.609375 0.6959134615384616 0.14302884615384615 0.08653846153846154
16 0.8665865384615384 0.6009615384615384 0.08173076923076923 0.109375
1 0.84375 0.484375 0.08413461538461539 0.13221153846153846
1 0.7872596153846154 0.421875 0.07211538461538461 0.1310096153846154
1 0.7367788461538461 0.41586538461538464 0.07692307692307693 0.12980769230769232
7 0.7331730769230769 0.5336538461538461 0.24158653846153846 0.2980769230769231
7 0.6502403846153846 0.5625 0.23798076923076922 0.3004807692307692
11 0.5913461538461539 0.6153846153846154 0.12259615384615384 0.13701923076923078