9 0.2800480769230769 0.2608173076923077 0.14903846153846154 0.1875
6 0.45552884615384615 0.3942307692307692 0.24879807692307693 0.30408653846153844
10 0.5637019230769231 0.296875 0.2668269230769231 0.2764423076923077
10 0.30408653846153844 0.4483173076923077 0.20192307692307693 0.15625
4 0.1310096153846154 0.41225961538461536 0.21514423076923078 0.20552884615384615
10 0.27403846153846156 0.5721153846153846 0.27163461538461536 0.23677884615384615
16 0.23918269230769232 0.765625 0.2283653846153846 0.18629807692307693
7 0.5829326923076923 0.5528846153846154 0.18629807692307693 0.3125
7 0.6658653846153846 0.5697115384615384 0.18990384615384615 0.30528846153846156
10 0.8221153846153846 0.5432692307692307 0.20432692307692307 0.15504807692307693
7 0.6622596153846154 0.7512019230769231 0.24158653846153846 0.27884615384615385
4 0.4807692307692308 0.75 0.18990384615384615 0.1778846153846154
4 0.6971153846153846 0.9158653846153846 0.18509615384615385 0.16706730769230768
14 0.8221153846153846 0.8100961538461539 0.26802884615384615 0.21995192307692307