12 0.7019230769230769 0.7992788461538461 0.1622596153846154 0.0985576923076923
2 0.671875 0.703125 0.12379807692307693 0.16826923076923078
6 0.8473557692307693 0.6370192307692307 0.3004807692307692 0.2536057692307692
1 0.5252403846153846 0.84375 0.15264423076923078 0.07932692307692307
1 0.37259615384615385 0.8245192307692307 0.14302884615384615 0.057692307692307696
8 0.5 0.7704326923076923 0.13221153846153846 0.09134615384615384
8 0.2956730769230769 0.7487980769230769 0.08533653846153846 0.13581730769230768
6 0.5108173076923077 0.6754807692307693 0.2860576923076923 0.22355769230769232
13 0.7932692307692307 0.4495192307692308 0.3581730769230769 0.32572115384615385
13 0.47115384615384615 0.5264423076923077 0.2776442307692308 0.234375
10 0.6706730769230769 0.22716346153846154 0.2692307692307692 0.24519230769230768
6 0.18028846153846154 0.7139423076923077 0.2956730769230769 0.21995192307692307
13 0.16947115384615385 0.5384615384615384 0.30528846153846156 0.23798076923076922
10 0.4735576923076923 0.3329326923076923 0.2608173076923077 0.23557692307692307
2 0.3137019230769231 0.38341346153846156 0.12259615384615384 0.08413461538461539
2 0.31490384615384615 0.26802884615384615 0.140625 0.11658653846153846
2 0.28125 0.19230769230769232 0.140625 0.12620192307692307
10 0.11778846153846154 0.35697115384615385 0.22956730769230768 0.18269230769230768