7 0.4675480769230769 0.11778846153846154 0.3016826923076923 0.15865384615384615
7 0.4411057692307692 0.22596153846153846 0.2860576923076923 0.13942307692307693
15 0.30649038461538464 0.2704326923076923 0.08774038461538461 0.1502403846153846
15 0.40384615384615385 0.3954326923076923 0.1346153846153846 0.07932692307692307
15 0.5036057692307693 0.4579326923076923 0.06129807692307692 0.15384615384615385
14 0.45072115384615385 0.5324519230769231 0.109375 0.27403846153846156
14 0.5769230769230769 0.49038461538461536 0.15384615384615385 0.24759615384615385
2 0.6887019230769231 0.5733173076923077 0.1875 0.17307692307692307
4 0.7752403846153846 0.6887019230769231 0.3016826923076923 0.2980769230769231
2 0.5829326923076923 0.7439903846153846 0.1658653846153846 0.17067307692307693
14 0.5264423076923077 0.6850961538461539 0.1778846153846154 0.25
7 0.53125 0.8834134615384616 0.36658653846153844 0.15144230769230768
16 0.3737980769230769 0.6622596153846154 0.21394230769230768 0.28125
14 0.18509615384615385 0.6201923076923077 0.25721153846153844 0.27283653846153844
16 0.1310096153846154 0.3245192307692308 0.21995192307692307 0.2920673076923077
2 0.2800480769230769 0.40865384615384615 0.11899038461538461 0.20552884615384615