13 0.23557692307692307 0.390625 0.3233173076923077 0.3798076923076923
13 0.35697115384615385 0.7800480769230769 0.3329326923076923 0.28365384615384615
16 0.38341346153846156 0.2403846153846154 0.19230769230769232 0.25240384615384615
16 0.5096153846153846 0.20192307692307693 0.18389423076923078 0.25721153846153844
16 0.3401442307692308 0.6213942307692307 0.25721153846153844 0.1971153846153846
9 0.7860576923076923 0.2548076923076923 0.4206730769230769 0.3389423076923077
7 0.44350961538461536 0.4026442307692308 0.1778846153846154 0.16947115384615385
7 0.7584134615384616 0.7752403846153846 0.16826923076923078 0.1971153846153846
7 0.8365384615384616 0.8076923076923077 0.16826923076923078 0.1935096153846154
3 0.6742788461538461 0.4170673076923077 0.20432692307692307 0.09375
3 0.5048076923076923 0.5180288461538461 0.0889423076923077 0.21514423076923078
9 0.6177884615384616 0.5504807692307693 0.1971153846153846 0.1935096153846154
9 0.8473557692307693 0.46274038461538464 0.23076923076923078 0.20552884615384615
9 0.8052884615384616 0.6165865384615384 0.20192307692307693 0.19951923076923078
10 0.15625 0.6622596153846154 0.15144230769230768 0.15504807692307693
1 0.5276442307692307 0.71875 0.09375 0.1310096153846154
1 0.5697115384615384 0.7427884615384616 0.09014423076923077 0.12860576923076922
1 0.6069711538461539 0.7596153846153846 0.09014423076923077 0.12740384615384615
15 0.6358173076923077 0.7860576923076923 0.08653846153846154 0.1346153846153846