16 0.28365384615384615 0.2860576923076923 0.21033653846153846 0.16826923076923078
16 0.4699519230769231 0.3076923076923077 0.19831730769230768 0.17668269230769232
16 0.7800480769230769 0.21634615384615385 0.22716346153846154 0.20192307692307693
1 0.7572115384615384 0.3329326923076923 0.22596153846153846 0.18509615384615385
1 0.6550480769230769 0.3269230769230769 0.20072115384615385 0.18870192307692307
7 0.6887019230769231 0.4483173076923077 0.30288461538461536 0.20072115384615385
0 0.6153846153846154 0.5036057692307693 0.23076923076923078 0.1466346153846154
7 0.546875 0.5769230769230769 0.31490384615384615 0.16706730769230768
0 0.3076923076923077 0.5072115384615384 0.19110576923076922 0.22235576923076922
4 0.23317307692307693 0.5997596153846154 0.2692307692307692 0.25721153846153844
4 0.46634615384615385 0.6670673076923077 0.25240384615384615 0.20793269230769232
4 0.36658653846153844 0.796875 0.23918269230769232 0.18629807692307693
14 0.5973557692307693 0.8365384615384616 0.19230769230769232 0.1466346153846154
12 0.6213942307692307 0.6742788461538461 0.1310096153846154 0.078125
12 0.6009615384615384 0.7379807692307693 0.12139423076923077 0.07451923076923077
3 0.8617788461538461 0.6382211538461539 0.12740384615384615 0.19951923076923078
3 0.75 0.7223557692307693 0.13822115384615385 0.1935096153846154
3 0.7932692307692307 0.7836538461538461 0.15625 0.18269230769230768