6 0.3605769230769231 0.2980769230769231 0.32572115384615385 0.328125
6 0.59375 0.27884615384615385 0.29927884615384615 0.2548076923076923
14 0.5144230769230769 0.41947115384615385 0.18269230769230768 0.19230769230769232
14 0.4795673076923077 0.47115384615384615 0.19831730769230768 0.17427884615384615
14 0.45552884615384615 0.5528846153846154 0.16947115384615385 0.19591346153846154
4 0.8918269230769231 0.43028846153846156 0.171875 0.23317307692307693
10 0.7920673076923077 0.39663461538461536 0.19471153846153846 0.1935096153846154
10 0.7355769230769231 0.5817307692307693 0.1875 0.19471153846153846
2 0.5949519230769231 0.6262019230769231 0.13221153846153846 0.17427884615384615
2 0.39783653846153844 0.6165865384615384 0.18990384615384615 0.1875
7 0.30288461538461536 0.6610576923076923 0.2620192307692308 0.27403846153846156
4 0.21514423076923078 0.7199519230769231 0.23076923076923078 0.24639423076923078
4 0.296875 0.84375 0.23918269230769232 0.17548076923076922
16 0.49278846153846156 0.8004807692307693 0.1875 0.26322115384615385
16 0.7896634615384616 0.7716346153846154 0.16466346153846154 0.2283653846153846
8 0.6790865384615384 0.8461538461538461 0.07572115384615384 0.11778846153846154