6 0.33533653846153844 0.27163461538461536 0.21634615384615385 0.29086538461538464
6 0.23317307692307693 0.41225961538461536 0.28365384615384615 0.28966346153846156
16 0.5324519230769231 0.31971153846153844 0.18028846153846154 0.14903846153846154
16 0.7307692307692307 0.3125 0.21394230769230768 0.203125
12 0.8822115384615384 0.43509615384615385 0.09014423076923077 0.14903846153846154
16 0.78125 0.47115384615384615 0.21514423076923078 0.18629807692307693
7 0.6454326923076923 0.46634615384615385 0.13221153846153846 0.1875
7 0.5480769230769231 0.47836538461538464 0.13942307692307693 0.1875
7 0.6646634615384616 0.5949519230769231 0.18389423076923078 0.09134615384615384
16 0.8497596153846154 0.6286057692307693 0.19951923076923078 0.22596153846153846
14 0.703125 0.6850961538461539 0.1778846153846154 0.11899038461538461
7 0.5048076923076923 0.578125 0.18990384615384615 0.3125
5 0.328125 0.6045673076923077 0.35336538461538464 0.4014423076923077
16 0.16947115384615385 0.6706730769230769 0.21995192307692307 0.23317307692307693
16 0.2980769230769231 0.8725961538461539 0.23317307692307693 0.23557692307692307
10 0.4951923076923077 0.7992788461538461 0.22355769230769232 0.25841346153846156
10 0.6947115384615384 0.8401442307692307 0.21033653846153846 0.2668269230769231
10 0.8629807692307693 0.8016826923076923 0.2644230769230769 0.23677884615384615