13 0.7824519230769231 0.21153846153846154 0.19591346153846154 0.29927884615384615
13 0.8016826923076923 0.43990384615384615 0.3293269230769231 0.24879807692307693
10 0.6117788461538461 0.3269230769230769 0.20192307692307693 0.1875
10 0.4423076923076923 0.27403846153846156 0.19230769230769232 0.22115384615384615
7 0.2920673076923077 0.20673076923076922 0.18269230769230768 0.34375
7 0.171875 0.3088942307692308 0.171875 0.33052884615384615
7 0.25 0.44591346153846156 0.2920673076923077 0.2403846153846154
11 0.1875 0.6213942307692307 0.18028846153846154 0.17427884615384615
11 0.32211538461538464 0.5853365384615384 0.1201923076923077 0.16706730769230768
13 0.4254807692307692 0.49038461538461536 0.33413461538461536 0.1971153846153846
7 0.5661057692307693 0.5889423076923077 0.10216346153846154 0.3425480769230769
4 0.4519230769230769 0.6105769230769231 0.1658653846153846 0.2536057692307692
11 0.7139423076923077 0.5697115384615384 0.18028846153846154 0.140625
11 0.6694711538461539 0.7007211538461539 0.17668269230769232 0.12980769230769232
11 0.7992788461538461 0.6887019230769231 0.13942307692307693 0.171875
4 0.8786057692307693 0.8149038461538461 0.23317307692307693 0.2692307692307692
7 0.5420673076923077 0.8137019230769231 0.3245192307692308 0.125
11 0.29927884615384615 0.7295673076923077 0.18269230769230768 0.15264423076923078
14 0.23677884615384615 0.8100961538461539 0.21754807692307693 0.18269230769230768