10 0.4483173076923077 0.32211538461538464 0.21153846153846154 0.2439903846153846
10 0.5060096153846154 0.6177884615384616 0.22596153846153846 0.24759615384615385
5 0.7199519230769231 0.46033653846153844 0.2860576923076923 0.21153846153846154
4 0.8461538461538461 0.6670673076923077 0.27403846153846156 0.2704326923076923
12 0.640625 0.7836538461538461 0.12620192307692307 0.1466346153846154
10 0.4567307692307692 0.8221153846153846 0.25721153846153844 0.22235576923076922
12 0.375 0.45072115384615385 0.13942307692307693 0.08653846153846154
12 0.2764423076923077 0.5048076923076923 0.15985576923076922 0.09014423076923077
5 0.19230769230769232 0.34375 0.31490384615384615 0.22115384615384615
4 0.14543269230769232 0.6358173076923077 0.171875 0.2403846153846154
4 0.31009615384615385 0.6502403846153846 0.15144230769230768 0.23557692307692307
4 0.1466346153846154 0.8689903846153846 0.25721153846153844 0.17908653846153846
4 0.7415865384615384 0.8377403846153846 0.265625 0.2860576923076923