3 0.8076923076923077 0.3858173076923077 0.1045673076923077 0.19110576923076922
3 0.8341346153846154 0.5733173076923077 0.08653846153846154 0.203125
3 0.734375 0.5697115384615384 0.08774038461538461 0.20432692307692307
16 0.6346153846153846 0.7391826923076923 0.22355769230769232 0.25841346153846156
2 0.6887019230769231 0.3798076923076923 0.15264423076923078 0.1814903846153846
2 0.5817307692307693 0.46274038461538464 0.15625 0.17307692307692307
2 0.6045673076923077 0.5588942307692307 0.15384615384615385 0.15985576923076922
4 0.43990384615384615 0.5504807692307693 0.17427884615384615 0.25600961538461536
4 0.31490384615384615 0.6153846153846154 0.1875 0.25600961538461536
13 0.32211538461538464 0.3233173076923077 0.2644230769230769 0.32211538461538464
13 0.5276442307692307 0.24759615384615385 0.33774038461538464 0.36658653846153844