4 0.7716346153846154 0.6862980769230769 0.1466346153846154 0.1466346153846154
7 0.625 0.6971153846153846 0.16466346153846154 0.17307692307692307
15 0.5096153846153846 0.734375 0.3088942307692308 0.33052884615384615
1 0.36177884615384615 0.7872596153846154 0.12139423076923077 0.13701923076923078
1 0.2247596153846154 0.7788461538461539 0.21754807692307693 0.24519230769230768
1 0.25600961538461536 0.6730769230769231 0.1310096153846154 0.11538461538461539
2 0.3401442307692308 0.6165865384615384 0.13221153846153846 0.1201923076923077
2 0.7067307692307693 0.49278846153846156 0.109375 0.125
15 0.8293269230769231 0.45913461538461536 0.28966346153846156 0.3112980769230769
14 0.8221153846153846 0.2620192307692308 0.24519230769230768 0.203125
7 0.4963942307692308 0.5612980769230769 0.32091346153846156 0.11177884615384616
8 0.26322115384615385 0.5528846153846154 0.07572115384615384 0.06850961538461539
8 0.2403846153846154 0.49278846153846156 0.078125 0.07572115384615384
15 0.15625 0.5168269230769231 0.2247596153846154 0.24519230769230768
15 0.45072115384615385 0.4567307692307692 0.32091346153846156 0.18629807692307693
14 0.6310096153846154 0.3137019230769231 0.19951923076923078 0.23798076923076922
4 0.5144230769230769 0.3137019230769231 0.13701923076923078 0.14423076923076922
15 0.45913461538461536 0.23918269230769232 0.1502403846153846 0.234375
14 0.29447115384615385 0.3401442307692308 0.2512019230769231 0.27884615384615385