4 0.10697115384615384 0.21754807692307693 0.20432692307692307 0.24759615384615385
4 0.26322115384615385 0.2776442307692308 0.13822115384615385 0.22956730769230768
10 0.4543269230769231 0.27884615384615385 0.22596153846153846 0.23557692307692307
5 0.7175480769230769 0.32211538461538464 0.38822115384615385 0.3918269230769231
10 0.390625 0.47475961538461536 0.23197115384615385 0.22235576923076922
10 0.1141826923076923 0.4675480769230769 0.2283653846153846 0.25841346153846156
0 0.5432692307692307 0.6009615384615384 0.1141826923076923 0.17668269230769232
0 0.5576923076923077 0.7620192307692307 0.10216346153846154 0.17668269230769232
1 0.46634615384615385 0.8185096153846154 0.0673076923076923 0.1814903846153846
5 0.7572115384615384 0.7115384615384616 0.3762019230769231 0.36899038461538464
5 0.23557692307692307 0.7848557692307693 0.3870192307692308 0.3557692307692308