5 0.6802884615384616 0.2932692307692308 0.2764423076923077 0.2860576923076923
7 0.5228365384615384 0.3954326923076923 0.171875 0.1658653846153846
7 0.4423076923076923 0.43028846153846156 0.16346153846153846 0.15865384615384615
7 0.4014423076923077 0.5072115384615384 0.18509615384615385 0.16947115384615385
10 0.2704326923076923 0.5793269230769231 0.296875 0.2800480769230769
13 0.6682692307692307 0.5 0.359375 0.3473557692307692
12 0.41225961538461536 0.6358173076923077 0.16706730769230768 0.11057692307692307
12 0.35096153846153844 0.7259615384615384 0.15625 0.12259615384615384
12 0.4266826923076923 0.7091346153846154 0.14302884615384615 0.15144230769230768
0 0.49399038461538464 0.7331730769230769 0.17427884615384615 0.12259615384615384
0 0.6634615384615384 0.7091346153846154 0.1935096153846154 0.12259615384615384
16 0.7331730769230769 0.6213942307692307 0.12379807692307693 0.11778846153846154
16 0.796875 0.6694711538461539 0.12620192307692307 0.11899038461538461