4 0.6983173076923077 0.7403846153846154 0.22596153846153846 0.17427884615384615
14 0.75 0.6105769230769231 0.19471153846153846 0.1466346153846154
1 0.5552884615384616 0.7331730769230769 0.125 0.20192307692307693
4 0.8653846153846154 0.5408653846153846 0.18990384615384615 0.234375
14 0.7091346153846154 0.5360576923076923 0.2091346153846154 0.17427884615384615
14 0.8221153846153846 0.3798076923076923 0.1935096153846154 0.13341346153846154
11 0.5348557692307693 0.5925480769230769 0.125 0.09495192307692307
12 0.47836538461538464 0.7415865384615384 0.09254807692307693 0.17307692307692307
11 0.4423076923076923 0.6754807692307693 0.09615384615384616 0.1310096153846154
4 0.35096153846153844 0.6995192307692307 0.1346153846153846 0.171875
4 0.4170673076923077 0.5504807692307693 0.2127403846153846 0.12620192307692307
13 0.5949519230769231 0.4098557692307692 0.33413461538461536 0.29086538461538464
13 0.6826923076923077 0.20432692307692307 0.33413461538461536 0.2824519230769231
1 0.18509615384615385 0.6141826923076923 0.19591346153846154 0.21394230769230768
12 0.23197115384615385 0.5444711538461539 0.11538461538461539 0.16105769230769232
12 0.25721153846153844 0.4963942307692308 0.10697115384615384 0.15865384615384615
4 0.32091346153846156 0.4110576923076923 0.2608173076923077 0.25841346153846156
13 0.421875 0.2848557692307692 0.21875 0.296875
1 0.53125 0.2127403846153846 0.22716346153846154 0.17067307692307693