14 0.4495192307692308 0.36177884615384615 0.22956730769230768 0.17548076923076922
14 0.6322115384615384 0.35336538461538464 0.18269230769230768 0.25600961538461536
1 0.7235576923076923 0.4387019230769231 0.16466346153846154 0.2283653846153846
1 0.8521634615384616 0.4014423076923077 0.11177884615384616 0.2247596153846154
1 0.7355769230769231 0.6045673076923077 0.22716346153846154 0.12860576923076922
2 0.578125 0.5348557692307693 0.14783653846153846 0.16105769230769232
7 0.4879807692307692 0.5516826923076923 0.2283653846153846 0.2932692307692308
7 0.4014423076923077 0.5805288461538461 0.23197115384615385 0.2956730769230769
9 0.29927884615384615 0.6790865384615384 0.18509615384615385 0.19110576923076922
0 0.3954326923076923 0.8112980769230769 0.1658653846153846 0.12620192307692307
0 0.5336538461538461 0.7427884615384616 0.16466346153846154 0.12139423076923077
0 0.6237980769230769 0.8088942307692307 0.16706730769230768 0.12980769230769232
3 0.7776442307692307 0.6778846153846154 0.18028846153846154 0.0985576923076923
3 0.7608173076923077 0.7391826923076923 0.19230769230769232 0.07451923076923077
3 0.8413461538461539 0.7848557692307693 0.18269230769230768 0.09975961538461539
3 0.8040865384615384 0.8401442307692307 0.19110576923076922 0.10336538461538461