0 0.44711538461538464 0.41225961538461536 0.14423076923076922 0.36177884615384615
14 0.5264423076923077 0.6310096153846154 0.10216346153846154 0.24759615384615385
14 0.3798076923076923 0.6610576923076923 0.23798076923076922 0.09615384615384616
9 0.8100961538461539 0.8725961538461539 0.18990384615384615 0.1502403846153846
9 0.2668269230769231 0.4855769230769231 0.19951923076923078 0.19230769230769232
12 0.18269230769230768 0.5661057692307693 0.08653846153846154 0.17908653846153846
12 0.40384615384615385 0.5997596153846154 0.17908653846153846 0.06850961538461539
7 0.3798076923076923 0.71875 0.19951923076923078 0.12860576923076922
8 0.5949519230769231 0.7463942307692307 0.10697115384615384 0.12740384615384615
8 0.6622596153846154 0.7836538461538461 0.12379807692307693 0.11899038461538461
12 0.4735576923076923 0.8173076923076923 0.3161057692307692 0.1466346153846154
13 0.16826923076923078 0.8233173076923077 0.3245192307692308 0.30408653846153844
13 0.6610576923076923 0.33533653846153844 0.30649038461538464 0.23557692307692307
13 0.7836538461538461 0.1346153846153846 0.28846153846153844 0.2692307692307692
13 0.12379807692307693 0.3076923076923077 0.2439903846153846 0.3233173076923077
13 0.75 0.6286057692307693 0.3545673076923077 0.36658653846153844
13 0.6225961538461539 0.5060096153846154 0.3004807692307692 0.30649038461538464