12 0.3076923076923077 0.16105769230769232 0.24278846153846154 0.2920673076923077
10 0.5264423076923077 0.2247596153846154 0.2932692307692308 0.296875
16 0.6947115384615384 0.328125 0.22596153846153846 0.21033653846153846
13 0.6586538461538461 0.5108173076923077 0.2956730769230769 0.26322115384615385
2 0.46033653846153844 0.4723557692307692 0.10336538461538461 0.15144230769230768
2 0.3557692307692308 0.5204326923076923 0.15745192307692307 0.15985576923076922
13 0.20072115384615385 0.37259615384615385 0.36538461538461536 0.3629807692307692
12 0.27524038461538464 0.5673076923076923 0.055288461538461536 0.1658653846153846
12 0.2283653846153846 0.6370192307692307 0.10096153846153846 0.17067307692307693
12 0.1045673076923077 0.5985576923076923 0.10817307692307693 0.31971153846153844
7 0.20552884615384615 0.7548076923076923 0.13581730769230768 0.19471153846153846
2 0.11899038461538461 0.8269230769230769 0.09735576923076923 0.16826923076923078
16 0.21033653846153846 0.8954326923076923 0.09495192307692307 0.11298076923076923
7 0.3088942307692308 0.7283653846153846 0.10817307692307693 0.19471153846153846
7 0.45552884615384615 0.9206730769230769 0.18509615384615385 0.0985576923076923
16 0.5961538461538461 0.7800480769230769 0.13822115384615385 0.2091346153846154
13 0.43990384615384615 0.734375 0.24278846153846154 0.3004807692307692
13 0.8197115384615384 0.7620192307692307 0.23918269230769232 0.3137019230769231