3 0.38100961538461536 0.3317307692307692 0.15384615384615385 0.1875
3 0.2848557692307692 0.45552884615384615 0.09615384615384616 0.1935096153846154
3 0.36899038461538464 0.44350961538461536 0.10697115384615384 0.19471153846153846
7 0.4338942307692308 0.4375 0.13822115384615385 0.3317307692307692
4 0.5444711538461539 0.28846153846153844 0.203125 0.18269230769230768
4 0.6298076923076923 0.3641826923076923 0.15865384615384615 0.17548076923076922
4 0.7295673076923077 0.4170673076923077 0.1310096153846154 0.21634615384615385
10 0.5793269230769231 0.5456730769230769 0.21634615384615385 0.24879807692307693
10 0.2920673076923077 0.6694711538461539 0.2548076923076923 0.25240384615384615
10 0.4807692307692308 0.7199519230769231 0.23918269230769232 0.25
7 0.6346153846153846 0.765625 0.1045673076923077 0.19591346153846154
7 0.7247596153846154 0.6009615384615384 0.14543269230769232 0.203125
7 0.8125 0.6009615384615384 0.14423076923076922 0.20072115384615385