9 0.20192307692307693 0.4338942307692308 0.2764423076923077 0.38341346153846156
5 0.3786057692307692 0.3269230769230769 0.3473557692307692 0.4206730769230769
10 0.6009615384615384 0.27283653846153844 0.15625 0.1622596153846154
13 0.7439903846153846 0.27524038461538464 0.2704326923076923 0.3389423076923077
1 0.8882211538461539 0.21995192307692307 0.09615384615384616 0.1622596153846154
16 0.8701923076923077 0.3858173076923077 0.11298076923076923 0.12620192307692307
0 0.5961538461538461 0.4375 0.15504807692307693 0.140625
3 0.7463942307692307 0.4891826923076923 0.19951923076923078 0.06850961538461539
16 0.8052884615384616 0.47115384615384615 0.11538461538461539 0.08533653846153846
3 0.9026442307692307 0.5276442307692307 0.07572115384615384 0.18389423076923078
13 0.44471153846153844 0.5540865384615384 0.3269230769230769 0.36177884615384615
9 0.23918269230769232 0.6646634615384616 0.31971153846153844 0.3161057692307692
0 0.35697115384615385 0.78125 0.171875 0.125
3 0.5048076923076923 0.7632211538461539 0.17307692307692307 0.12980769230769232
9 0.6394230769230769 0.6598557692307693 0.3473557692307692 0.28966346153846156
1 0.8725961538461539 0.6394230769230769 0.14783653846153846 0.08533653846153846
1 0.6706730769230769 0.8365384615384616 0.16826923076923078 0.09014423076923077