1 0.7824519230769231 0.7247596153846154 0.12139423076923077 0.12139423076923077
14 0.6586538461538461 0.7860576923076923 0.2127403846153846 0.22235576923076922
14 0.49759615384615385 0.875 0.2247596153846154 0.171875
13 0.8509615384615384 0.5625 0.29447115384615385 0.34615384615384615
11 0.5576923076923077 0.7223557692307693 0.11177884615384616 0.12980769230769232
11 0.6490384615384616 0.6418269230769231 0.12740384615384615 0.09134615384615384
14 0.7439903846153846 0.4326923076923077 0.18509615384615385 0.34375
9 0.5012019230769231 0.6502403846153846 0.17427884615384615 0.18629807692307693
9 0.6334134615384616 0.47716346153846156 0.13701923076923078 0.18629807692307693
4 0.4050480769230769 0.5973557692307693 0.19471153846153846 0.1658653846153846
4 0.4807692307692308 0.5048076923076923 0.18269230769230768 0.17307692307692307
4 0.5348557692307693 0.37740384615384615 0.171875 0.16346153846153846
13 0.6610576923076923 0.2536057692307692 0.35336538461538464 0.2692307692307692
14 0.38221153846153844 0.7055288461538461 0.2980769230769231 0.2764423076923077
13 0.1971153846153846 0.6862980769230769 0.32211538461538464 0.3485576923076923
13 0.30288461538461536 0.40625 0.37740384615384615 0.359375
13 0.3762019230769231 0.16947115384615385 0.3269230769230769 0.21995192307692307