4 0.1466346153846154 0.16105769230769232 0.2920673076923077 0.14302884615384615
4 0.6730769230769231 0.16706730769230768 0.2512019230769231 0.24519230769230768
16 0.8677884615384616 0.18389423076923078 0.23677884615384615 0.21033653846153846
16 0.7175480769230769 0.3329326923076923 0.22956730769230768 0.1971153846153846
4 0.5360576923076923 0.30408653846153844 0.19230769230769232 0.19110576923076922
16 0.6033653846153846 0.39783653846153844 0.09615384615384616 0.11658653846153846
16 0.6586538461538461 0.49759615384615385 0.09014423076923077 0.11298076923076923
16 0.5841346153846154 0.5024038461538461 0.09014423076923077 0.10336538461538461
16 0.7608173076923077 0.5456730769230769 0.2091346153846154 0.2956730769230769
16 0.40865384615384615 0.4098557692307692 0.2932692307692308 0.2512019230769231
4 0.2439903846153846 0.3545673076923077 0.22716346153846154 0.2860576923076923
14 0.44350961538461536 0.5673076923076923 0.22355769230769232 0.19831730769230768
4 0.30408653846153844 0.4951923076923077 0.16105769230769232 0.17908653846153846
1 0.6129807692307693 0.6610576923076923 0.17668269230769232 0.21394230769230768
14 0.5192307692307693 0.7127403846153846 0.24879807692307693 0.19110576923076922
4 0.7391826923076923 0.7956730769230769 0.23076923076923078 0.15625
14 0.2668269230769231 0.671875 0.22235576923076922 0.23076923076923078
4 0.30649038461538464 0.8269230769230769 0.1971153846153846 0.18629807692307693