12 0.5528846153846154 0.8365384615384616 0.3088942307692308 0.09375
10 0.8653846153846154 0.5769230769230769 0.2127403846153846 0.19591346153846154
0 0.6117788461538461 0.6334134615384616 0.15865384615384615 0.23798076923076922
10 0.48197115384615385 0.640625 0.18990384615384615 0.19591346153846154
0 0.5661057692307693 0.46274038461538464 0.109375 0.23798076923076922
10 0.6646634615384616 0.2800480769230769 0.1935096153846154 0.19230769230769232
12 0.38221153846153844 0.6682692307692307 0.055288461538461536 0.17908653846153846
12 0.3401442307692308 0.703125 0.05889423076923077 0.1814903846153846
12 0.27403846153846156 0.7776442307692307 0.08653846153846154 0.3269230769230769
12 0.28365384615384615 0.5973557692307693 0.057692307692307696 0.1814903846153846
12 0.37740384615384615 0.46033653846153844 0.3016826923076923 0.11298076923076923
11 0.10096153846153846 0.6947115384615384 0.1201923076923077 0.16105769230769232
4 0.17067307692307693 0.5456730769230769 0.203125 0.24759615384615385
9 0.17908653846153846 0.35216346153846156 0.19951923076923078 0.19831730769230768