13 0.2091346153846154 0.18990384615384615 0.24639423076923078 0.3173076923076923
13 0.39663461538461536 0.21995192307692307 0.24639423076923078 0.31490384615384615
13 0.5889423076923077 0.2247596153846154 0.2620192307692308 0.33533653846153844
12 0.7091346153846154 0.26802884615384615 0.0625 0.18389423076923078
12 0.7596153846153846 0.25721153846153844 0.0673076923076923 0.18269230769230768
1 0.8233173076923077 0.2536057692307692 0.1045673076923077 0.15264423076923078
12 0.8076923076923077 0.3798076923076923 0.30649038461538464 0.18509615384615385
4 0.5673076923076923 0.4579326923076923 0.1658653846153846 0.19471153846153846
0 0.46634615384615385 0.4675480769230769 0.11778846153846154 0.24639423076923078
0 0.3786057692307692 0.4675480769230769 0.11899038461538461 0.2403846153846154
4 0.27163461538461536 0.484375 0.1778846153846154 0.24278846153846154
4 0.1622596153846154 0.515625 0.19110576923076922 0.24639423076923078
3 0.8774038461538461 0.5252403846153846 0.1141826923076923 0.20192307692307693
3 0.7944711538461539 0.5168269230769231 0.11298076923076923 0.20192307692307693
3 0.7103365384615384 0.5853365384615384 0.11658653846153846 0.20673076923076922
12 0.5588942307692307 0.6550480769230769 0.23677884615384615 0.26802884615384615
12 0.375 0.6418269230769231 0.3088942307692308 0.15745192307692307
13 0.2980769230769231 0.8088942307692307 0.34375 0.24879807692307693
13 0.7560096153846154 0.7944711538461539 0.37259615384615385 0.3545673076923077