2 0.6430288461538461 0.8137019230769231 0.12620192307692307 0.10336538461538461
13 0.7932692307692307 0.6394230769230769 0.2920673076923077 0.3088942307692308
4 0.5144230769230769 0.8004807692307693 0.13221153846153846 0.14783653846153846
3 0.39302884615384615 0.8725961538461539 0.19831730769230768 0.078125
3 0.23677884615384615 0.8064903846153846 0.18870192307692307 0.11177884615384616
4 0.359375 0.7788461538461539 0.1466346153846154 0.171875
2 0.4375 0.6790865384615384 0.125 0.13822115384615385
12 0.5012019230769231 0.4951923076923077 0.14783653846153846 0.11538461538461539
8 0.3894230769230769 0.3293269230769231 0.11658653846153846 0.078125
12 0.23798076923076922 0.6622596153846154 0.15144230769230768 0.15865384615384615
12 0.31850961538461536 0.5673076923076923 0.18629807692307693 0.07451923076923077
4 0.16947115384615385 0.703125 0.16346153846153846 0.1502403846153846
13 0.6225961538461539 0.36177884615384615 0.27524038461538464 0.3076923076923077
9 0.5228365384615384 0.16105769230769232 0.19230769230769232 0.20192307692307693
8 0.2860576923076923 0.4699519230769231 0.11658653846153846 0.11057692307692307
8 0.27403846153846156 0.27884615384615385 0.1201923076923077 0.1045673076923077
9 0.18389423076923078 0.5372596153846154 0.18509615384615385 0.12620192307692307
12 0.16947115384615385 0.35697115384615385 0.15865384615384615 0.1141826923076923