13 0.8365384615384616 0.31850961538461536 0.24519230769230768 0.31490384615384615
13 0.47836538461538464 0.2127403846153846 0.2608173076923077 0.32091346153846156
9 0.6598557692307693 0.2860576923076923 0.12860576923076922 0.1778846153846154
11 0.8233173076923077 0.5300480769230769 0.12620192307692307 0.12980769230769232
11 0.859375 0.7211538461538461 0.09615384615384616 0.140625
11 0.7980769230769231 0.7608173076923077 0.09375 0.1346153846153846
3 0.7223557692307693 0.8653846153846154 0.19591346153846154 0.14903846153846154
3 0.5516826923076923 0.8713942307692307 0.20673076923076922 0.06370192307692307
12 0.671875 0.47836538461538464 0.11538461538461539 0.16346153846153846
4 0.578125 0.45072115384615385 0.1201923076923077 0.19230769230769232
4 0.4326923076923077 0.41947115384615385 0.17307692307692307 0.12259615384615384
12 0.5036057692307693 0.5228365384615384 0.15384615384615385 0.12379807692307693
10 0.43990384615384615 0.5997596153846154 0.21875 0.21875
6 0.6081730769230769 0.6887019230769231 0.390625 0.3629807692307692
7 0.3389423076923077 0.7139423076923077 0.25600961538461536 0.2764423076923077
7 0.23677884615384615 0.7223557692307693 0.25600961538461536 0.27524038461538464
4 0.27884615384615385 0.4483173076923077 0.1466346153846154 0.23076923076923078
4 0.24278846153846154 0.3137019230769231 0.24759615384615385 0.17548076923076922