16 0.6826923076923077 0.4110576923076923 0.15384615384615385 0.20552884615384615
4 0.5396634615384616 0.29086538461538464 0.15264423076923078 0.22956730769230768
4 0.3954326923076923 0.26322115384615385 0.15144230769230768 0.22956730769230768
16 0.24639423076923078 0.2800480769230769 0.1971153846153846 0.22596153846153846
4 0.10096153846153846 0.45072115384615385 0.11899038461538461 0.1935096153846154
15 0.2704326923076923 0.4362980769230769 0.10817307692307693 0.12860576923076922
12 0.3737980769230769 0.421875 0.16466346153846154 0.10096153846153846
0 0.49759615384615385 0.44711538461538464 0.17427884615384615 0.11658653846153846
4 0.5024038461538461 0.5600961538461539 0.22716346153846154 0.1502403846153846
0 0.32572115384615385 0.5372596153846154 0.17307692307692307 0.15144230769230768
13 0.15264423076923078 0.6598557692307693 0.27884615384615385 0.3088942307692308
2 0.39663461538461536 0.6742788461538461 0.15625 0.10697115384615384
2 0.34975961538461536 0.7896634615384616 0.17307692307692307 0.12379807692307693
16 0.5240384615384616 0.7704326923076923 0.1201923076923077 0.1310096153846154
4 0.6826923076923077 0.6454326923076923 0.14783653846153846 0.2127403846153846