5 0.3293269230769231 0.28846153846153844 0.44471153846153844 0.32211538461538464
16 0.7980769230769231 0.15384615384615385 0.23798076923076922 0.21033653846153846
16 0.30649038461538464 0.47836538461538464 0.20552884615384615 0.1502403846153846
16 0.3485576923076923 0.6514423076923077 0.14423076923076922 0.20673076923076922
2 0.23197115384615385 0.6622596153846154 0.09375 0.1622596153846154
0 0.47475961538461536 0.5925480769230769 0.14783653846153846 0.34615384615384615
5 0.7884615384615384 0.4182692307692308 0.41947115384615385 0.3918269230769231
0 0.7692307692307693 0.5997596153846154 0.328125 0.1971153846153846
16 0.5552884615384616 0.6706730769230769 0.2091346153846154 0.24519230769230768
15 0.49759615384615385 0.8137019230769231 0.11778846153846154 0.0733173076923077
10 0.6490384615384616 0.75 0.20552884615384615 0.24158653846153846
10 0.796875 0.7836538461538461 0.22956730769230768 0.24158653846153846