4 0.7752403846153846 0.1502403846153846 0.1502403846153846 0.13942307692307693
4 0.7584134615384616 0.3641826923076923 0.2283653846153846 0.24278846153846154
11 0.8004807692307693 0.5588942307692307 0.1346153846153846 0.15504807692307693
2 0.6177884615384616 0.46153846153846156 0.1502403846153846 0.15985576923076922
14 0.5132211538461539 0.49278846153846156 0.09615384615384616 0.24879807692307693
14 0.39783653846153844 0.3389423076923077 0.14302884615384615 0.21394230769230768
8 0.4735576923076923 0.15504807692307693 0.06490384615384616 0.1346153846153846
2 0.5024038461538461 0.3425480769230769 0.10576923076923077 0.09495192307692307
10 0.1935096153846154 0.6105769230769231 0.2620192307692308 0.27524038461538464
6 0.5757211538461539 0.8305288461538461 0.3076923076923077 0.265625
8 0.29086538461538464 0.2620192307692308 0.08173076923076923 0.10576923076923077
2 0.3016826923076923 0.41346153846153844 0.0889423076923077 0.09735576923076923
2 0.390625 0.5060096153846154 0.16826923076923078 0.1814903846153846
2 0.38221153846153844 0.6550480769230769 0.16947115384615385 0.15504807692307693
14 0.43149038461538464 0.7307692307692307 0.21153846153846154 0.17668269230769232
4 0.6502403846153846 0.6213942307692307 0.24639423076923078 0.23918269230769232
11 0.8040865384615384 0.7139423076923077 0.1502403846153846 0.1201923076923077
11 0.8521634615384616 0.2644230769230769 0.12860576923076922 0.15504807692307693
4 0.6262019230769231 0.17067307692307693 0.22956730769230768 0.2548076923076923
14 0.5600961538461539 0.27403846153846156 0.1201923076923077 0.22956730769230768