6 0.2548076923076923 0.2548076923076923 0.22596153846153846 0.28125
4 0.44471153846153844 0.18028846153846154 0.20432692307692307 0.25600961538461536
14 0.16826923076923078 0.5276442307692307 0.19230769230769232 0.14783653846153846
4 0.30528846153846156 0.4963942307692308 0.1622596153846154 0.23076923076923078
13 0.6033653846153846 0.4026442307692308 0.23557692307692307 0.29086538461538464
13 0.41346153846153844 0.5420673076923077 0.27884615384615385 0.328125
7 0.7127403846153846 0.4254807692307692 0.13341346153846154 0.3269230769230769
4 0.3161057692307692 0.7043269230769231 0.17548076923076922 0.12860576923076922
4 0.44471153846153844 0.7560096153846154 0.1778846153846154 0.18629807692307693
13 0.6286057692307693 0.6754807692307693 0.31850961538461536 0.3173076923076923
6 0.890625 0.6850961538461539 0.203125 0.27283653846153844
14 0.4675480769230769 0.8701923076923077 0.1875 0.14423076923076922