13 0.5276442307692307 0.265625 0.3473557692307692 0.30408653846153844
13 0.23076923076923078 0.3713942307692308 0.3557692307692308 0.34975961538461536
8 0.7524038461538461 0.3245192307692308 0.13341346153846154 0.08533653846153846
8 0.8028846153846154 0.4411057692307692 0.11899038461538461 0.13822115384615385
2 0.7043269230769231 0.4495192307692308 0.17908653846153846 0.18990384615384615
2 0.5360576923076923 0.4254807692307692 0.10576923076923077 0.13942307692307693
2 0.625 0.5276442307692307 0.1778846153846154 0.19230769230769232
2 0.5324519230769231 0.5889423076923077 0.171875 0.18629807692307693
2 0.47475961538461536 0.46875 0.1141826923076923 0.13221153846153846
2 0.41225961538461536 0.5132211538461539 0.12379807692307693 0.13221153846153846
14 0.3954326923076923 0.6310096153846154 0.1814903846153846 0.20673076923076922
14 0.203125 0.6213942307692307 0.21033653846153846 0.27283653846153844
14 0.3269230769230769 0.7644230769230769 0.24759615384615385 0.24879807692307693
10 0.7908653846153846 0.640625 0.19591346153846154 0.18509615384615385
10 0.65625 0.71875 0.18870192307692307 0.18509615384615385
4 0.4963942307692308 0.8088942307692307 0.10817307692307693 0.140625
4 0.40024038461538464 0.8689903846153846 0.10096153846153846 0.13221153846153846
3 0.6442307692307693 0.859375 0.1346153846153846 0.17668269230769232
3 0.5709134615384616 0.8701923076923077 0.14302884615384615 0.18990384615384615