10 0.1141826923076923 0.23197115384615385 0.22115384615384615 0.21875
13 0.31850961538461536 0.24278846153846154 0.32091346153846156 0.3401442307692308
15 0.18389423076923078 0.38461538461538464 0.20793269230769232 0.18389423076923078
16 0.125 0.5060096153846154 0.10216346153846154 0.125
11 0.20673076923076922 0.5649038461538461 0.12980769230769232 0.16105769230769232
7 0.34375 0.46274038461538464 0.1310096153846154 0.25600961538461536
7 0.47115384615384615 0.43149038461538464 0.19591346153846154 0.32572115384615385
7 0.6286057692307693 0.27524038461538464 0.17307692307692307 0.35216346153846156
5 0.7415865384615384 0.31971153846153844 0.26802884615384615 0.3137019230769231
2 0.7956730769230769 0.47596153846153844 0.20552884615384615 0.17668269230769232
13 0.8425480769230769 0.5733173076923077 0.3076923076923077 0.30649038461538464
13 0.22235576923076922 0.8269230769230769 0.31009615384615385 0.3401442307692308
15 0.3449519230769231 0.6478365384615384 0.18629807692307693 0.19230769230769232
2 0.3581730769230769 0.796875 0.11778846153846154 0.21634615384615385
4 0.5420673076923077 0.5769230769230769 0.2512019230769231 0.2644230769230769
7 0.44711538461538464 0.7632211538461539 0.1201923076923077 0.25600961538461536
5 0.6322115384615384 0.6802884615384616 0.2980769230769231 0.31971153846153844
5 0.7908653846153846 0.7776442307692307 0.3173076923076923 0.2980769230769231