3 0.6021634615384616 0.8233173076923077 0.20432692307692307 0.0733173076923077
12 0.8786057692307693 0.5889423076923077 0.14783653846153846 0.3112980769230769
3 0.8557692307692307 0.36899038461538464 0.14543269230769232 0.18990384615384615
10 0.6502403846153846 0.6658653846153846 0.2512019230769231 0.2127403846153846
7 0.4639423076923077 0.7548076923076923 0.2439903846153846 0.13581730769230768
9 0.765625 0.4735576923076923 0.140625 0.21754807692307693
12 0.6346153846153846 0.5552884615384616 0.21995192307692307 0.09254807692307693
10 0.6298076923076923 0.44471153846153844 0.20432692307692307 0.21033653846153846
7 0.7103365384615384 0.2932692307692308 0.2439903846153846 0.12620192307692307
12 0.35697115384615385 0.6262019230769231 0.171875 0.1875
16 0.45072115384615385 0.4987980769230769 0.15865384615384615 0.28125
10 0.21875 0.6754807692307693 0.2439903846153846 0.27884615384615385
15 0.32091346153846156 0.4170673076923077 0.24519230769230768 0.21875
3 0.125 0.5036057692307693 0.12980769230769232 0.20432692307692307
13 0.4483173076923077 0.25600961538461536 0.2980769230769231 0.23076923076923078