13 0.15985576923076922 0.2283653846153846 0.31490384615384615 0.4074519230769231
13 0.4098557692307692 0.21514423076923078 0.2644230769230769 0.32211538461538464
13 0.6394230769230769 0.19951923076923078 0.2764423076923077 0.3629807692307692
10 0.8293269230769231 0.2800480769230769 0.23918269230769232 0.21153846153846154
10 0.4855769230769231 0.6875 0.27524038461538464 0.25841346153846156
10 0.5504807692307693 0.8810096153846154 0.28846153846153844 0.23317307692307693
16 0.3004807692307692 0.38341346153846156 0.11057692307692307 0.09254807692307693
16 0.28365384615384615 0.4723557692307692 0.09975961538461539 0.11538461538461539
16 0.3425480769230769 0.5576923076923077 0.09254807692307693 0.11298076923076923
4 0.4495192307692308 0.45072115384615385 0.22355769230769232 0.140625
4 0.7788461538461539 0.4723557692307692 0.1502403846153846 0.22355769230769232
4 0.6394230769230769 0.48677884615384615 0.1658653846153846 0.2403846153846154
4 0.140625 0.765625 0.15745192307692307 0.24278846153846154
4 0.2860576923076923 0.6574519230769231 0.23317307692307693 0.22956730769230768
14 0.33774038461538464 0.8161057692307693 0.18990384615384615 0.22716346153846154
0 0.45913461538461536 0.5564903846153846 0.16947115384615385 0.09975961538461539
10 0.6947115384615384 0.7379807692307693 0.27283653846153844 0.24278846153846154
10 0.8581730769230769 0.8533653846153846 0.2800480769230769 0.2247596153846154
16 0.8810096153846154 0.6682692307692307 0.23076923076923078 0.24639423076923078