5 0.4651442307692308 0.2439903846153846 0.3581730769230769 0.4807692307692308
5 0.71875 0.3545673076923077 0.40865384615384615 0.41225961538461536
13 0.2620192307692308 0.6850961538461539 0.28365384615384615 0.2860576923076923
4 0.43990384615384615 0.546875 0.14543269230769232 0.14543269230769232
16 0.46153846153846156 0.6490384615384616 0.11538461538461539 0.10817307692307693
8 0.5745192307692307 0.6550480769230769 0.1201923076923077 0.09735576923076923
8 0.6189903846153846 0.6983173076923077 0.12139423076923077 0.10576923076923077
10 0.5889423076923077 0.5480769230769231 0.17427884615384615 0.13942307692307693
10 0.7536057692307693 0.5757211538461539 0.1658653846153846 0.13942307692307693
16 0.7415865384615384 0.6634615384615384 0.11298076923076923 0.08052884615384616
3 0.828125 0.7079326923076923 0.057692307692307696 0.20432692307692307
3 0.9098557692307693 0.7307692307692307 0.07692307692307693 0.21153846153846154
3 0.8665865384615384 0.7055288461538461 0.07211538461538461 0.20552884615384615
4 0.7608173076923077 0.7716346153846154 0.14783653846153846 0.15144230769230768
10 0.6286057692307693 0.7896634615384616 0.18028846153846154 0.15144230769230768
14 0.4326923076923077 0.7992788461538461 0.25600961538461536 0.23197115384615385
5 0.27283653846153844 0.39903846153846156 0.43149038461538464 0.4074519230769231