3 0.8221153846153846 0.2403846153846154 0.11778846153846154 0.2127403846153846
13 0.5829326923076923 0.2127403846153846 0.32211538461538464 0.3269230769230769
13 0.7836538461538461 0.3701923076923077 0.34615384615384615 0.3449519230769231
4 0.8161057692307693 0.5420673076923077 0.26802884615384615 0.20552884615384615
4 0.7019230769230769 0.6430288461538461 0.26802884615384615 0.25841346153846156
4 0.7776442307692307 0.71875 0.25600961538461536 0.27283653846153844
16 0.5949519230769231 0.4963942307692308 0.23197115384615385 0.27163461538461536
16 0.4891826923076923 0.296875 0.25 0.24759615384615385
16 0.40024038461538464 0.421875 0.2439903846153846 0.2668269230769231
13 0.22596153846153846 0.3329326923076923 0.34615384615384615 0.3629807692307692
8 0.3125 0.5072115384615384 0.11177884615384616 0.06971153846153846
12 0.16346153846153846 0.5456730769230769 0.21754807692307693 0.27283653846153844
7 0.3954326923076923 0.5769230769230769 0.3293269230769231 0.11177884615384616
7 0.41346153846153844 0.6802884615384616 0.3245192307692308 0.1141826923076923
12 0.20072115384615385 0.7728365384615384 0.18028846153846154 0.29447115384615385
4 0.3786057692307692 0.8305288461538461 0.19951923076923078 0.24759615384615385
9 0.5096153846153846 0.7788461538461539 0.19230769230769232 0.15504807692307693