4 0.4963942307692308 0.16706730769230768 0.2704326923076923 0.25
4 0.2932692307692308 0.2956730769230769 0.25 0.1778846153846154
13 0.7536057692307693 0.21995192307692307 0.3641826923076923 0.3629807692307692
10 0.5096153846153846 0.34615384615384615 0.20793269230769232 0.20552884615384615
10 0.5949519230769231 0.4963942307692308 0.24759615384615385 0.29927884615384615
13 0.7980769230769231 0.4735576923076923 0.3293269230769231 0.3269230769230769
10 0.3918269230769231 0.48677884615384615 0.19951923076923078 0.2091346153846154
7 0.421875 0.6057692307692307 0.35216346153846156 0.12379807692307693
10 0.6935096153846154 0.7091346153846154 0.25961538461538464 0.28725961538461536
14 0.828125 0.765625 0.125 0.1971153846153846
14 0.9230769230769231 0.7367788461538461 0.12740384615384615 0.19110576923076922
3 0.8569711538461539 0.8737980769230769 0.21514423076923078 0.11177884615384616
10 0.5769230769230769 0.8353365384615384 0.2536057692307692 0.3137019230769231
16 0.421875 0.7752403846153846 0.2536057692307692 0.24158653846153846
5 0.27163461538461536 0.6358173076923077 0.49038461538461536 0.5192307692307693