13 0.3088942307692308 0.2439903846153846 0.3581730769230769 0.3581730769230769
13 0.6838942307692307 0.18389423076923078 0.27884615384615385 0.29927884615384615
12 0.4074519230769231 0.4326923076923077 0.20793269230769232 0.2980769230769231
13 0.21754807692307693 0.5721153846153846 0.24158653846153846 0.2800480769230769
0 0.4338942307692308 0.5805288461538461 0.21394230769230768 0.21875
12 0.6177884615384616 0.4567307692307692 0.14543269230769232 0.3173076923076923
8 0.7391826923076923 0.3629807692307692 0.12379807692307693 0.06610576923076923
3 0.32091346153846156 0.7824519230769231 0.08173076923076923 0.16947115384615385
3 0.43028846153846156 0.7427884615384616 0.11538461538461539 0.18269230769230768
3 0.4855769230769231 0.734375 0.11778846153846154 0.1935096153846154
12 0.609375 0.7584134615384616 0.20192307692307693 0.3088942307692308
0 0.6802884615384616 0.6442307692307693 0.1045673076923077 0.24639423076923078
0 0.7728365384615384 0.6586538461538461 0.10216346153846154 0.2439903846153846
15 0.8701923076923077 0.5108173076923077 0.18509615384615385 0.34134615384615385