10 0.17548076923076922 0.12980769230769232 0.20552884615384615 0.23798076923076922
10 0.2776442307692308 0.4387019230769231 0.21514423076923078 0.22235576923076922
7 0.2848557692307692 0.203125 0.09254807692307693 0.2548076923076923
7 0.2848557692307692 0.6538461538461539 0.15144230769230768 0.23918269230769232
13 0.5480769230769231 0.2668269230769231 0.19831730769230768 0.296875
13 0.6875 0.7908653846153846 0.33413461538461536 0.29447115384615385
16 0.09735576923076923 0.3137019230769231 0.15264423076923078 0.21875
16 0.5552884615384616 0.6550480769230769 0.20673076923076922 0.15625
4 0.3858173076923077 0.5192307692307693 0.10216346153846154 0.2620192307692308
4 0.5360576923076923 0.5348557692307693 0.2548076923076923 0.11658653846153846
7 0.6622596153846154 0.33653846153846156 0.0889423076923077 0.31850961538461536
7 0.8954326923076923 0.7235576923076923 0.15745192307692307 0.2439903846153846
4 0.7800480769230769 0.3233173076923077 0.1466346153846154 0.23317307692307693
4 0.109375 0.5348557692307693 0.18870192307692307 0.2403846153846154
13 0.4074519230769231 0.2439903846153846 0.18990384615384615 0.32091346153846156
13 0.171875 0.796875 0.34375 0.328125
4 0.46875 0.8185096153846154 0.1658653846153846 0.16346153846153846
10 0.7896634615384616 0.5432692307692307 0.2692307692307692 0.24158653846153846