4 0.3485576923076923 0.18629807692307693 0.2247596153846154 0.2620192307692308
16 0.6382211538461539 0.21875 0.25721153846153844 0.2403846153846154
4 0.8293269230769231 0.2091346153846154 0.19951923076923078 0.2512019230769231
7 0.5444711538461539 0.296875 0.3161057692307692 0.19951923076923078
6 0.8293269230769231 0.49759615384615385 0.2920673076923077 0.3449519230769231
11 0.6682692307692307 0.4855769230769231 0.15264423076923078 0.171875
13 0.2848557692307692 0.375 0.28365384615384615 0.21995192307692307
14 0.49399038461538464 0.43149038461538464 0.21634615384615385 0.1971153846153846
11 0.32572115384615385 0.48677884615384615 0.1622596153846154 0.11298076923076923
7 0.5168269230769231 0.5733173076923077 0.3485576923076923 0.12620192307692307
16 0.7716346153846154 0.625 0.2548076923076923 0.2548076923076923
2 0.30408653846153844 0.5733173076923077 0.19831730769230768 0.11057692307692307
11 0.3545673076923077 0.6730769230769231 0.1622596153846154 0.11177884615384616
6 0.6081730769230769 0.7524038461538461 0.3641826923076923 0.3449519230769231
13 0.38100961538461536 0.8112980769230769 0.2956730769230769 0.24639423076923078