12 0.7451923076923077 0.22596153846153846 0.17908653846153846 0.28725961538461536
13 0.7800480769230769 0.4831730769230769 0.2920673076923077 0.30528846153846156
13 0.7199519230769231 0.7860576923076923 0.2776442307692308 0.31850961538461536
7 0.6117788461538461 0.5048076923076923 0.12620192307692307 0.17427884615384615
7 0.5396634615384616 0.29927884615384615 0.09134615384615384 0.1658653846153846
4 0.5841346153846154 0.16466346153846154 0.19831730769230768 0.16346153846153846
4 0.6310096153846154 0.31850961538461536 0.10817307692307693 0.18870192307692307
0 0.3545673076923077 0.2764423076923077 0.11658653846153846 0.23076923076923078
0 0.43149038461538464 0.30408653846153844 0.11658653846153846 0.23677884615384615
7 0.4230769230769231 0.5204326923076923 0.32211538461538464 0.12860576923076922
7 0.44711538461538464 0.6225961538461539 0.3269230769230769 0.10817307692307693
7 0.45913461538461536 0.7067307692307693 0.32091346153846156 0.10576923076923077
3 0.4182692307692308 0.7800480769230769 0.19471153846153846 0.15504807692307693
13 0.19471153846153846 0.6899038461538461 0.22235576923076922 0.29927884615384615
13 0.18629807692307693 0.23677884615384615 0.21875 0.28725961538461536