13 0.2668269230769231 0.390625 0.3293269230769231 0.35336538461538464
13 0.4987980769230769 0.2956730769230769 0.3137019230769231 0.33774038461538464
16 0.6502403846153846 0.21153846153846154 0.20432692307692307 0.2247596153846154
16 0.75 0.34615384615384615 0.21033653846153846 0.2127403846153846
16 0.8629807692307693 0.4891826923076923 0.22355769230769232 0.16706730769230768
2 0.6334134615384616 0.4651442307692308 0.17548076923076922 0.171875
3 0.7872596153846154 0.5697115384615384 0.1971153846153846 0.11057692307692307
3 0.7752403846153846 0.6382211538461539 0.18269230769230768 0.08653846153846154
3 0.8016826923076923 0.6971153846153846 0.1971153846153846 0.09495192307692307
3 0.7632211538461539 0.7716346153846154 0.18509615384615385 0.08413461538461539
3 0.7752403846153846 0.8209134615384616 0.19471153846153846 0.09254807692307693
3 0.6706730769230769 0.8533653846153846 0.19110576923076922 0.0673076923076923
7 0.5576923076923077 0.5564903846153846 0.30528846153846156 0.20072115384615385
7 0.5528846153846154 0.6454326923076923 0.3076923076923077 0.19591346153846154
1 0.5853365384615384 0.7524038461538461 0.22235576923076922 0.1778846153846154
1 0.48197115384615385 0.7704326923076923 0.22716346153846154 0.21514423076923078
1 0.42427884615384615 0.8425480769230769 0.21995192307692307 0.20432692307692307
5 0.22716346153846154 0.6490384615384616 0.4170673076923077 0.3605769230769231