4 0.11057692307692307 0.44350961538461536 0.17307692307692307 0.24639423076923078
11 0.4387019230769231 0.27884615384615385 0.16105769230769232 0.12379807692307693
11 0.19230769230769232 0.7367788461538461 0.16346153846153846 0.13341346153846154
16 0.24278846153846154 0.5985576923076923 0.20793269230769232 0.23557692307692307
2 0.35697115384615385 0.5528846153846154 0.13701923076923078 0.15625
2 0.4362980769230769 0.4675480769230769 0.15384615384615385 0.15625
2 0.32211538461538464 0.4375 0.16706730769230768 0.1502403846153846
16 0.5540865384615384 0.3858173076923077 0.20793269230769232 0.2091346153846154
8 0.3245192307692308 0.8185096153846154 0.042067307692307696 0.1141826923076923
9 0.46153846153846156 0.6153846153846154 0.22355769230769232 0.21995192307692307
11 0.7235576923076923 0.6165865384615384 0.16105769230769232 0.10576923076923077
14 0.5372596153846154 0.6911057692307693 0.17908653846153846 0.20432692307692307
16 0.609375 0.7848557692307693 0.2091346153846154 0.2127403846153846
16 0.8317307692307693 0.7608173076923077 0.22716346153846154 0.18990384615384615