10 0.4375 0.2644230769230769 0.23557692307692307 0.28846153846153844
8 0.29086538461538464 0.32091346153846156 0.08052884615384616 0.08533653846153846
8 0.22956730769230768 0.3557692307692308 0.07932692307692307 0.078125
8 0.5709134615384616 0.3016826923076923 0.14182692307692307 0.10697115384615384
8 0.5036057692307693 0.390625 0.09134615384615384 0.13221153846153846
8 0.5841346153846154 0.4026442307692308 0.09375 0.12980769230769232
2 0.3701923076923077 0.4266826923076923 0.10096153846153846 0.15384615384615385
10 0.24639423076923078 0.49759615384615385 0.24879807692307693 0.28725961538461536
9 0.5757211538461539 0.5048076923076923 0.21875 0.125
6 0.7668269230769231 0.29927884615384615 0.25961538461538464 0.31850961538461536
9 0.5168269230769231 0.6237980769230769 0.2283653846153846 0.17067307692307693
8 0.6021634615384616 0.5889423076923077 0.09014423076923077 0.08052884615384616
16 0.6935096153846154 0.7199519230769231 0.2644230769230769 0.24639423076923078
16 0.3737980769230769 0.7247596153846154 0.18870192307692307 0.25600961538461536
12 0.2692307692307692 0.6911057692307693 0.0985576923076923 0.1875