5 0.29086538461538464 0.22355769230769232 0.4675480769230769 0.37740384615384615
5 0.7536057692307693 0.22716346153846154 0.4567307692307692 0.36899038461538464
1 0.3245192307692308 0.3004807692307692 0.25961538461538464 0.15625
1 0.4014423076923077 0.44471153846153844 0.23918269230769232 0.12620192307692307
6 0.17427884615384615 0.59375 0.22596153846153846 0.28725961538461536
9 0.3088942307692308 0.6237980769230769 0.11298076923076923 0.21634615384615385
10 0.46033653846153844 0.5600961538461539 0.23197115384615385 0.18028846153846154
10 0.45072115384615385 0.7151442307692307 0.23317307692307693 0.20192307692307693
6 0.11899038461538461 0.8329326923076923 0.23317307692307693 0.29927884615384615
6 0.3858173076923077 0.8834134615384616 0.3137019230769231 0.23317307692307693
6 0.6923076923076923 0.7740384615384616 0.3112980769230769 0.23557692307692307
9 0.7235576923076923 0.9326923076923077 0.22115384615384615 0.1346153846153846
9 0.6334134615384616 0.5913461538461539 0.11177884615384616 0.20192307692307693
9 0.7524038461538461 0.5853365384615384 0.12620192307692307 0.18870192307692307
9 0.9134615384615384 0.6165865384615384 0.16706730769230768 0.20192307692307693
12 0.8894230769230769 0.7980769230769231 0.0625 0.1875
12 0.9519230769230769 0.8100961538461539 0.06971153846153846 0.18870192307692307