13 0.24278846153846154 0.234375 0.2283653846153846 0.2956730769230769
7 0.4543269230769231 0.25600961538461536 0.10336538461538461 0.30408653846153844
7 0.5576923076923077 0.5096153846153846 0.11298076923076923 0.29447115384615385
7 0.5757211538461539 0.7271634615384616 0.29086538461538464 0.17307692307692307
15 0.8245192307692307 0.4206730769230769 0.15384615384615385 0.24158653846153846
15 0.4675480769230769 0.4567307692307692 0.17908653846153846 0.24879807692307693
0 0.24278846153846154 0.44471153846153844 0.0985576923076923 0.15865384615384615
12 0.3233173076923077 0.7439903846153846 0.27403846153846156 0.2512019230769231
11 0.5913461538461539 0.8425480769230769 0.16706730769230768 0.16466346153846154
12 0.7872596153846154 0.7800480769230769 0.3076923076923077 0.19110576923076922
15 0.5276442307692307 0.24879807692307693 0.21514423076923078 0.2512019230769231