6 0.7716346153846154 0.4326923076923077 0.31009615384615385 0.24639423076923078
6 0.1045673076923077 0.7884615384615384 0.20793269230769232 0.32211538461538464
3 0.8497596153846154 0.5408653846153846 0.17668269230769232 0.1201923076923077
3 0.2776442307692308 0.8822115384615384 0.19230769230769232 0.109375
16 0.47836538461538464 0.41346153846153844 0.21394230769230768 0.14783653846153846
16 0.5084134615384616 0.24158653846153846 0.2247596153846154 0.1875
0 0.19471153846153846 0.3245192307692308 0.11057692307692307 0.16466346153846154
8 0.057692307692307696 0.4639423076923077 0.11298076923076923 0.09254807692307693
8 0.19951923076923078 0.6165865384615384 0.0889423076923077 0.109375
3 0.1141826923076923 0.53125 0.08052884615384616 0.15865384615384615
10 0.20072115384615385 0.4963942307692308 0.21394230769230768 0.20793269230769232
16 0.2860576923076923 0.7475961538461539 0.15865384615384615 0.22716346153846154
5 0.5733173076923077 0.7632211538461539 0.4254807692307692 0.4338942307692308
10 0.7944711538461539 0.9146634615384616 0.20192307692307693 0.16706730769230768