3 0.9326923076923077 0.32211538461538464 0.12980769230769232 0.203125
13 0.7548076923076923 0.2848557692307692 0.265625 0.25
5 0.6117788461538461 0.25240384615384615 0.38341346153846156 0.4831730769230769
13 0.328125 0.16105769230769232 0.31490384615384615 0.32091346153846156
4 0.20793269230769232 0.23317307692307693 0.1875 0.19110576923076922
5 0.3329326923076923 0.390625 0.47475961538461536 0.33413461538461536
5 0.32091346153846156 0.5829326923076923 0.5360576923076923 0.5228365384615384
4 0.140625 0.7055288461538461 0.16947115384615385 0.19110576923076922
4 0.21754807692307693 0.8112980769230769 0.13822115384615385 0.22716346153846154
14 0.3449519230769231 0.8725961538461539 0.20072115384615385 0.13822115384615385
7 0.5456730769230769 0.7572115384615384 0.17668269230769232 0.16947115384615385
4 0.6262019230769231 0.8293269230769231 0.20552884615384615 0.1466346153846154
3 0.7764423076923077 0.8161057692307693 0.12139423076923077 0.20192307692307693
13 0.6730769230769231 0.5817307692307693 0.30408653846153844 0.23798076923076922
1 0.8617788461538461 0.6165865384615384 0.1658653846153846 0.21514423076923078