13 0.5336538461538461 0.23317307692307693 0.35096153846153844 0.34615384615384615
13 0.7451923076923077 0.29927884615384615 0.34375 0.35697115384615385
13 0.33533653846153844 0.4795673076923077 0.2824519230769231 0.32572115384615385
15 0.4855769230769231 0.4206730769230769 0.04326923076923077 0.11538461538461539
15 0.5144230769230769 0.4735576923076923 0.0985576923076923 0.12379807692307693
15 0.5456730769230769 0.5060096153846154 0.07692307692307693 0.13341346153846154
16 0.6382211538461539 0.4675480769230769 0.11899038461538461 0.11538461538461539
8 0.7067307692307693 0.5096153846153846 0.12379807692307693 0.1346153846153846
8 0.6237980769230769 0.5685096153846154 0.11899038461538461 0.13942307692307693
16 0.7764423076923077 0.5949519230769231 0.24158653846153846 0.265625
2 0.5588942307692307 0.6442307692307693 0.10336538461538461 0.1622596153846154
16 0.453125 0.6634615384615384 0.08052884615384616 0.1141826923076923
11 0.3425480769230769 0.7139423076923077 0.12620192307692307 0.171875