13 0.41466346153846156 0.21153846153846154 0.2932692307692308 0.2956730769230769
13 0.5120192307692307 0.4050480769230769 0.2439903846153846 0.2512019230769231
13 0.5793269230769231 0.6225961538461539 0.2127403846153846 0.24639423076923078
6 0.23076923076923078 0.3112980769230769 0.21995192307692307 0.3076923076923077
6 0.2403846153846154 0.5997596153846154 0.20072115384615385 0.29447115384615385
5 0.7259615384615384 0.3389423076923077 0.5144230769230769 0.5180288461538461
0 0.4375 0.5264423076923077 0.16105769230769232 0.36658653846153844
0 0.3485576923076923 0.5576923076923077 0.16105769230769232 0.3605769230769231
0 0.7692307692307693 0.6850961538461539 0.35096153846153844 0.2403846153846154
3 0.46033653846153844 0.7427884615384616 0.17908653846153846 0.06850961538461539
15 0.7247596153846154 0.8112980769230769 0.1502403846153846 0.11298076923076923