14 0.5036057692307693 0.14903846153846154 0.265625 0.203125
6 0.38461538461538464 0.30528846153846156 0.27884615384615385 0.3485576923076923
6 0.5685096153846154 0.3329326923076923 0.34375 0.3473557692307692
6 0.7331730769230769 0.30288461538461536 0.3088942307692308 0.34975961538461536
12 0.20072115384615385 0.33653846153846156 0.18629807692307693 0.20793269230769232
12 0.28125 0.4050480769230769 0.13822115384615385 0.26322115384615385
14 0.18509615384615385 0.5276442307692307 0.22596153846153846 0.25721153846153844
13 0.43509615384615385 0.5072115384615384 0.2091346153846154 0.2127403846153846
12 0.4050480769230769 0.6045673076923077 0.25841346153846156 0.15625
13 0.33413461538461536 0.7403846153846154 0.21754807692307693 0.28365384615384615
6 0.6298076923076923 0.5745192307692307 0.25 0.3293269230769231
13 0.828125 0.5793269230769231 0.20793269230769232 0.2704326923076923