5 0.30649038461538464 0.23918269230769232 0.3293269230769231 0.4362980769230769
5 0.5673076923076923 0.25600961538461536 0.46153846153846156 0.421875
6 0.359375 0.4098557692307692 0.41466346153846156 0.43028846153846156
7 0.1201923076923077 0.6153846153846154 0.09975961538461539 0.3269230769230769
4 0.2247596153846154 0.59375 0.0985576923076923 0.17668269230769232
4 0.21634615384615385 0.7800480769230769 0.10576923076923077 0.19471153846153846
5 0.3954326923076923 0.5997596153846154 0.3317307692307692 0.45552884615384615
16 0.625 0.45913461538461536 0.21634615384615385 0.19831730769230768
2 0.6310096153846154 0.6382211538461539 0.12259615384615384 0.17668269230769232
4 0.7836538461538461 0.6959134615384616 0.15144230769230768 0.19230769230769232
16 0.7896634615384616 0.8653846153846154 0.22956730769230768 0.2127403846153846