10 0.6875 0.3918269230769231 0.20432692307692307 0.20673076923076922
10 0.7764423076923077 0.5588942307692307 0.20192307692307693 0.19831730769230768
10 0.5793269230769231 0.5516826923076923 0.20192307692307693 0.20793269230769232
9 0.5576923076923077 0.24519230769230768 0.17548076923076922 0.22235576923076922
9 0.5240384615384616 0.38100961538461536 0.15745192307692307 0.22115384615384615
14 0.6911057692307693 0.65625 0.19951923076923078 0.140625
14 0.5072115384615384 0.7536057692307693 0.21153846153846154 0.2127403846153846
3 0.6875 0.7668269230769231 0.203125 0.1466346153846154
3 0.6117788461538461 0.8377403846153846 0.19831730769230768 0.1201923076923077
0 0.46033653846153844 0.5480769230769231 0.14302884615384615 0.31009615384615385
9 0.3088942307692308 0.4230769230769231 0.18509615384615385 0.19591346153846154
9 0.3329326923076923 0.5757211538461539 0.21754807692307693 0.20673076923076922
8 0.42908653846153844 0.6802884615384616 0.09254807692307693 0.10697115384615384
8 0.38221153846153844 0.7079326923076923 0.09134615384615384 0.11538461538461539
8 0.3088942307692308 0.7920673076923077 0.1045673076923077 0.1141826923076923