14 0.45072115384615385 0.36177884615384615 0.27524038461538464 0.28125
1 0.7584134615384616 0.3870192307692308 0.12980769230769232 0.11778846153846154
13 0.6262019230769231 0.23076923076923078 0.3737980769230769 0.27403846153846156
14 0.6658653846153846 0.3918269230769231 0.15264423076923078 0.1814903846153846
4 0.7235576923076923 0.6298076923076923 0.2091346153846154 0.22235576923076922
13 0.22716346153846154 0.38221153846153844 0.2824519230769231 0.28125
14 0.35216346153846156 0.3473557692307692 0.14302884615384615 0.16947115384615385
1 0.5300480769230769 0.5264423076923077 0.14302884615384615 0.039663461538461536
14 0.6802884615384616 0.49399038461538464 0.18389423076923078 0.13822115384615385
1 0.5913461538461539 0.7151442307692307 0.04567307692307692 0.15504807692307693
4 0.3317307692307692 0.7776442307692307 0.24158653846153846 0.24759615384615385
13 0.43990384615384615 0.6346153846153846 0.3449519230769231 0.2848557692307692