13 0.3605769230769231 0.140625 0.35336538461538464 0.27884615384615385
13 0.8028846153846154 0.8076923076923077 0.35336538461538464 0.35096153846153844
16 0.2620192307692308 0.3173076923076923 0.25600961538461536 0.24519230769230768
10 0.203125 0.5132211538461539 0.2668269230769231 0.23317307692307693
16 0.5300480769230769 0.2608173076923077 0.1814903846153846 0.21875
16 0.8990384615384616 0.32091346153846156 0.16826923076923078 0.20552884615384615
16 0.1346153846153846 0.7319711538461539 0.1935096153846154 0.2247596153846154
8 0.41466346153846156 0.5264423076923077 0.10697115384615384 0.08052884615384616
8 0.6201923076923077 0.6814903846153846 0.056490384615384616 0.10576923076923077
8 0.8004807692307693 0.6069711538461539 0.109375 0.0985576923076923
8 0.48677884615384615 0.6358173076923077 0.09134615384615384 0.11899038461538461
8 0.53125 0.5180288461538461 0.09134615384615384 0.11177884615384616
8 0.640625 0.47716346153846156 0.08774038461538461 0.11177884615384616
3 0.5564903846153846 0.6875 0.08052884615384616 0.19951923076923078
3 0.6850961538461539 0.6826923076923077 0.08653846153846154 0.19471153846153846
12 0.6983173076923077 0.49278846153846156 0.07932692307692307 0.13701923076923078
12 0.6153846153846154 0.5576923076923077 0.13942307692307693 0.08173076923076923
12 0.4170673076923077 0.30649038461538464 0.09495192307692307 0.14903846153846154
3 0.4266826923076923 0.8233173076923077 0.07572115384615384 0.20072115384615385
3 0.4675480769230769 0.8112980769230769 0.0733173076923077 0.19951923076923078