16 0.7548076923076923 0.2764423076923077 0.24759615384615385 0.16105769230769232
16 0.8485576923076923 0.4110576923076923 0.23918269230769232 0.140625
7 0.7824519230769231 0.6286057692307693 0.16706730769230768 0.28966346153846156
7 0.4326923076923077 0.7536057692307693 0.29927884615384615 0.15144230769230768
0 0.5516826923076923 0.8197115384615384 0.27163461538461536 0.16706730769230768
2 0.6490384615384616 0.6490384615384616 0.18990384615384615 0.10697115384615384
2 0.5072115384615384 0.5949519230769231 0.10697115384615384 0.19230769230769232
11 0.42788461538461536 0.5745192307692307 0.09495192307692307 0.19951923076923078
2 0.3161057692307692 0.5432692307692307 0.18269230769230768 0.11658653846153846
2 0.2283653846153846 0.6394230769230769 0.19110576923076922 0.12980769230769232
11 0.6742788461538461 0.5012019230769231 0.11298076923076923 0.18990384615384615
16 0.6033653846153846 0.42908653846153844 0.11658653846153846 0.11057692307692307
16 0.5745192307692307 0.49038461538461536 0.11778846153846154 0.11057692307692307
16 0.5877403846153846 0.30408653846153844 0.0829326923076923 0.10576923076923077
16 0.5204326923076923 0.36538461538461536 0.11778846153846154 0.12139423076923077
16 0.5300480769230769 0.22235576923076922 0.09254807692307693 0.11538461538461539
14 0.4338942307692308 0.3269230769230769 0.0889423076923077 0.24278846153846154
14 0.36658653846153844 0.3485576923076923 0.0985576923076923 0.2403846153846154
7 0.2932692307692308 0.32091346153846156 0.09975961538461539 0.328125