5 0.5625 0.40384615384615385 0.34975961538461536 0.42427884615384615
5 0.1658653846153846 0.30288461538461536 0.3112980769230769 0.38341346153846156
3 0.36899038461538464 0.421875 0.15865384615384615 0.16346153846153846
8 0.203125 0.5829326923076923 0.09375 0.10697115384615384
8 0.7127403846153846 0.7175480769230769 0.10817307692307693 0.12139423076923077
8 0.41466346153846156 0.8713942307692307 0.11778846153846154 0.08774038461538461
3 0.6466346153846154 0.828125 0.16826923076923078 0.09495192307692307
11 0.5216346153846154 0.6790865384615384 0.10817307692307693 0.20072115384615385
16 0.3894230769230769 0.6298076923076923 0.15504807692307693 0.21514423076923078
0 0.4050480769230769 0.7704326923076923 0.1622596153846154 0.10096153846153846
11 0.28966346153846156 0.671875 0.07451923076923077 0.2091346153846154
15 0.25240384615384615 0.6502403846153846 0.04807692307692308 0.12860576923076922
15 0.23798076923076922 0.7884615384615384 0.12379807692307693 0.056490384615384616