14 0.8581730769230769 0.3125 0.18629807692307693 0.13341346153846154
8 0.5276442307692307 0.29086538461538464 0.09615384615384616 0.11899038461538461
10 0.37740384615384615 0.4182692307692308 0.20072115384615385 0.19110576923076922
7 0.421875 0.6394230769230769 0.33052884615384615 0.14302884615384615
2 0.36538461538461536 0.7512019230769231 0.10817307692307693 0.11057692307692307
8 0.6262019230769231 0.6466346153846154 0.12139423076923077 0.10697115384615384
14 0.7608173076923077 0.6850961538461539 0.2776442307692308 0.2644230769230769
14 0.6201923076923077 0.40024038461538464 0.2668269230769231 0.1622596153846154
14 0.6935096153846154 0.48197115384615385 0.1814903846153846 0.1658653846153846
8 0.6141826923076923 0.27283653846153844 0.08173076923076923 0.11658653846153846
8 0.7151442307692307 0.328125 0.09975961538461539 0.08774038461538461
14 0.8425480769230769 0.4699519230769231 0.1778846153846154 0.15865384615384615
7 0.4579326923076923 0.5564903846153846 0.33774038461538464 0.12620192307692307
7 0.5360576923076923 0.7884615384615384 0.30528846153846156 0.22115384615384615
8 0.7043269230769231 0.5997596153846154 0.12379807692307693 0.10697115384615384
14 0.6538461538461539 0.41466346153846156 0.19951923076923078 0.15625
14 0.8497596153846154 0.7776442307692307 0.19471153846153846 0.19591346153846154