16 0.6610576923076923 0.2512019230769231 0.2848557692307692 0.20072115384615385
16 0.4050480769230769 0.3329326923076923 0.21995192307692307 0.22956730769230768
13 0.8221153846153846 0.46153846153846156 0.3137019230769231 0.3545673076923077
0 0.5973557692307693 0.4855769230769231 0.2776442307692308 0.15504807692307693
0 0.5372596153846154 0.5480769230769231 0.2776442307692308 0.14302884615384615
0 0.6466346153846154 0.6622596153846154 0.28966346153846156 0.11658653846153846
7 0.4375 0.5877403846153846 0.15745192307692307 0.13341346153846154
7 0.5793269230769231 0.71875 0.1658653846153846 0.14903846153846154
2 0.6971153846153846 0.7716346153846154 0.11538461538461539 0.12379807692307693
9 0.5336538461538461 0.8088942307692307 0.21995192307692307 0.15384615384615385
8 0.43509615384615385 0.6923076923076923 0.10817307692307693 0.07692307692307693
8 0.38822115384615385 0.7572115384615384 0.1141826923076923 0.0829326923076923
14 0.34975961538461536 0.6045673076923077 0.18509615384615385 0.17548076923076922
14 0.2800480769230769 0.7019230769230769 0.19831730769230768 0.17548076923076922
14 0.29447115384615385 0.47475961538461536 0.13701923076923078 0.18509615384615385