16 0.23918269230769232 0.6105769230769231 0.24639423076923078 0.25240384615384615
16 0.33413461538461536 0.5012019230769231 0.23317307692307693 0.2548076923076923
16 0.47596153846153844 0.4579326923076923 0.21514423076923078 0.25
1 0.5925480769230769 0.45552884615384615 0.11298076923076923 0.13822115384615385
1 0.6610576923076923 0.47596153846153844 0.0673076923076923 0.1502403846153846
1 0.6995192307692307 0.4495192307692308 0.0625 0.14423076923076922
11 0.8509615384615384 0.5829326923076923 0.14423076923076922 0.17067307692307693
11 0.6442307692307693 0.6081730769230769 0.1622596153846154 0.1658653846153846
16 0.5372596153846154 0.6057692307692307 0.1141826923076923 0.11899038461538461
1 0.4375 0.6586538461538461 0.13942307692307693 0.09254807692307693
11 0.6153846153846154 0.7463942307692307 0.13341346153846154 0.17307692307692307
8 0.4483173076923077 0.7524038461538461 0.13822115384615385 0.12259615384615384