5 0.8137019230769231 0.3088942307692308 0.35096153846153844 0.46153846153846156
5 0.46634615384615385 0.2704326923076923 0.4266826923076923 0.5288461538461539
13 0.8569711538461539 0.6237980769230769 0.18990384615384615 0.25240384615384615
13 0.8617788461538461 0.8521634615384616 0.21634615384615385 0.26322115384615385
13 0.6586538461538461 0.7259615384615384 0.23918269230769232 0.265625
14 0.5637019230769231 0.9266826923076923 0.22355769230769232 0.1466346153846154
14 0.7331730769230769 0.6478365384615384 0.13221153846153846 0.17668269230769232
7 0.6490384615384616 0.5432692307692307 0.19471153846153846 0.13822115384615385
7 0.5336538461538461 0.7716346153846154 0.12860576923076922 0.1935096153846154
11 0.49038461538461536 0.5901442307692307 0.12139423076923077 0.16706730769230768
11 0.2800480769230769 0.30288461538461536 0.11298076923076923 0.15264423076923078
11 0.17668269230769232 0.30528846153846156 0.11298076923076923 0.15264423076923078
1 0.11177884615384616 0.2403846153846154 0.15384615384615385 0.14543269230769232
2 0.27403846153846156 0.7872596153846154 0.15144230769230768 0.18389423076923078
10 0.12980769230769232 0.7956730769230769 0.21875 0.2512019230769231
10 0.140625 0.47475961538461536 0.22235576923076922 0.2608173076923077
10 0.31490384615384615 0.5865384615384616 0.23197115384615385 0.19230769230769232
10 0.4098557692307692 0.7860576923076923 0.21875 0.22115384615384615