13 0.39663461538461536 0.2536057692307692 0.23798076923076922 0.31009615384615385
13 0.578125 0.25721153846153844 0.21514423076923078 0.27163461538461536
13 0.7848557692307693 0.24759615384615385 0.22115384615384615 0.24158653846153846
14 0.8269230769230769 0.3942307692307692 0.16947115384615385 0.20673076923076922
14 0.8665865384615384 0.5685096153846154 0.24879807692307693 0.265625
10 0.640625 0.4362980769230769 0.21754807692307693 0.20552884615384615
10 0.47716346153846156 0.5360576923076923 0.24278846153846154 0.25240384615384615
9 0.35336538461538464 0.4879807692307692 0.15865384615384615 0.22235576923076922
5 0.23918269230769232 0.5216346153846154 0.4014423076923077 0.4387019230769231
8 0.59375 0.6189903846153846 0.07211538461538461 0.11177884615384616
8 0.6670673076923077 0.6310096153846154 0.054086538461538464 0.10576923076923077
8 0.71875 0.7163461538461539 0.11177884615384616 0.0829326923076923
4 0.5961538461538461 0.7836538461538461 0.15985576923076922 0.1658653846153846
14 0.43509615384615385 0.7427884615384616 0.2127403846153846 0.22956730769230768
4 0.30649038461538464 0.8004807692307693 0.22355769230769232 0.21153846153846154