10 0.24639423076923078 0.13701923076923078 0.25841346153846156 0.203125
10 0.4074519230769231 0.44471153846153844 0.21995192307692307 0.21875
10 0.20432692307692307 0.46274038461538464 0.25961538461538464 0.1971153846153846
13 0.7608173076923077 0.14182692307692307 0.3329326923076923 0.27283653846153844
13 0.140625 0.3088942307692308 0.27524038461538464 0.2704326923076923
13 0.4074519230769231 0.24519230769230768 0.3173076923076923 0.27884615384615385
5 0.6742788461538461 0.28846153846153844 0.3076923076923077 0.22596153846153846
5 0.8954326923076923 0.6045673076923077 0.18870192307692307 0.296875
5 0.7379807692307693 0.8185096153846154 0.3173076923076923 0.1875
5 0.6814903846153846 0.5673076923076923 0.5901442307692307 0.46033653846153844
5 0.17427884615384615 0.6598557692307693 0.3485576923076923 0.4543269230769231
16 0.37259615384615385 0.7283653846153846 0.17668269230769232 0.21875
16 0.5216346153846154 0.7680288461538461 0.17908653846153846 0.22596153846153846
16 0.44711538461538464 0.9074519230769231 0.21995192307692307 0.1814903846153846
1 0.11177884615384616 0.8762019230769231 0.20072115384615385 0.0673076923076923
1 0.09615384615384616 0.9278846153846154 0.18028846153846154 0.06009615384615385
12 0.27403846153846156 0.9302884615384616 0.1971153846153846 0.09134615384615384
1 0.6129807692307693 0.8810096153846154 0.1622596153846154 0.20552884615384615