16 0.5649038461538461 0.19951923076923078 0.24879807692307693 0.23317307692307693
16 0.41346153846153844 0.3016826923076923 0.20072115384615385 0.21875
16 0.7055288461538461 0.3737980769230769 0.2091346153846154 0.15264423076923078
11 0.6346153846153846 0.5600961538461539 0.12259615384615384 0.16346153846153846
16 0.7836538461538461 0.6862980769230769 0.21754807692307693 0.24639423076923078
11 0.59375 0.7596153846153846 0.17307692307692307 0.17067307692307693
1 0.8401442307692307 0.8870192307692307 0.25841346153846156 0.17908653846153846
7 0.44711538461538464 0.6081730769230769 0.15745192307692307 0.34134615384615385
7 0.375 0.5697115384615384 0.1201923076923077 0.34975961538461536
16 0.24879807692307693 0.5913461538461539 0.18389423076923078 0.21634615384615385
1 0.33533653846153844 0.7920673076923077 0.234375 0.23918269230769232
16 0.23557692307692307 0.3449519230769231 0.23317307692307693 0.23197115384615385
1 0.11177884615384616 0.35216346153846156 0.13581730769230768 0.24519230769230768