6 0.34134615384615385 0.4338942307692308 0.24639423076923078 0.3449519230769231
5 0.5204326923076923 0.39302884615384615 0.17548076923076922 0.3173076923076923
5 0.6430288461538461 0.39302884615384615 0.2512019230769231 0.31490384615384615
5 0.7668269230769231 0.3798076923076923 0.30408653846153844 0.3137019230769231
14 0.8137019230769231 0.6081730769230769 0.19110576923076922 0.21394230769230768
14 0.6754807692307693 0.625 0.18269230769230768 0.20793269230769232
14 0.5084134615384616 0.6177884615384616 0.2091346153846154 0.2127403846153846
10 0.3329326923076923 0.6466346153846154 0.27524038461538464 0.2548076923076923
10 0.20552884615384615 0.7632211538461539 0.25 0.2091346153846154
0 0.43990384615384615 0.7764423076923077 0.18870192307692307 0.14302884615384615
0 0.5336538461538461 0.8221153846153846 0.17908653846153846 0.16826923076923078
3 0.6790865384615384 0.7668269230769231 0.19591346153846154 0.17548076923076922
3 0.703125 0.8112980769230769 0.1814903846153846 0.1622596153846154
3 0.8052884615384616 0.8329326923076923 0.21033653846153846 0.1466346153846154
12 0.8545673076923077 0.7019230769230769 0.18629807692307693 0.08413461538461539