5 0.35216346153846156 0.19591346153846154 0.3918269230769231 0.328125
5 0.46634615384615385 0.4338942307692308 0.3713942307692308 0.2848557692307692
5 0.7680288461538461 0.4375 0.3918269230769231 0.2800480769230769
13 0.6069711538461539 0.21634615384615385 0.29447115384615385 0.2668269230769231
13 0.8305288461538461 0.25961538461538464 0.20673076923076922 0.32211538461538464
6 0.2403846153846154 0.43149038461538464 0.19471153846153846 0.30408653846153844
6 0.17668269230769232 0.6742788461538461 0.23798076923076922 0.3004807692307692
0 0.34975961538461536 0.6466346153846154 0.15625 0.16826923076923078
0 0.4987980769230769 0.5889423076923077 0.16826923076923078 0.11899038461538461
0 0.6346153846153846 0.6274038461538461 0.171875 0.13701923076923078
15 0.8725961538461539 0.6634615384615384 0.10336538461538461 0.14423076923076922
1 0.41346153846153844 0.7115384615384616 0.14182692307692307 0.1346153846153846
1 0.31490384615384615 0.7800480769230769 0.14423076923076922 0.13221153846153846
12 0.4387019230769231 0.8665865384615384 0.3161057692307692 0.11298076923076923
12 0.6382211538461539 0.7103365384615384 0.30649038461538464 0.1971153846153846
3 0.6694711538461539 0.7632211538461539 0.20192307692307693 0.12980769230769232
4 0.8197115384615384 0.8341346153846154 0.3112980769230769 0.3137019230769231