16 0.7295673076923077 0.27524038461538464 0.296875 0.296875
16 0.8028846153846154 0.41586538461538464 0.2980769230769231 0.29086538461538464
16 0.7271634615384616 0.7007211538461539 0.2860576923076923 0.3112980769230769
10 0.7884615384615384 0.8617788461538461 0.30408653846153844 0.27283653846153844
4 0.45913461538461536 0.8954326923076923 0.21153846153846154 0.2091346153846154
0 0.5492788461538461 0.640625 0.2512019230769231 0.22596153846153846
0 0.31490384615384615 0.7908653846153846 0.234375 0.26322115384615385
15 0.18990384615384615 0.7379807692307693 0.10216346153846154 0.16947115384615385
15 0.15504807692307693 0.7175480769230769 0.10336538461538461 0.16706730769230768
1 0.3581730769230769 0.5841346153846154 0.1875 0.2247596153846154
4 0.53125 0.5540865384615384 0.2860576923076923 0.2403846153846154
16 0.20432692307692307 0.5168269230769231 0.1201923076923077 0.0985576923076923
10 0.5048076923076923 0.4206730769230769 0.30288461538461536 0.27524038461538464
16 0.53125 0.23798076923076922 0.21033653846153846 0.1310096153846154
16 0.3581730769230769 0.24278846153846154 0.171875 0.23197115384615385
10 0.203125 0.19471153846153846 0.2608173076923077 0.28846153846153844
4 0.18509615384615385 0.34615384615384615 0.14903846153846154 0.171875