14 0.33533653846153844 0.14182692307692307 0.13581730769230768 0.18629807692307693
14 0.18509615384615385 0.23557692307692307 0.1778846153846154 0.19951923076923078
14 0.3737980769230769 0.296875 0.20072115384615385 0.19110576923076922
12 0.2620192307692308 0.39302884615384615 0.19831730769230768 0.1814903846153846
14 0.17668269230769232 0.5552884615384616 0.14903846153846154 0.19230769230769232
9 0.28725961538461536 0.5997596153846154 0.14783653846153846 0.22716346153846154
14 0.25961538461538464 0.7632211538461539 0.1502403846153846 0.19951923076923078
0 0.45552884615384615 0.5348557692307693 0.19230769230769232 0.37259615384615385
0 0.39903846153846156 0.6706730769230769 0.12379807692307693 0.3004807692307692
3 0.44471153846153844 0.7920673076923077 0.0889423076923077 0.21033653846153846
12 0.5769230769230769 0.8004807692307693 0.21995192307692307 0.0829326923076923
9 0.5877403846153846 0.3016826923076923 0.2247596153846154 0.18269230769230768
12 0.6274038461538461 0.41586538461538464 0.1502403846153846 0.13822115384615385
7 0.6141826923076923 0.5252403846153846 0.21875 0.21634615384615385
12 0.5889423076923077 0.6165865384615384 0.14783653846153846 0.140625
3 0.6021634615384616 0.7091346153846154 0.20432692307692307 0.13221153846153846
12 0.7199519230769231 0.7271634615384616 0.22115384615384615 0.11899038461538461
10 0.7824519230769231 0.3425480769230769 0.24158653846153846 0.25841346153846156
10 0.796875 0.5637019230769231 0.2800480769230769 0.2620192307692308