4 0.41346153846153844 0.3161057692307692 0.2512019230769231 0.23557692307692307
4 0.640625 0.29086538461538464 0.2283653846153846 0.16105769230769232
13 0.33413461538461536 0.5997596153846154 0.23918269230769232 0.3004807692307692
11 0.8245192307692307 0.3786057692307692 0.11658653846153846 0.15865384615384615
0 0.4338942307692308 0.47836538461538464 0.10697115384615384 0.14783653846153846
7 0.6442307692307693 0.4014423076923077 0.3016826923076923 0.10697115384615384
7 0.6310096153846154 0.4951923076923077 0.30288461538461536 0.09615384615384616
7 0.5456730769230769 0.5913461538461539 0.30528846153846156 0.0985576923076923
0 0.7668269230769231 0.5769230769230769 0.15144230769230768 0.16466346153846154
3 0.8665865384615384 0.6045673076923077 0.078125 0.19230769230769232
1 0.8137019230769231 0.6911057692307693 0.12139423076923077 0.09495192307692307
1 0.765625 0.7007211538461539 0.13221153846153846 0.11298076923076923
0 0.5733173076923077 0.6802884615384616 0.16947115384615385 0.11298076923076923
2 0.43990384615384615 0.7728365384615384 0.1875 0.11778846153846154
2 0.6550480769230769 0.7800480769230769 0.19831730769230768 0.12139423076923077
3 0.5841346153846154 0.8665865384615384 0.18870192307692307 0.09615384615384616
3 0.7800480769230769 0.8040865384615384 0.1814903846153846 0.12980769230769232