11 0.7704326923076923 0.8245192307692307 0.16105769230769232 0.12259615384615384
11 0.6310096153846154 0.8149038461538461 0.16105769230769232 0.12620192307692307
8 0.6790865384615384 0.7079326923076923 0.0829326923076923 0.109375
8 0.6069711538461539 0.7007211538461539 0.07451923076923077 0.10336538461538461
8 0.546875 0.6622596153846154 0.08173076923076923 0.10576923076923077
3 0.4963942307692308 0.7632211538461539 0.1778846153846154 0.16706730769230768
2 0.4735576923076923 0.6586538461538461 0.12259615384615384 0.10697115384615384
2 0.37259615384615385 0.7007211538461539 0.12740384615384615 0.1201923076923077
2 0.421875 0.578125 0.1141826923076923 0.13581730769230768
11 0.5901442307692307 0.31850961538461536 0.14182692307692307 0.16105769230769232
7 0.3737980769230769 0.8016826923076923 0.27884615384615385 0.2536057692307692
7 0.3088942307692308 0.8569711538461539 0.2776442307692308 0.25
5 0.7680288461538461 0.4579326923076923 0.44350961538461536 0.484375
10 0.4807692307692308 0.3233173076923077 0.14783653846153846 0.18870192307692307
3 0.32572115384615385 0.5108173076923077 0.1935096153846154 0.0829326923076923
3 0.21153846153846154 0.5576923076923077 0.1658653846153846 0.18389423076923078
10 0.14423076923076922 0.6899038461538461 0.19831730769230768 0.21394230769230768
10 0.2548076923076923 0.3918269230769231 0.15865384615384615 0.18870192307692307