12 0.4567307692307692 0.25 0.23557692307692307 0.16466346153846154
12 0.27524038461538464 0.4699519230769231 0.24278846153846154 0.078125
2 0.359375 0.6802884615384616 0.17668269230769232 0.17668269230769232
2 0.48677884615384615 0.75 0.16105769230769232 0.15985576923076922
8 0.4362980769230769 0.6189903846153846 0.10216346153846154 0.1201923076923077
8 0.4483173076923077 0.53125 0.11899038461538461 0.11177884615384616
14 0.44591346153846156 0.40865384615384615 0.14783653846153846 0.171875
3 0.5360576923076923 0.37740384615384615 0.07091346153846154 0.18870192307692307
3 0.5973557692307693 0.32091346153846156 0.09615384615384616 0.19230769230769232
12 0.7115384615384616 0.25600961538461536 0.234375 0.17908653846153846
3 0.6935096153846154 0.38100961538461536 0.1622596153846154 0.1875
3 0.8016826923076923 0.43149038461538464 0.09014423076923077 0.18389423076923078
3 0.6502403846153846 0.4891826923076923 0.19831730769230768 0.13221153846153846
3 0.6550480769230769 0.5625 0.19471153846153846 0.109375
12 0.6514423076923077 0.6237980769230769 0.140625 0.09014423076923077
12 0.6310096153846154 0.6754807692307693 0.12620192307692307 0.08413461538461539
7 0.6009615384615384 0.7848557692307693 0.15144230769230768 0.1622596153846154
14 0.7668269230769231 0.7848557692307693 0.18870192307692307 0.13822115384615385
12 0.7908653846153846 0.6850961538461539 0.14302884615384615 0.07211538461538461
12 0.8100961538461539 0.5709134615384616 0.1346153846153846 0.12259615384615384