4 0.26322115384615385 0.5913461538461539 0.2439903846153846 0.2776442307692308
4 0.3942307692307692 0.37740384615384615 0.2668269230769231 0.2620192307692308
4 0.6189903846153846 0.24879807692307693 0.2704326923076923 0.2620192307692308
4 0.8100961538461539 0.3701923076923077 0.16706730769230768 0.234375
4 0.734375 0.39302884615384615 0.15625 0.15384615384615385
4 0.5805288461538461 0.4074519230769231 0.1502403846153846 0.1502403846153846
4 0.4567307692307692 0.5396634615384616 0.14903846153846154 0.13701923076923078
11 0.4951923076923077 0.6502403846153846 0.09975961538461539 0.12620192307692307
2 0.4266826923076923 0.6899038461538461 0.12259615384615384 0.125
2 0.47115384615384615 0.7439903846153846 0.11538461538461539 0.1201923076923077
7 0.5949519230769231 0.7512019230769231 0.09975961538461539 0.1778846153846154
8 0.5865384615384616 0.8617788461538461 0.11658653846153846 0.09615384615384616
11 0.4579326923076923 0.8137019230769231 0.13341346153846154 0.10216346153846154
11 0.3798076923076923 0.7512019230769231 0.11538461538461539 0.140625
11 0.2704326923076923 0.8545673076923077 0.18629807692307693 0.19591346153846154
14 0.6838942307692307 0.734375 0.15985576923076922 0.23557692307692307
14 0.7632211538461539 0.6947115384615384 0.12259615384615384 0.25841346153846156
10 0.6129807692307693 0.5408653846153846 0.2692307692307692 0.21514423076923078
4 0.828125 0.6237980769230769 0.17668269230769232 0.2439903846153846