16 0.2920673076923077 0.3894230769230769 0.15985576923076922 0.2764423076923077
16 0.43990384615384615 0.3161057692307692 0.1814903846153846 0.2860576923076923
16 0.6550480769230769 0.2920673076923077 0.2764423076923077 0.2764423076923077
15 0.8533653846153846 0.3557692307692308 0.2704326923076923 0.328125
15 0.8774038461538461 0.47115384615384615 0.24519230769230768 0.38221153846153844
12 0.5576923076923077 0.5192307692307693 0.2848557692307692 0.20432692307692307
12 0.6382211538461539 0.5625 0.27524038461538464 0.22235576923076922
3 0.7307692307692307 0.6225961538461539 0.19471153846153846 0.06129807692307692
14 0.7211538461538461 0.6754807692307693 0.24639423076923078 0.08173076923076923
8 0.8954326923076923 0.8173076923076923 0.11658653846153846 0.12740384615384615
14 0.5841346153846154 0.7980769230769231 0.2439903846153846 0.10817307692307693
8 0.49278846153846156 0.6911057692307693 0.11538461538461539 0.11778846153846154
4 0.32572115384615385 0.7596153846153846 0.14423076923076922 0.23317307692307693
4 0.25 0.5853365384615384 0.23076923076923078 0.14302884615384615