16 0.5144230769230769 0.7860576923076923 0.24519230769230768 0.1935096153846154
12 0.6646634615384616 0.7043269230769231 0.15625 0.15625
1 0.7572115384615384 0.6478365384615384 0.13581730769230768 0.09495192307692307
8 0.7259615384615384 0.5528846153846154 0.1141826923076923 0.11298076923076923
1 0.6899038461538461 0.5913461538461539 0.11057692307692307 0.11298076923076923
1 0.6478365384615384 0.6141826923076923 0.11177884615384616 0.1141826923076923
8 0.5685096153846154 0.609375 0.1141826923076923 0.10096153846153846
8 0.5360576923076923 0.6730769230769231 0.11778846153846154 0.1045673076923077
16 0.38822115384615385 0.5889423076923077 0.23076923076923078 0.25600961538461536
16 0.47596153846153844 0.4699519230769231 0.2403846153846154 0.25600961538461536
16 0.6021634615384616 0.3713942307692308 0.25841346153846156 0.23918269230769232