2 0.33533653846153844 0.3004807692307692 0.15745192307692307 0.15625
10 0.16346153846153846 0.0829326923076923 0.1778846153846154 0.16466346153846154
9 0.4699519230769231 0.18509615384615385 0.40384615384615385 0.3701923076923077
6 0.1502403846153846 0.32572115384615385 0.3004807692307692 0.34975961538461536
7 0.4182692307692308 0.44711538461538464 0.13341346153846154 0.30288461538461536
5 0.8028846153846154 0.26802884615384615 0.31850961538461536 0.4074519230769231
6 0.8509615384615384 0.48197115384615385 0.2980769230769231 0.39663461538461536
5 0.5661057692307693 0.5709134615384616 0.4387019230769231 0.46875
7 0.7055288461538461 0.7415865384615384 0.1971153846153846 0.2920673076923077
4 0.8257211538461539 0.7848557692307693 0.2403846153846154 0.2692307692307692
4 0.22235576923076922 0.6262019230769231 0.2283653846153846 0.24639423076923078
6 0.3918269230769231 0.7932692307692307 0.36899038461538464 0.27283653846153844
4 0.23918269230769232 0.8677884615384616 0.18028846153846154 0.24759615384615385
4 0.0889423076923077 0.8305288461538461 0.15264423076923078 0.23918269230769232
4 0.08173076923076923 0.6105769230769231 0.16346153846153846 0.23557692307692307