5 0.18028846153846154 0.4362980769230769 0.3088942307692308 0.4375
5 0.30528846153846156 0.6730769230769231 0.47115384615384615 0.41586538461538464
13 0.35216346153846156 0.2536057692307692 0.23197115384615385 0.30528846153846156
13 0.47596153846153844 0.2824519230769231 0.17427884615384615 0.33533653846153844
13 0.6274038461538461 0.23677884615384615 0.25240384615384615 0.3161057692307692
13 0.7848557692307693 0.23918269230769232 0.22115384615384615 0.2620192307692308
7 0.8822115384615384 0.41586538461538464 0.17067307692307693 0.3245192307692308
9 0.7764423076923077 0.43028846153846156 0.15144230769230768 0.1502403846153846
16 0.6286057692307693 0.49158653846153844 0.23197115384615385 0.21634615384615385
16 0.44591346153846156 0.4879807692307692 0.17067307692307693 0.21514423076923078
4 0.4387019230769231 0.7127403846153846 0.20552884615384615 0.22235576923076922
2 0.5961538461538461 0.6394230769230769 0.11538461538461539 0.15865384615384615
9 0.7211538461538461 0.6237980769230769 0.15504807692307693 0.15504807692307693
1 0.8497596153846154 0.6009615384615384 0.21033653846153846 0.09975961538461539
1 0.8401442307692307 0.7175480769230769 0.23798076923076922 0.13341346153846154
4 0.8569711538461539 0.8317307692307693 0.20192307692307693 0.16826923076923078
4 0.7283653846153846 0.7644230769230769 0.17307692307692307 0.1971153846153846
16 0.5528846153846154 0.8329326923076923 0.1814903846153846 0.22956730769230768
7 0.22716346153846154 0.8617788461538461 0.3269230769230769 0.13341346153846154