16 0.5925480769230769 0.31009615384615385 0.23317307692307693 0.15985576923076922
16 0.29927884615384615 0.49399038461538464 0.24519230769230768 0.2668269230769231
0 0.5168269230769231 0.4543269230769231 0.0985576923076923 0.16466346153846154
0 0.6694711538461539 0.4387019230769231 0.171875 0.11899038461538461
0 0.4266826923076923 0.7668269230769231 0.09495192307692307 0.17548076923076922
2 0.7103365384615384 0.5336538461538461 0.1875 0.15144230769230768
2 0.38461538461538464 0.5901442307692307 0.1814903846153846 0.19471153846153846
2 0.13701923076923078 0.47836538461538464 0.20673076923076922 0.18028846153846154
12 0.20072115384615385 0.625 0.15745192307692307 0.09735576923076923
6 0.27283653846153844 0.8185096153846154 0.39783653846153844 0.3317307692307692
9 0.49158653846153844 0.6213942307692307 0.15625 0.18990384615384615
13 0.609375 0.7560096153846154 0.30528846153846156 0.36538461538461536
13 0.7992788461538461 0.7259615384615384 0.32211538461538464 0.2620192307692308