12 0.828125 0.32572115384615385 0.18509615384615385 0.30288461538461536
12 0.7872596153846154 0.6694711538461539 0.1201923076923077 0.3173076923076923
12 0.8954326923076923 0.6298076923076923 0.16947115384615385 0.3269230769230769
16 0.7908653846153846 0.8569711538461539 0.11177884615384616 0.12139423076923077
14 0.6802884615384616 0.7295673076923077 0.14423076923076922 0.234375
14 0.6430288461538461 0.8028846153846154 0.14423076923076922 0.23076923076923078
5 0.3425480769230769 0.734375 0.4411057692307692 0.30528846153846156
10 0.6382211538461539 0.5444711538461539 0.13341346153846154 0.1935096153846154
10 0.5360576923076923 0.47836538461538464 0.14302884615384615 0.1971153846153846
10 0.3894230769230769 0.5204326923076923 0.17668269230769232 0.18629807692307693
10 0.8076923076923077 0.46875 0.2608173076923077 0.24759615384615385
10 0.65625 0.2920673076923077 0.23798076923076922 0.3088942307692308
10 0.4519230769230769 0.3317307692307692 0.2247596153846154 0.25