10 0.6526442307692307 0.22355769230769232 0.30528846153846156 0.2668269230769231
10 0.46153846153846156 0.3737980769230769 0.2403846153846154 0.2692307692307692
9 0.7163461538461539 0.47836538461538464 0.40625 0.34134615384615385
9 0.2247596153846154 0.59375 0.39903846153846156 0.32211538461538464
10 0.14302884615384615 0.30649038461538464 0.23317307692307693 0.2692307692307692
10 0.2692307692307692 0.2668269230769231 0.22355769230769232 0.21634615384615385
10 0.5024038461538461 0.625 0.20432692307692307 0.20192307692307693
10 0.37740384615384615 0.7608173076923077 0.20432692307692307 0.20072115384615385
9 0.16105769230769232 0.78125 0.1971153846153846 0.18028846153846154
9 0.203125 0.8810096153846154 0.18028846153846154 0.15504807692307693
9 0.34615384615384615 0.9038461538461539 0.14903846153846154 0.17427884615384615
4 0.6826923076923077 0.671875 0.2439903846153846 0.18389423076923078
10 0.5432692307692307 0.8221153846153846 0.1935096153846154 0.23076923076923078
4 0.71875 0.8605769230769231 0.17668269230769232 0.24278846153846154
10 0.8810096153846154 0.8617788461538461 0.22115384615384615 0.24278846153846154