6 0.32572115384615385 0.3016826923076923 0.23798076923076922 0.3137019230769231
0 0.20072115384615385 0.40384615384615385 0.1045673076923077 0.16466346153846154
14 0.5204326923076923 0.4182692307692308 0.23317307692307693 0.21153846153846154
12 0.65625 0.3293269230769231 0.15625 0.32572115384615385
14 0.6598557692307693 0.5685096153846154 0.21394230769230768 0.171875
11 0.1201923076923077 0.5709134615384616 0.13581730769230768 0.16346153846153846
11 0.21875 0.6177884615384616 0.11298076923076923 0.15745192307692307
11 0.16706730769230768 0.7920673076923077 0.13221153846153846 0.1658653846153846
6 0.39663461538461536 0.6394230769230769 0.19110576923076922 0.30528846153846156
0 0.5204326923076923 0.6730769230769231 0.0985576923076923 0.17548076923076922
12 0.7632211538461539 0.6778846153846154 0.3016826923076923 0.20793269230769232
14 0.4543269230769231 0.8701923076923077 0.22355769230769232 0.17668269230769232
0 0.6790865384615384 0.8810096153846154 0.109375 0.1814903846153846