4 0.3173076923076923 0.38341346153846156 0.14903846153846154 0.22716346153846154
4 0.4375 0.32211538461538464 0.12860576923076922 0.21634615384615385
4 0.5588942307692307 0.2620192307692308 0.13581730769230768 0.22235576923076922
9 0.40865384615384615 0.546875 0.140625 0.21995192307692307
9 0.5144230769230769 0.5108173076923077 0.140625 0.21995192307692307
1 0.6081730769230769 0.4699519230769231 0.09975961538461539 0.12740384615384615
1 0.6875 0.4735576923076923 0.10336538461538461 0.1310096153846154
1 0.7692307692307693 0.4567307692307692 0.0985576923076923 0.12860576923076922
1 0.5480769230769231 0.6141826923076923 0.0985576923076923 0.14543269230769232
1 0.5853365384615384 0.6286057692307693 0.1045673076923077 0.13942307692307693
16 0.78125 0.6189903846153846 0.2776442307692308 0.22716346153846154
14 0.3858173076923077 0.7512019230769231 0.140625 0.19230769230769232
14 0.49038461538461536 0.7740384615384616 0.13822115384615385 0.1814903846153846
14 0.5997596153846154 0.7596153846153846 0.1875 0.22956730769230768