16 0.1935096153846154 0.3713942307692308 0.20192307692307693 0.21875
10 0.3485576923076923 0.22716346153846154 0.23317307692307693 0.24879807692307693
12 0.4855769230769231 0.26322115384615385 0.27163461538461536 0.24879807692307693
9 0.6838942307692307 0.27524038461538464 0.09735576923076923 0.20673076923076922
8 0.8028846153846154 0.2860576923076923 0.11057692307692307 0.11298076923076923
2 0.37740384615384615 0.44711538461538464 0.11298076923076923 0.11778846153846154
16 0.5300480769230769 0.3737980769230769 0.22956730769230768 0.21995192307692307
0 0.35096153846153844 0.5348557692307693 0.24278846153846154 0.23197115384615385
0 0.5576923076923077 0.5012019230769231 0.23197115384615385 0.22596153846153846
7 0.7632211538461539 0.4266826923076923 0.14543269230769232 0.16826923076923078
7 0.6478365384615384 0.5540865384615384 0.10096153846153846 0.1658653846153846
0 0.5324519230769231 0.6598557692307693 0.12620192307692307 0.171875
0 0.6658653846153846 0.6935096153846154 0.15264423076923078 0.15865384615384615
16 0.8317307692307693 0.6875 0.22235576923076922 0.23677884615384615
9 0.7764423076923077 0.5504807692307693 0.18870192307692307 0.20552884615384615
7 0.27283653846153844 0.6009615384615384 0.15985576923076922 0.14302884615384615
0 0.37740384615384615 0.6983173076923077 0.08774038461538461 0.1658653846153846
8 0.4639423076923077 0.7475961538461539 0.10216346153846154 0.1201923076923077