11 0.1310096153846154 0.04807692307692308 0.15745192307692307 0.09375
11 0.109375 0.171875 0.15745192307692307 0.16947115384615385
0 0.18990384615384615 0.5444711538461539 0.10216346153846154 0.3641826923076923
0 0.09134615384615384 0.6021634615384616 0.11177884615384616 0.36177884615384615
5 0.4266826923076923 0.25721153846153844 0.3112980769230769 0.2668269230769231
14 0.6971153846153846 0.21754807692307693 0.24879807692307693 0.203125
6 0.3545673076923077 0.5060096153846154 0.24519230769230768 0.3233173076923077
2 0.4182692307692308 0.71875 0.16346153846153846 0.14783653846153846
0 0.5108173076923077 0.48677884615384615 0.1658653846153846 0.3473557692307692
12 0.5949519230769231 0.42788461538461536 0.10576923076923077 0.17908653846153846
2 0.6610576923076923 0.4699519230769231 0.11658653846153846 0.16346153846153846
7 0.7427884615384616 0.5204326923076923 0.12139423076923077 0.16826923076923078
7 0.8209134615384616 0.5564903846153846 0.12620192307692307 0.17548076923076922
7 0.6033653846153846 0.5697115384615384 0.16346153846153846 0.12980769230769232
12 0.8737980769230769 0.6382211538461539 0.16346153846153846 0.15504807692307693
11 0.9338942307692307 0.7379807692307693 0.12740384615384615 0.1658653846153846
6 0.6802884615384616 0.7463942307692307 0.33774038461538464 0.3016826923076923