6 0.28846153846153844 0.4387019230769231 0.29086538461538464 0.29447115384615385
6 0.4230769230769231 0.3401442307692308 0.25600961538461536 0.32572115384615385
6 0.5673076923076923 0.3641826923076923 0.25 0.3088942307692308
16 0.78125 0.25 0.15264423076923078 0.22716346153846154
16 0.7992788461538461 0.43149038461538464 0.2439903846153846 0.1502403846153846
9 0.8173076923076923 0.5769230769230769 0.15625 0.15625
5 0.6262019230769231 0.5612980769230769 0.23557692307692307 0.30649038461538464
5 0.44711538461538464 0.6201923076923077 0.2848557692307692 0.2860576923076923
10 0.22716346153846154 0.6274038461538461 0.25841346153846156 0.22596153846153846
1 0.29927884615384615 0.7860576923076923 0.19230769230769232 0.12620192307692307
1 0.42788461538461536 0.7572115384615384 0.23677884615384615 0.15745192307692307
14 0.4639423076923077 0.8918269230769231 0.23677884615384615 0.18028846153846154
16 0.6514423076923077 0.7836538461538461 0.27283653846153844 0.23317307692307693