7 0.25721153846153844 0.3701923076923077 0.12620192307692307 0.32211538461538464
7 0.34975961538461536 0.328125 0.09254807692307693 0.32091346153846156
7 0.43028846153846156 0.24519230769230768 0.08173076923076923 0.32572115384615385
4 0.5084134615384616 0.19591346153846154 0.09254807692307693 0.18870192307692307
7 0.6201923076923077 0.3137019230769231 0.15384615384615385 0.3125
16 0.7139423076923077 0.2283653846153846 0.08413461538461539 0.10697115384615384
16 0.8064903846153846 0.18028846153846154 0.10096153846153846 0.11538461538461539
12 0.7680288461538461 0.36538461538461536 0.125 0.30408653846153844
12 0.8401442307692307 0.5721153846153846 0.09615384615384616 0.30528846153846156
1 0.5745192307692307 0.36538461538461536 0.08173076923076923 0.125
1 0.49278846153846156 0.41466346153846156 0.12259615384615384 0.09254807692307693
1 0.5685096153846154 0.5144230769230769 0.06009615384615385 0.125
1 0.6418269230769231 0.5733173076923077 0.125 0.18509615384615385
16 0.7283653846153846 0.6550480769230769 0.0889423076923077 0.10817307692307693
3 0.21394230769230768 0.7079326923076923 0.1045673076923077 0.18629807692307693
3 0.30528846153846156 0.6610576923076923 0.12860576923076922 0.1935096153846154
7 0.38461538461538464 0.6598557692307693 0.15384615384615385 0.3173076923076923
7 0.4831730769230769 0.6586538461538461 0.16105769230769232 0.3161057692307692
1 0.6081730769230769 0.7487980769230769 0.1658653846153846 0.21875