13 0.78125 0.6081730769230769 0.3485576923076923 0.3317307692307692
13 0.8413461538461539 0.3161057692307692 0.2704326923076923 0.3112980769230769
13 0.6153846153846154 0.2776442307692308 0.2956730769230769 0.34975961538461536
7 0.6478365384615384 0.53125 0.21514423076923078 0.21394230769230768
2 0.5336538461538461 0.4338942307692308 0.11177884615384616 0.15504807692307693
2 0.4074519230769231 0.421875 0.15144230769230768 0.15264423076923078
2 0.5252403846153846 0.6358173076923077 0.125 0.16947115384615385
2 0.3701923076923077 0.6646634615384616 0.16466346153846154 0.14182692307692307
2 0.38100961538461536 0.5276442307692307 0.15745192307692307 0.14543269230769232
4 0.40865384615384615 0.28725961538461536 0.22596153846153846 0.13221153846153846
4 0.20072115384615385 0.36177884615384615 0.22596153846153846 0.24519230769230768
3 0.640625 0.7680288461538461 0.14302884615384615 0.18629807692307693
3 0.5360576923076923 0.7944711538461539 0.19951923076923078 0.13341346153846154
3 0.43149038461538464 0.8341346153846154 0.17908653846153846 0.1622596153846154