5 0.3786057692307692 0.25 0.4567307692307692 0.47475961538461536
5 0.7355769230769231 0.22355769230769232 0.42788461538461536 0.4266826923076923
7 0.6646634615384616 0.4375 0.3473557692307692 0.10697115384615384
14 0.37259615384615385 0.484375 0.21634615384615385 0.18629807692307693
6 0.13822115384615385 0.6466346153846154 0.23798076923076922 0.30408653846153844
14 0.34615384615384615 0.625 0.09014423076923077 0.24759615384615385
14 0.4074519230769231 0.7175480769230769 0.0829326923076923 0.24759615384615385
7 0.6370192307692307 0.5252403846153846 0.33774038461538464 0.11899038461538461
11 0.4891826923076923 0.6358173076923077 0.1141826923076923 0.14302884615384615
14 0.6514423076923077 0.6141826923076923 0.24278846153846154 0.0829326923076923
14 0.6298076923076923 0.671875 0.23918269230769232 0.08413461538461539
11 0.5576923076923077 0.765625 0.11177884615384616 0.14182692307692307
11 0.6634615384615384 0.7295673076923077 0.13701923076923078 0.0985576923076923
6 0.8209134615384616 0.7848557692307693 0.23677884615384615 0.2932692307692308