16 0.21995192307692307 0.36658653846153844 0.265625 0.19831730769230768
11 0.10216346153846154 0.5757211538461539 0.06971153846153846 0.12620192307692307
2 0.1622596153846154 0.5961538461538461 0.08173076923076923 0.20192307692307693
0 0.24278846153846154 0.5504807692307693 0.10697115384615384 0.23677884615384615
0 0.33533653846153844 0.5192307692307693 0.10817307692307693 0.23557692307692307
7 0.4170673076923077 0.5925480769230769 0.1045673076923077 0.3317307692307692
0 0.5 0.5612980769230769 0.109375 0.23677884615384615
11 0.578125 0.5456730769230769 0.07932692307692307 0.12620192307692307
15 0.07091346153846154 0.6502403846153846 0.11298076923076923 0.046875
15 0.17908653846153846 0.7355769230769231 0.10336538461538461 0.09735576923076923
15 0.1658653846153846 0.7728365384615384 0.10096153846153846 0.11538461538461539
11 0.30408653846153844 0.6754807692307693 0.12860576923076922 0.08173076923076923
14 0.36658653846153844 0.7920673076923077 0.21153846153846154 0.17908653846153846
11 0.5024038461538461 0.7427884615384616 0.0733173076923077 0.12620192307692307
16 0.7728365384615384 0.25721153846153844 0.2439903846153846 0.24278846153846154
14 0.6322115384615384 0.3894230769230769 0.22716346153846154 0.19230769230769232
14 0.6983173076923077 0.5949519230769231 0.23076923076923078 0.1971153846153846
16 0.6923076923076923 0.7800480769230769 0.25600961538461536 0.24639423076923078