13 0.6262019230769231 0.29086538461538464 0.33533653846153844 0.24759615384615385
13 0.32091346153846156 0.43509615384615385 0.296875 0.27524038461538464
11 0.5516826923076923 0.4735576923076923 0.15985576923076922 0.12620192307692307
11 0.7103365384615384 0.4567307692307692 0.1622596153846154 0.14302884615384615
3 0.5096153846153846 0.5540865384615384 0.18870192307692307 0.10697115384615384
3 0.4483173076923077 0.609375 0.1814903846153846 0.13341346153846154
3 0.6129807692307693 0.6021634615384616 0.15504807692307693 0.13822115384615385
11 0.7211538461538461 0.5360576923076923 0.18629807692307693 0.13581730769230768
9 0.25240384615384615 0.6502403846153846 0.18269230769230768 0.1778846153846154
16 0.43509615384615385 0.7307692307692307 0.3016826923076923 0.2608173076923077
6 0.7295673076923077 0.6935096153846154 0.3641826923076923 0.328125