16 0.49278846153846156 0.25961538461538464 0.27163461538461536 0.23677884615384615
16 0.28725961538461536 0.3762019230769231 0.2536057692307692 0.2668269230769231
6 0.23677884615384615 0.5973557692307693 0.3329326923076923 0.3293269230769231
6 0.38221153846153844 0.7560096153846154 0.3293269230769231 0.2403846153846154
7 0.609375 0.7740384615384616 0.171875 0.13221153846153846
14 0.7560096153846154 0.6634615384615384 0.1658653846153846 0.19110576923076922
7 0.4206730769230769 0.5576923076923077 0.18990384615384615 0.296875
7 0.5108173076923077 0.5480769230769231 0.19230769230769232 0.3016826923076923
7 0.5949519230769231 0.5180288461538461 0.20432692307692307 0.31971153846153844
7 0.6598557692307693 0.4411057692307692 0.20192307692307693 0.3173076923076923
9 0.7067307692307693 0.35096153846153844 0.16466346153846154 0.22716346153846154
9 0.8413461538461539 0.47475961538461536 0.23076923076923078 0.18389423076923078