13 0.7487980769230769 0.28125 0.25600961538461536 0.3125
13 0.5865384615384616 0.33533653846153844 0.27884615384615385 0.3449519230769231
13 0.3894230769230769 0.39302884615384615 0.2776442307692308 0.33533653846153844
16 0.25240384615384615 0.5180288461538461 0.2644230769230769 0.3088942307692308
4 0.4807692307692308 0.5733173076923077 0.23197115384615385 0.16947115384615385
4 0.5324519230769231 0.6875 0.234375 0.18629807692307693
4 0.5769230769230769 0.8076923076923077 0.23197115384615385 0.17067307692307693
15 0.6766826923076923 0.7079326923076923 0.10576923076923077 0.16826923076923078
1 0.7728365384615384 0.7644230769230769 0.125 0.14423076923076922
1 0.6862980769230769 0.5817307692307693 0.21875 0.22235576923076922
1 0.8569711538461539 0.7319711538461539 0.13221153846153846 0.14783653846153846
1 0.8701923076923077 0.625 0.1466346153846154 0.13581730769230768
3 0.7548076923076923 0.5180288461538461 0.1875 0.14783653846153846
3 0.8329326923076923 0.4891826923076923 0.19951923076923078 0.1310096153846154
9 0.37740384615384615 0.7259615384615384 0.16466346153846154 0.22355769230769232
9 0.2980769230769231 0.7740384615384616 0.171875 0.234375