14 0.35697115384615385 0.18870192307692307 0.10336538461538461 0.24278846153846154
14 0.43028846153846156 0.4951923076923077 0.06850961538461539 0.22956730769230768
14 0.49278846153846156 0.5300480769230769 0.0733173076923077 0.22115384615384615
15 0.4543269230769231 0.19471153846153846 0.10576923076923077 0.16466346153846154
15 0.38461538461538464 0.43990384615384615 0.040865384615384616 0.16706730769230768
15 0.5889423076923077 0.5228365384615384 0.10697115384615384 0.16466346153846154
16 0.5264423076923077 0.6706730769230769 0.10817307692307693 0.12379807692307693
16 0.6274038461538461 0.38461538461538464 0.12620192307692307 0.10817307692307693
16 0.6466346153846154 0.47716346153846156 0.1141826923076923 0.11177884615384616
1 0.6935096153846154 0.5901442307692307 0.17548076923076922 0.22716346153846154
5 0.5420673076923077 0.28846153846153844 0.2956730769230769 0.2644230769230769
5 0.23557692307692307 0.4855769230769231 0.3088942307692308 0.30288461538461536
5 0.3088942307692308 0.6394230769230769 0.23798076923076922 0.2932692307692308