15 0.8221153846153846 0.8401442307692307 0.1658653846153846 0.14543269230769232
14 0.6334134615384616 0.8557692307692307 0.17908653846153846 0.125
6 0.8329326923076923 0.5120192307692307 0.2091346153846154 0.27524038461538464
7 0.6502403846153846 0.5204326923076923 0.2283653846153846 0.16706730769230768
7 0.59375 0.7223557692307693 0.24158653846153846 0.13581730769230768
6 0.5324519230769231 0.23317307692307693 0.2692307692307692 0.3137019230769231
4 0.32211538461538464 0.890625 0.22956730769230768 0.18389423076923078
6 0.38100961538461536 0.6514423076923077 0.21875 0.2800480769230769
4 0.3293269230769231 0.46875 0.23798076923076922 0.18389423076923078
14 0.16105769230769232 0.7079326923076923 0.1201923076923077 0.17307692307692307
4 0.09735576923076923 0.5360576923076923 0.17548076923076922 0.2283653846153846
13 0.2403846153846154 0.29086538461538464 0.3088942307692308 0.25841346153846156