7 0.75 0.42908653846153844 0.14543269230769232 0.3245192307692308
7 0.32091346153846156 0.546875 0.10216346153846154 0.328125
4 0.46634615384615385 0.7427884615384616 0.23918269230769232 0.1875
4 0.7439903846153846 0.7307692307692307 0.1875 0.2439903846153846
8 0.6189903846153846 0.6466346153846154 0.12139423076923077 0.08653846153846154
8 0.45552884615384615 0.6538461538461539 0.11177884615384616 0.07572115384615384
2 0.625 0.7427884615384616 0.10817307692307693 0.13942307692307693
2 0.5757211538461539 0.5444711538461539 0.09615384615384616 0.12740384615384615
11 0.484375 0.5180288461538461 0.11057692307692307 0.15264423076923078
11 0.6514423076923077 0.5348557692307693 0.1201923076923077 0.15745192307692307
1 0.7127403846153846 0.5348557692307693 0.06610576923076923 0.14543269230769232
1 0.6298076923076923 0.3918269230769231 0.09134615384615384 0.13942307692307693
1 0.5865384615384616 0.40024038461538464 0.09014423076923077 0.14302884615384615
1 0.5240384615384616 0.42788461538461536 0.1310096153846154 0.12139423076923077
1 0.5144230769230769 0.6033653846153846 0.14182692307692307 0.04567307692307692