13 0.34375 0.26322115384615385 0.33533653846153844 0.2620192307692308
13 0.5360576923076923 0.23798076923076922 0.2776442307692308 0.35697115384615385
13 0.7319711538461539 0.18870192307692307 0.28846153846153844 0.3088942307692308
13 0.8389423076923077 0.32572115384615385 0.3016826923076923 0.32091346153846156
5 0.36177884615384615 0.5048076923076923 0.42788461538461536 0.2800480769230769
5 0.2620192307692308 0.5925480769230769 0.44591346153846156 0.375
6 0.7007211538461539 0.47716346153846156 0.36658653846153844 0.2548076923076923
6 0.6394230769230769 0.6899038461538461 0.22235576923076922 0.2283653846153846
13 0.8365384615384616 0.6466346153846154 0.2956730769230769 0.25240384615384615
1 0.3557692307692308 0.7331730769230769 0.18389423076923078 0.15264423076923078
14 0.3233173076923077 0.8149038461538461 0.22596153846153846 0.1875
4 0.49278846153846156 0.7379807692307693 0.18509615384615385 0.24879807692307693
1 0.8341346153846154 0.8149038461538461 0.23677884615384615 0.18028846153846154
8 0.5865384615384616 0.8497596153846154 0.12620192307692307 0.08533653846153846
8 0.7007211538461539 0.8581730769230769 0.13341346153846154 0.10697115384615384
12 0.5456730769230769 0.9122596153846154 0.19831730769230768 0.07932692307692307
6 0.6526442307692307 0.6778846153846154 0.23798076923076922 0.2608173076923077