15 0.12620192307692307 0.24278846153846154 0.23557692307692307 0.3329326923076923
15 0.35096153846153844 0.23317307692307693 0.16826923076923078 0.375
15 0.14783653846153846 0.5576923076923077 0.171875 0.3557692307692308
14 0.22716346153846154 0.8040865384615384 0.23557692307692307 0.20192307692307693
14 0.5132211538461539 0.8401442307692307 0.23677884615384615 0.203125
6 0.35216346153846156 0.5721153846153846 0.19110576923076922 0.27524038461538464
4 0.5072115384615384 0.4026442307692308 0.14903846153846154 0.15144230769230768
4 0.7908653846153846 0.41586538461538464 0.15384615384615385 0.14783653846153846
7 0.6538461538461539 0.4987980769230769 0.12740384615384615 0.1935096153846154
7 0.5492788461538461 0.5324519230769231 0.10096153846153846 0.18389423076923078
2 0.6237980769230769 0.6286057692307693 0.19951923076923078 0.10697115384615384
0 0.47475961538461536 0.6069711538461539 0.11298076923076923 0.23918269230769232
2 0.6899038461538461 0.6850961538461539 0.19831730769230768 0.07932692307692307
7 0.6382211538461539 0.7463942307692307 0.18389423076923078 0.10216346153846154
9 0.7848557692307693 0.7716346153846154 0.12379807692307693 0.13341346153846154
14 0.7584134615384616 0.8870192307692307 0.22956730769230768 0.19471153846153846