16 0.15985576923076922 0.3016826923076923 0.23076923076923078 0.24759615384615385
16 0.29447115384615385 0.14543269230769232 0.2403846153846154 0.21995192307692307
4 0.7788461538461539 0.19831730769230768 0.18028846153846154 0.1935096153846154
0 0.7043269230769231 0.29086538461538464 0.16947115384615385 0.16346153846153846
5 0.46274038461538464 0.3798076923076923 0.4579326923076923 0.515625
0 0.6899038461538461 0.42788461538461536 0.14423076923076922 0.16826923076923078
0 0.8016826923076923 0.4411057692307692 0.14182692307692307 0.17427884615384615
2 0.33052884615384615 0.5540865384615384 0.16947115384615385 0.1814903846153846
0 0.21634615384615385 0.5444711538461539 0.13221153846153846 0.17067307692307693
4 0.140625 0.6382211538461539 0.18509615384615385 0.24158653846153846
0 0.2764423076923077 0.7271634615384616 0.09495192307692307 0.17427884615384615
0 0.5661057692307693 0.640625 0.16947115384615385 0.10817307692307693
15 0.6862980769230769 0.5625 0.14903846153846154 0.125
2 0.7860576923076923 0.6286057692307693 0.19110576923076922 0.15865384615384615
16 0.4423076923076923 0.7367788461538461 0.22716346153846154 0.19591346153846154
15 0.6875 0.7716346153846154 0.16346153846153846 0.09495192307692307
3 0.8233173076923077 0.7752403846153846 0.171875 0.10576923076923077