9 0.8605769230769231 0.6021634615384616 0.13221153846153846 0.18990384615384615
0 0.7439903846153846 0.6778846153846154 0.11778846153846154 0.24519230769230768
0 0.6141826923076923 0.8016826923076923 0.15625 0.23076923076923078
9 0.48197115384615385 0.8425480769230769 0.15264423076923078 0.19831730769230768
14 0.36658653846153844 0.7367788461538461 0.13341346153846154 0.19591346153846154
16 0.16466346153846154 0.8822115384615384 0.10336538461538461 0.08173076923076923
1 0.16826923076923078 0.7572115384615384 0.19230769230769232 0.14182692307692307
1 0.1875 0.6418269230769231 0.20673076923076922 0.14783653846153846
5 0.45552884615384615 0.5360576923076923 0.5264423076923077 0.46875
7 0.17307692307692307 0.43028846153846156 0.10216346153846154 0.3233173076923077
5 0.31971153846153844 0.2668269230769231 0.2860576923076923 0.45072115384615385
5 0.5685096153846154 0.28966346153846156 0.296875 0.4326923076923077
13 0.7644230769230769 0.3942307692307692 0.2800480769230769 0.3245192307692308
13 0.8028846153846154 0.16466346153846154 0.24759615384615385 0.26802884615384615