6 0.7199519230769231 0.4074519230769231 0.28725961538461536 0.33653846153846156
6 0.7956730769230769 0.71875 0.23918269230769232 0.3233173076923077
6 0.5420673076923077 0.7896634615384616 0.3329326923076923 0.30408653846153844
4 0.5721153846153846 0.6045673076923077 0.20072115384615385 0.1310096153846154
16 0.5661057692307693 0.4855769230769231 0.21995192307692307 0.20432692307692307
16 0.38461538461538464 0.4110576923076923 0.1658653846153846 0.19831730769230768
11 0.43028846153846156 0.5817307692307693 0.10697115384615384 0.15504807692307693
16 0.23317307692307693 0.27283653846153844 0.17307692307692307 0.21033653846153846
16 0.23918269230769232 0.4879807692307692 0.18269230769230768 0.2127403846153846
15 0.17908653846153846 0.6742788461538461 0.15384615384615385 0.171875
15 0.2980769230769231 0.8004807692307693 0.19230769230769232 0.1971153846153846