9 0.21153846153846154 0.4567307692307692 0.23076923076923078 0.37259615384615385
9 0.6370192307692307 0.6670673076923077 0.3389423076923077 0.21033653846153846
9 0.28365384615384615 0.7091346153846154 0.33413461538461536 0.18389423076923078
5 0.49038461538461536 0.29447115384615385 0.3016826923076923 0.36778846153846156
13 0.7319711538461539 0.3137019230769231 0.21394230769230768 0.34134615384615385
13 0.359375 0.4699519230769231 0.28125 0.18269230769230768
0 0.5913461538461539 0.53125 0.15745192307692307 0.08052884615384616
0 0.7391826923076923 0.5180288461538461 0.13822115384615385 0.11177884615384616
16 0.8786057692307693 0.42908653846153844 0.10697115384615384 0.12139423076923077
16 0.8786057692307693 0.5588942307692307 0.12379807692307693 0.11899038461538461
10 0.390625 0.6213942307692307 0.15985576923076922 0.13221153846153846
3 0.8822115384615384 0.6887019230769231 0.12379807692307693 0.17067307692307693
3 0.43509615384615385 0.8317307692307693 0.17668269230769232 0.07692307692307693
1 0.5865384615384616 0.8557692307692307 0.18389423076923078 0.05889423076923077
1 0.7259615384615384 0.8317307692307693 0.06009615384615385 0.13942307692307693
1 0.8449519230769231 0.8149038461538461 0.20432692307692307 0.0733173076923077
3 0.18389423076923078 0.828125 0.19230769230769232 0.10576923076923077