10 0.8112980769230769 0.4230769230769231 0.2692307692307692 0.3016826923076923
5 0.5300480769230769 0.3004807692307692 0.28725961538461536 0.21754807692307693
10 0.15625 0.2932692307692308 0.24879807692307693 0.20552884615384615
1 0.12620192307692307 0.49399038461538464 0.21514423076923078 0.22355769230769232
10 0.3137019230769231 0.5528846153846154 0.30288461538461536 0.28365384615384615
10 0.5072115384615384 0.5637019230769231 0.16826923076923078 0.2091346153846154
9 0.18028846153846154 0.7067307692307693 0.17067307692307693 0.19831730769230768
10 0.38822115384615385 0.8125 0.2956730769230769 0.29447115384615385
10 0.6045673076923077 0.8173076923076923 0.2920673076923077 0.2608173076923077
1 0.8413461538461539 0.8293269230769231 0.19471153846153846 0.2247596153846154
5 0.71875 0.6153846153846154 0.296875 0.24158653846153846