16 0.36899038461538464 0.36177884615384615 0.16346153846153846 0.2091346153846154
16 0.11538461538461539 0.46875 0.18629807692307693 0.22235576923076922
7 0.29086538461538464 0.4639423076923077 0.1466346153846154 0.2980769230769231
7 0.23557692307692307 0.5925480769230769 0.1141826923076923 0.30649038461538464
9 0.39783653846153844 0.5192307692307693 0.1346153846153846 0.13581730769230768
14 0.27283653846153844 0.7992788461538461 0.33774038461538464 0.20673076923076922
7 0.3629807692307692 0.6502403846153846 0.17067307692307693 0.14423076923076922
7 0.5048076923076923 0.578125 0.15625 0.14783653846153846
7 0.4338942307692308 0.7487980769230769 0.16706730769230768 0.12740384615384615
2 0.5576923076923077 0.6466346153846154 0.15625 0.15264423076923078
7 0.5841346153846154 0.7463942307692307 0.22956730769230768 0.28725961538461536
3 0.6225961538461539 0.8185096153846154 0.15625 0.18269230769230768