10 0.7896634615384616 0.14903846153846154 0.24278846153846154 0.24278846153846154
10 0.8257211538461539 0.5384615384615384 0.27524038461538464 0.20072115384615385
10 0.15264423076923078 0.8269230769230769 0.25 0.23918269230769232
4 0.5480769230769231 0.8040865384615384 0.17427884615384615 0.24158653846153846
5 0.3425480769230769 0.8209134615384616 0.5120192307692307 0.3449519230769231
5 0.7632211538461539 0.7692307692307693 0.4735576923076923 0.3894230769230769
2 0.8112980769230769 0.35697115384615385 0.13822115384615385 0.16346153846153846
2 0.1466346153846154 0.5228365384615384 0.1502403846153846 0.17427884615384615
2 0.28966346153846156 0.4963942307692308 0.16826923076923078 0.11177884615384616
2 0.28725961538461536 0.5961538461538461 0.1935096153846154 0.13221153846153846
15 0.1778846153846154 0.4495192307692308 0.078125 0.13701923076923078
15 0.43149038461538464 0.4579326923076923 0.15264423076923078 0.08653846153846154
1 0.43028846153846156 0.3425480769230769 0.2764423076923077 0.14543269230769232
1 0.5060096153846154 0.4675480769230769 0.2439903846153846 0.17908653846153846
1 0.5588942307692307 0.5336538461538461 0.2692307692307692 0.171875
5 0.6850961538461539 0.28125 0.21394230769230768 0.30288461538461536
13 0.5336538461538461 0.13701923076923078 0.20072115384615385 0.265625
5 0.3641826923076923 0.1814903846153846 0.23317307692307693 0.32211538461538464
5 0.17668269230769232 0.22115384615384615 0.23918269230769232 0.33533653846153844