13 0.3473557692307692 0.46634615384615385 0.24158653846153846 0.2980769230769231
1 0.5528846153846154 0.49278846153846156 0.22596153846153846 0.24519230769230768
1 0.5985576923076923 0.37259615384615385 0.18269230769230768 0.21033653846153846
1 0.7379807692307693 0.36538461538461536 0.1466346153846154 0.1814903846153846
1 0.8125 0.26322115384615385 0.21875 0.21033653846153846
12 0.8425480769230769 0.5649038461538461 0.1466346153846154 0.31490384615384615
14 0.7163461538461539 0.49278846153846156 0.23918269230769232 0.09735576923076923
14 0.7512019230769231 0.5649038461538461 0.23197115384615385 0.13942307692307693
12 0.6358173076923077 0.6598557692307693 0.30528846153846156 0.14182692307692307
12 0.6574519230769231 0.7584134615384616 0.12259615384615384 0.16947115384615385
1 0.7896634615384616 0.7788461538461539 0.13822115384615385 0.14182692307692307
12 0.9098557692307693 0.7259615384615384 0.12139423076923077 0.16826923076923078
12 0.4963942307692308 0.7367788461538461 0.2932692307692308 0.22235576923076922