15 0.6646634615384616 0.2620192307692308 0.33413461538461536 0.3605769230769231
15 0.6382211538461539 0.3545673076923077 0.33653846153846156 0.2536057692307692
16 0.2920673076923077 0.4254807692307692 0.171875 0.22235576923076922
16 0.44711538461538464 0.4735576923076923 0.17548076923076922 0.21514423076923078
16 0.28846153846153844 0.6237980769230769 0.16947115384615385 0.21033653846153846
16 0.6502403846153846 0.4855769230769231 0.125 0.10576923076923077
16 0.6033653846153846 0.5925480769230769 0.09375 0.1201923076923077
16 0.6983173076923077 0.6045673076923077 0.11899038461538461 0.08533653846153846
16 0.8004807692307693 0.6165865384615384 0.109375 0.08774038461538461
16 0.5444711538461539 0.6538461538461539 0.10216346153846154 0.11899038461538461
16 0.4495192307692308 0.6418269230769231 0.11658653846153846 0.09254807692307693
1 0.6514423076923077 0.7043269230769231 0.1201923076923077 0.140625
1 0.7704326923076923 0.7307692307692307 0.1502403846153846 0.11899038461538461
16 0.48197115384615385 0.7896634615384616 0.328125 0.265625