3 0.49158653846153844 0.2704326923076923 0.18389423076923078 0.16826923076923078
3 0.8233173076923077 0.625 0.09014423076923077 0.18269230769230768
4 0.7572115384615384 0.39663461538461536 0.24158653846153846 0.24158653846153846
4 0.5552884615384616 0.45072115384615385 0.24278846153846154 0.21754807692307693
1 0.7151442307692307 0.6165865384615384 0.11899038461538461 0.20552884615384615
11 0.24879807692307693 0.3605769230769231 0.11658653846153846 0.12620192307692307
11 0.3894230769230769 0.34975961538461536 0.10336538461538461 0.12860576923076922
11 0.38461538461538464 0.45552884615384615 0.12379807692307693 0.109375
8 0.23317307692307693 0.6081730769230769 0.10096153846153846 0.11899038461538461
8 0.3233173076923077 0.578125 0.08774038461538461 0.11899038461538461
7 0.5288461538461539 0.5769230769230769 0.16826923076923078 0.12259615384615384
0 0.4182692307692308 0.6754807692307693 0.14302884615384615 0.23557692307692307
3 0.2980769230769231 0.7199519230769231 0.18389423076923078 0.08653846153846154
3 0.5805288461538461 0.32572115384615385 0.17427884615384615 0.11899038461538461
0 0.6069711538461539 0.7127403846153846 0.12620192307692307 0.23918269230769232