6 0.7331730769230769 0.15865384615384615 0.3449519230769231 0.3161057692307692
1 0.6983173076923077 0.30288461538461536 0.21754807692307693 0.23197115384615385
13 0.4831730769230769 0.23677884615384615 0.2692307692307692 0.28966346153846156
13 0.3401442307692308 0.22235576923076922 0.24519230769230768 0.3125
13 0.21875 0.2548076923076923 0.2644230769230769 0.2932692307692308
6 0.8557692307692307 0.4026442307692308 0.28125 0.35216346153846156
6 0.6382211538461539 0.46033653846153844 0.2608173076923077 0.33052884615384615
5 0.37740384615384615 0.5612980769230769 0.34134615384615385 0.4182692307692308
13 0.17908653846153846 0.5348557692307693 0.27163461538461536 0.3004807692307692
5 0.5132211538461539 0.6911057692307693 0.3641826923076923 0.42908653846153844
4 0.6850961538461539 0.640625 0.21033653846153846 0.2608173076923077
13 0.8617788461538461 0.7055288461538461 0.2548076923076923 0.3137019230769231
12 0.6045673076923077 0.875 0.15144230769230768 0.14783653846153846
8 0.34134615384615385 0.7992788461538461 0.12259615384615384 0.09375
8 0.36899038461538464 0.8521634615384616 0.12620192307692307 0.09615384615384616
14 0.14182692307692307 0.84375 0.234375 0.18990384615384615
1 0.18870192307692307 0.7127403846153846 0.22235576923076922 0.15264423076923078