9 0.16105769230769232 0.21875 0.16826923076923078 0.15985576923076922
14 0.22235576923076922 0.28725961538461536 0.21875 0.20552884615384615
4 0.4423076923076923 0.23798076923076922 0.2548076923076923 0.2668269230769231
14 0.47716346153846156 0.3918269230769231 0.25240384615384615 0.12259615384615384
15 0.6442307692307693 0.29927884615384615 0.1875 0.20673076923076922
11 0.7512019230769231 0.2776442307692308 0.12740384615384615 0.17307692307692307
9 0.09975961538461539 0.5108173076923077 0.14903846153846154 0.14903846153846154
4 0.25841346153846156 0.5 0.22956730769230768 0.2644230769230769
8 0.5360576923076923 0.4519230769230769 0.10216346153846154 0.11899038461538461
11 0.4362980769230769 0.6105769230769231 0.1466346153846154 0.17067307692307693
11 0.5769230769230769 0.6358173076923077 0.18269230769230768 0.12980769230769232
13 0.7151442307692307 0.53125 0.33653846153846156 0.2980769230769231
13 0.2091346153846154 0.7992788461538461 0.31971153846153844 0.3293269230769231
14 0.29927884615384615 0.7259615384615384 0.18509615384615385 0.25600961538461536
2 0.3629807692307692 0.6742788461538461 0.15625 0.19230769230769232
15 0.5 0.7884615384615384 0.20432692307692307 0.1971153846153846
14 0.6923076923076923 0.796875 0.20552884615384615 0.17908653846153846