10 0.8485576923076923 0.5480769230769231 0.3016826923076923 0.3137019230769231
1 0.7211538461538461 0.3858173076923077 0.15264423076923078 0.203125
1 0.5985576923076923 0.3701923076923077 0.21394230769230768 0.22596153846153846
1 0.5997596153846154 0.5180288461538461 0.22716346153846154 0.17067307692307693
10 0.7584134615384616 0.7319711538461539 0.2704326923076923 0.25600961538461536
10 0.5492788461538461 0.7860576923076923 0.29927884615384615 0.3112980769230769
14 0.47115384615384615 0.5480769230769231 0.203125 0.1935096153846154
14 0.39663461538461536 0.5480769230769231 0.16826923076923078 0.2091346153846154
14 0.36538461538461536 0.6454326923076923 0.10576923076923077 0.23798076923076922
7 0.28725961538461536 0.5745192307692307 0.10096153846153846 0.18509615384615385
7 0.19951923076923078 0.6550480769230769 0.17427884615384615 0.1875
14 0.34134615384615385 0.7848557692307693 0.1814903846153846 0.21033653846153846
5 0.3076923076923077 0.3269230769230769 0.4338942307692308 0.35697115384615385