3 0.8173076923076923 0.7163461538461539 0.19471153846153846 0.16346153846153846
3 0.7271634615384616 0.8377403846153846 0.18990384615384615 0.1141826923076923
3 0.6778846153846154 0.7439903846153846 0.19951923076923078 0.16105769230769232
3 0.5973557692307693 0.7139423076923077 0.19591346153846154 0.12860576923076922
1 0.49399038461538464 0.8233173076923077 0.12980769230769232 0.1346153846153846
3 0.6201923076923077 0.6310096153846154 0.20673076923076922 0.06610576923076923
3 0.8245192307692307 0.6081730769230769 0.21153846153846154 0.08413461538461539
7 0.45913461538461536 0.6730769230769231 0.11899038461538461 0.17668269230769232
7 0.3425480769230769 0.703125 0.14783653846153846 0.1658653846153846
4 0.29927884615384615 0.8353365384615384 0.18389423076923078 0.15745192307692307
4 0.22235576923076922 0.6682692307692307 0.1875 0.203125
4 0.8569711538461539 0.4951923076923077 0.15264423076923078 0.171875
4 0.8004807692307693 0.28725961538461536 0.19110576923076922 0.22596153846153846
7 0.7007211538461539 0.359375 0.10576923076923077 0.3329326923076923
7 0.6165865384615384 0.38100961538461536 0.10096153846153846 0.3317307692307692
7 0.53125 0.4050480769230769 0.10096153846153846 0.33533653846153844
14 0.44350961538461536 0.3329326923076923 0.10216346153846154 0.35336538461538464
14 0.34615384615384615 0.3233173076923077 0.0889423076923077 0.3581730769230769
13 0.20072115384615385 0.36899038461538464 0.24879807692307693 0.28846153846153844