16 0.203125 0.5348557692307693 0.21875 0.25841346153846156
16 0.3269230769230769 0.39663461538461536 0.17427884615384615 0.24158653846153846
2 0.44591346153846156 0.4050480769230769 0.109375 0.15625
2 0.5300480769230769 0.37259615384615385 0.10697115384615384 0.15745192307692307
2 0.6117788461538461 0.34134615384615385 0.10576923076923077 0.15745192307692307
2 0.6850961538461539 0.4543269230769231 0.125 0.12860576923076922
14 0.29086538461538464 0.8485576923076923 0.17307692307692307 0.20432692307692307
14 0.32211538461538464 0.7247596153846154 0.16105769230769232 0.19591346153846154
7 0.43509615384615385 0.7079326923076923 0.16105769230769232 0.3137019230769231
7 0.5072115384615384 0.6370192307692307 0.15745192307692307 0.3137019230769231
7 0.5661057692307693 0.5949519230769231 0.15384615384615385 0.3076923076923077
16 0.7139423076923077 0.5384615384615384 0.12139423076923077 0.11658653846153846
4 0.8185096153846154 0.6358173076923077 0.2536057692307692 0.19951923076923078
4 0.703125 0.7295673076923077 0.24158653846153846 0.20673076923076922
3 0.6778846153846154 0.8305288461538461 0.21514423076923078 0.13942307692307693