13 0.8497596153846154 0.26322115384615385 0.2283653846153846 0.3293269230769231
13 0.6838942307692307 0.16706730769230768 0.22235576923076922 0.2860576923076923
13 0.5048076923076923 0.18389423076923078 0.2860576923076923 0.3004807692307692
13 0.359375 0.18629807692307693 0.21514423076923078 0.3016826923076923
13 0.20432692307692307 0.22115384615384615 0.21995192307692307 0.3161057692307692
13 0.7091346153846154 0.4387019230769231 0.3125 0.3269230769230769
1 0.8870192307692307 0.46274038461538464 0.0625 0.14783653846153846
8 0.890625 0.6286057692307693 0.057692307692307696 0.10817307692307693
7 0.8064903846153846 0.7403846153846154 0.12379807692307693 0.3317307692307692
7 0.7271634615384616 0.7211538461538461 0.12980769230769232 0.3269230769230769
7 0.44350961538461536 0.359375 0.3125 0.16105769230769232
5 0.21394230769230768 0.5096153846153846 0.3173076923076923 0.34375
5 0.23317307692307693 0.6442307692307693 0.38822115384615385 0.31971153846153844
5 0.22596153846153846 0.7896634615384616 0.3942307692307692 0.24519230769230768
6 0.5300480769230769 0.7367788461538461 0.3269230769230769 0.2668269230769231
4 0.5637019230769231 0.5348557692307693 0.2283653846153846 0.13581730769230768
4 0.39663461538461536 0.5649038461538461 0.15985576923076922 0.14783653846153846
7 0.4651442307692308 0.42908653846153844 0.29086538461538464 0.1814903846153846