3 0.5841346153846154 0.1466346153846154 0.17908653846153846 0.06610576923076923
3 0.5817307692307693 0.20432692307692307 0.1875 0.06009615384615385
3 0.23798076923076922 0.5456730769230769 0.16947115384615385 0.14903846153846154
3 0.7067307692307693 0.7716346153846154 0.1622596153846154 0.18028846153846154
4 0.33052884615384615 0.30408653846153844 0.12139423076923077 0.1346153846153846
16 0.8233173076923077 0.27524038461538464 0.1875 0.21875
16 0.5997596153846154 0.31850961538461536 0.19951923076923078 0.21995192307692307
1 0.4519230769230769 0.3016826923076923 0.15504807692307693 0.21394230769230768
1 0.5012019230769231 0.7692307692307693 0.22355769230769232 0.23798076923076922
13 0.4807692307692308 0.5144230769230769 0.25961538461538464 0.31490384615384615
12 0.78125 0.4254807692307692 0.30528846153846156 0.10697115384615384
2 0.38100961538461536 0.6177884615384616 0.09735576923076923 0.17307692307692307
6 0.7163461538461539 0.5865384615384616 0.3401442307692308 0.27163461538461536
16 0.1658653846153846 0.7415865384615384 0.11177884615384616 0.12259615384615384
6 0.36177884615384615 0.8233173076923077 0.32211538461538464 0.2283653846153846