1 0.578125 0.35697115384615385 0.11899038461538461 0.13581730769230768
1 0.5384615384615384 0.38822115384615385 0.13581730769230768 0.14423076923076922
1 0.5408653846153846 0.44711538461538464 0.12860576923076922 0.14783653846153846
12 0.6262019230769231 0.5 0.05889423076923077 0.18269230769230768
1 0.40865384615384615 0.46634615384615385 0.14903846153846154 0.21153846153846154
3 0.44471153846153844 0.609375 0.2091346153846154 0.12139423076923077
1 0.5252403846153846 0.5625 0.203125 0.22115384615384615
12 0.45072115384615385 0.6682692307692307 0.18269230769230768 0.1141826923076923
13 0.2776442307692308 0.421875 0.31009615384615385 0.359375
5 0.3713942307692308 0.24759615384615385 0.5745192307692307 0.4735576923076923
7 0.34134615384615385 0.6778846153846154 0.3425480769230769 0.2127403846153846
13 0.6911057692307693 0.2608173076923077 0.36899038461538464 0.3557692307692308
13 0.7944711538461539 0.46274038461538464 0.3485576923076923 0.28966346153846156
4 0.8425480769230769 0.5925480769230769 0.2668269230769231 0.12980769230769232
4 0.3401442307692308 0.8305288461538461 0.18389423076923078 0.21754807692307693
7 0.5805288461538461 0.7139423076923077 0.28725961538461536 0.3112980769230769
4 0.7524038461538461 0.7704326923076923 0.265625 0.2776442307692308