4 0.24158653846153846 0.3858173076923077 0.15745192307692307 0.27884615384615385
0 0.3245192307692308 0.43509615384615385 0.1346153846153846 0.23557692307692307
0 0.4206730769230769 0.4423076923076923 0.14423076923076922 0.23557692307692307
16 0.5060096153846154 0.30288461538461536 0.11658653846153846 0.11658653846153846
7 0.5144230769230769 0.43149038461538464 0.16706730769230768 0.2980769230769231
0 0.5564903846153846 0.5817307692307693 0.14182692307692307 0.234375
6 0.7067307692307693 0.5396634615384616 0.28966346153846156 0.38221153846153844
11 0.4519230769230769 0.6610576923076923 0.09735576923076923 0.19110576923076922
11 0.3762019230769231 0.6754807692307693 0.09014423076923077 0.18509615384615385
8 0.5997596153846154 0.71875 0.11298076923076923 0.09495192307692307
8 0.625 0.8028846153846154 0.11658653846153846 0.10576923076923077
8 0.4483173076923077 0.7908653846153846 0.1141826923076923 0.09615384615384616
7 0.7415865384615384 0.828125 0.16826923076923078 0.19230769230769232
7 0.25240384615384615 0.6838942307692307 0.1201923076923077 0.1971153846153846
7 0.12740384615384615 0.6983173076923077 0.13701923076923078 0.1935096153846154