5 0.2536057692307692 0.24278846153846154 0.5036057692307693 0.45913461538461536
5 0.6394230769230769 0.1971153846153846 0.44350961538461536 0.3425480769230769
14 0.28966346153846156 0.41466346153846156 0.2283653846153846 0.18990384615384615
1 0.37740384615384615 0.42788461538461536 0.14903846153846154 0.12980769230769232
1 0.4362980769230769 0.484375 0.14543269230769232 0.140625
16 0.25 0.5673076923076923 0.2512019230769231 0.18028846153846154
16 0.31009615384615385 0.7572115384615384 0.1814903846153846 0.24759615384615385
14 0.5985576923076923 0.42908653846153844 0.24879807692307693 0.08173076923076923
14 0.7536057692307693 0.47475961538461536 0.07692307692307693 0.24759615384615385
11 0.6057692307692307 0.49038461538461536 0.13341346153846154 0.0733173076923077
11 0.6971153846153846 0.5108173076923077 0.0733173076923077 0.13701923076923078
11 0.6057692307692307 0.5492788461538461 0.13221153846153846 0.08052884615384616
15 0.8052884615384616 0.5204326923076923 0.07091346153846154 0.1310096153846154
2 0.8557692307692307 0.5805288461538461 0.171875 0.19951923076923078
15 0.4807692307692308 0.5600961538461539 0.12620192307692307 0.09615384615384616
6 0.515625 0.7439903846153846 0.20072115384615385 0.31490384615384615
16 0.6742788461538461 0.6850961538461539 0.17067307692307693 0.2403846153846154
6 0.8197115384615384 0.8076923076923077 0.3137019230769231 0.27283653846153844