10 0.3245192307692308 0.41225961538461536 0.27524038461538464 0.2920673076923077
10 0.5204326923076923 0.24519230769230768 0.21153846153846154 0.23197115384615385
11 0.546875 0.3954326923076923 0.1814903846153846 0.10096153846153846
11 0.7079326923076923 0.3269230769230769 0.18389423076923078 0.1201923076923077
11 0.6310096153846154 0.7355769230769231 0.16947115384615385 0.16947115384615385
2 0.6923076923076923 0.40625 0.1141826923076923 0.09014423076923077
2 0.7740384615384616 0.4987980769230769 0.09254807692307693 0.10817307692307693
2 0.5913461538461539 0.6033653846153846 0.10697115384615384 0.109375
11 0.6610576923076923 0.5252403846153846 0.125 0.1622596153846154
11 0.4254807692307692 0.7752403846153846 0.10697115384615384 0.16346153846153846
11 0.3112980769230769 0.7379807692307693 0.13581730769230768 0.16706730769230768
3 0.7932692307692307 0.5913461538461539 0.13341346153846154 0.19471153846153846
14 0.7860576923076923 0.7151442307692307 0.18509615384615385 0.13701923076923078
14 0.6959134615384616 0.8209134615384616 0.19110576923076922 0.18389423076923078
2 0.5180288461538461 0.6790865384615384 0.16346153846153846 0.19471153846153846
2 0.39903846153846156 0.5841346153846154 0.15264423076923078 0.18269230769230768
7 0.5096153846153846 0.5060096153846154 0.14543269230769232 0.15625