3 0.8858173076923077 0.6442307692307693 0.06490384615384616 0.20552884615384615
3 0.8269230769230769 0.5288461538461539 0.055288461538461536 0.20673076923076922
3 0.18990384615384615 0.6610576923076923 0.08413461538461539 0.21875
16 0.6358173076923077 0.59375 0.25721153846153844 0.2668269230769231
7 0.7956730769230769 0.765625 0.12980769230769232 0.21033653846153846
7 0.5588942307692307 0.390625 0.12620192307692307 0.19591346153846154
7 0.5805288461538461 0.23677884615384615 0.171875 0.17427884615384615
13 0.7487980769230769 0.328125 0.25841346153846156 0.2932692307692308
13 0.203125 0.3137019230769231 0.27403846153846156 0.3076923076923077
13 0.3954326923076923 0.34975961538461536 0.2668269230769231 0.34615384615384615
8 0.9290865384615384 0.4110576923076923 0.09735576923076923 0.12139423076923077
14 0.23557692307692307 0.8173076923076923 0.18870192307692307 0.18990384615384615
14 0.18509615384615385 0.4735576923076923 0.2283653846153846 0.23557692307692307
7 0.5973557692307693 0.7199519230769231 0.3317307692307692 0.15745192307692307
8 0.4879807692307692 0.8689903846153846 0.1201923076923077 0.125
8 0.7439903846153846 0.5216346153846154 0.12139423076923077 0.12620192307692307
4 0.5372596153846154 0.6346153846153846 0.12980769230769232 0.13701923076923078
13 0.36177884615384615 0.6466346153846154 0.31850961538461536 0.3389423076923077