16 0.296875 0.28725961538461536 0.21514423076923078 0.25
3 0.4362980769230769 0.2860576923076923 0.12139423076923077 0.20673076923076922
1 0.5913461538461539 0.26322115384615385 0.0985576923076923 0.1346153846153846
15 0.5793269230769231 0.3076923076923077 0.0829326923076923 0.12620192307692307
12 0.5384615384615384 0.33413461538461536 0.11899038461538461 0.17067307692307693
15 0.5 0.3701923076923077 0.07692307692307693 0.12620192307692307
14 0.6310096153846154 0.5072115384615384 0.21514423076923078 0.17548076923076922
16 0.6862980769230769 0.3737980769230769 0.234375 0.265625
12 0.7776442307692307 0.47716346153846156 0.09975961538461539 0.16947115384615385
16 0.46153846153846156 0.49399038461538464 0.24759615384615385 0.22956730769230768
1 0.35697115384615385 0.5300480769230769 0.14423076923076922 0.08533653846153846
14 0.33533653846153844 0.6550480769230769 0.23557692307692307 0.18269230769230768
16 0.45072115384615385 0.7103365384615384 0.2512019230769231 0.22716346153846154
12 0.5997596153846154 0.6790865384615384 0.09975961538461539 0.17067307692307693
16 0.7091346153846154 0.7151442307692307 0.18629807692307693 0.25721153846153844