13 0.27163461538461536 0.1814903846153846 0.39903846153846156 0.3629807692307692
13 0.7620192307692307 0.5985576923076923 0.30528846153846156 0.3713942307692308
13 0.7487980769230769 0.8233173076923077 0.32572115384615385 0.3088942307692308
13 0.5432692307692307 0.6141826923076923 0.28725961538461536 0.31850961538461536
13 0.4170673076923077 0.5432692307692307 0.203125 0.30649038461538464
13 0.5168269230769231 0.23076923076923078 0.3137019230769231 0.33774038461538464
13 0.6682692307692307 0.328125 0.3076923076923077 0.32572115384615385
12 0.171875 0.6021634615384616 0.3245192307692308 0.09014423076923077
12 0.38221153846153844 0.8641826923076923 0.3233173076923077 0.09735576923076923
4 0.30408653846153844 0.7391826923076923 0.12620192307692307 0.14302884615384615
4 0.16706730769230768 0.7439903846153846 0.14783653846153846 0.16346153846153846