16 0.5913461538461539 0.25 0.23798076923076922 0.16346153846153846
16 0.6009615384615384 0.6237980769230769 0.19230769230769232 0.25841346153846156
4 0.34975961538461536 0.29927884615384615 0.25240384615384615 0.2283653846153846
4 0.5721153846153846 0.3798076923076923 0.23197115384615385 0.14543269230769232
4 0.48197115384615385 0.5649038461538461 0.17668269230769232 0.24759615384615385
2 0.1971153846153846 0.5 0.14423076923076922 0.18389423076923078
2 0.4567307692307692 0.7463942307692307 0.1935096153846154 0.17427884615384615
7 0.3016826923076923 0.5600961538461539 0.1346153846153846 0.33653846153846156
7 0.38822115384615385 0.5661057692307693 0.1346153846153846 0.3317307692307692
16 0.7379807692307693 0.6454326923076923 0.18990384615384615 0.2283653846153846
14 0.5901442307692307 0.8485576923076923 0.2247596153846154 0.18870192307692307
14 0.7692307692307693 0.890625 0.21033653846153846 0.15264423076923078