16 0.20072115384615385 0.11658653846153846 0.31009615384615385 0.17427884615384615
5 0.21514423076923078 0.40384615384615385 0.37740384615384615 0.4110576923076923
9 0.5540865384615384 0.18870192307692307 0.40625 0.30408653846153844
9 0.8076923076923077 0.2848557692307692 0.3293269230769231 0.41346153846153844
9 0.4543269230769231 0.5048076923076923 0.359375 0.38341346153846156
2 0.6923076923076923 0.4651442307692308 0.1658653846153846 0.15745192307692307
4 0.6382211538461539 0.22596153846153846 0.25841346153846156 0.24879807692307693
5 0.8245192307692307 0.7379807692307693 0.3485576923076923 0.4206730769230769
7 0.6466346153846154 0.6766826923076923 0.1141826923076923 0.3125
12 0.5661057692307693 0.6394230769230769 0.09134615384615384 0.2620192307692308
11 0.5012019230769231 0.6778846153846154 0.09735576923076923 0.1935096153846154
3 0.49158653846153844 0.8701923076923077 0.1935096153846154 0.10817307692307693
12 0.16947115384615385 0.9302884615384616 0.26802884615384615 0.10096153846153846
12 0.18509615384615385 0.8701923076923077 0.26802884615384615 0.10216346153846154
7 0.28725961538461536 0.7307692307692307 0.19471153846153846 0.10216346153846154
7 0.15985576923076922 0.7884615384615384 0.19591346153846154 0.11177884615384616
2 0.17307692307692307 0.6394230769230769 0.16346153846153846 0.15384615384615385