13 0.7584134615384616 0.6538461538461539 0.30528846153846156 0.33653846153846156
16 0.49158653846153844 0.7692307692307693 0.24278846153846154 0.21634615384615385
11 0.2668269230769231 0.6850961538461539 0.15745192307692307 0.15865384615384615
7 0.49278846153846156 0.6526442307692307 0.234375 0.13822115384615385
7 0.5372596153846154 0.5504807692307693 0.2439903846153846 0.09134615384615384
11 0.28846153846153844 0.5408653846153846 0.1622596153846154 0.1045673076923077
16 0.4423076923076923 0.43028846153846156 0.2283653846153846 0.15384615384615385
13 0.23557692307692307 0.3449519230769231 0.29927884615384615 0.3329326923076923
14 0.8028846153846154 0.4074519230769231 0.1346153846153846 0.23076923076923078
16 0.7067307692307693 0.3737980769230769 0.21754807692307693 0.25841346153846156
11 0.4230769230769231 0.2860576923076923 0.1502403846153846 0.16105769230769232
13 0.6237980769230769 0.19951923076923078 0.33533653846153844 0.3473557692307692