5 0.24519230769230768 0.2644230769230769 0.4519230769230769 0.43990384615384615
5 0.5204326923076923 0.3112980769230769 0.4182692307692308 0.32572115384615385
13 0.6935096153846154 0.23557692307692307 0.3125 0.38100961538461536
13 0.8485576923076923 0.36538461538461536 0.27403846153846156 0.328125
10 0.8052884615384616 0.5757211538461539 0.22956730769230768 0.28846153846153844
13 0.6201923076923077 0.5901442307692307 0.2692307692307692 0.3112980769230769
13 0.44471153846153844 0.5913461538461539 0.2247596153846154 0.28846153846153844
2 0.33533653846153844 0.6153846153846154 0.12139423076923077 0.16706730769230768
2 0.21394230769230768 0.5420673076923077 0.1346153846153846 0.16826923076923078
7 0.09254807692307693 0.5685096153846154 0.10216346153846154 0.33413461538461536
4 0.18870192307692307 0.7944711538461539 0.25841346153846156 0.2860576923076923
9 0.37259615384615385 0.8185096153846154 0.16346153846153846 0.20432692307692307
9 0.4951923076923077 0.8341346153846154 0.15745192307692307 0.21033653846153846
9 0.5913461538461539 0.8293269230769231 0.13341346153846154 0.21394230769230768
4 0.7067307692307693 0.8028846153846154 0.15264423076923078 0.17908653846153846
6 0.8557692307692307 0.8100961538461539 0.20673076923076922 0.2692307692307692