16 0.3112980769230769 0.4050480769230769 0.22355769230769232 0.2403846153846154
16 0.46033653846153844 0.33533653846153844 0.1778846153846154 0.2127403846153846
16 0.6298076923076923 0.31971153846153844 0.19471153846153846 0.23197115384615385
1 0.7728365384615384 0.3942307692307692 0.22596153846153846 0.1814903846153846
8 0.7463942307692307 0.4831730769230769 0.11658653846153846 0.09254807692307693
8 0.8149038461538461 0.47115384615384615 0.06129807692307692 0.08413461538461539
3 0.7824519230769231 0.5492788461538461 0.19230769230769232 0.10576923076923077
1 0.4795673076923077 0.5228365384615384 0.22355769230769232 0.14543269230769232
1 0.5588942307692307 0.5733173076923077 0.22716346153846154 0.20673076923076922
13 0.37259615384615385 0.6911057692307693 0.2848557692307692 0.3112980769230769
1 0.5396634615384616 0.7367788461538461 0.0625 0.1778846153846154
14 0.6213942307692307 0.7283653846153846 0.12259615384615384 0.18269230769230768
14 0.7175480769230769 0.6911057692307693 0.19230769230769232 0.18990384615384615
3 0.7800480769230769 0.8040865384615384 0.20673076923076922 0.1346153846153846