10 0.49038461538461536 0.3329326923076923 0.2764423076923077 0.2764423076923077
10 0.31490384615384615 0.4254807692307692 0.2800480769230769 0.20552884615384615
6 0.4206730769230769 0.546875 0.3173076923076923 0.26322115384615385
10 0.23557692307692307 0.6634615384615384 0.27524038461538464 0.25600961538461536
2 0.6334134615384616 0.4651442307692308 0.16466346153846154 0.14302884615384615
1 0.59375 0.6887019230769231 0.20432692307692307 0.22235576923076922
1 0.4795673076923077 0.7536057692307693 0.21514423076923078 0.21033653846153846
1 0.8473557692307693 0.5252403846153846 0.21875 0.2283653846153846
1 0.7235576923076923 0.5841346153846154 0.1310096153846154 0.09615384615384616
1 0.7199519230769231 0.6418269230769231 0.14543269230769232 0.1045673076923077
16 0.8185096153846154 0.7055288461538461 0.12740384615384615 0.12259615384615384
16 0.7247596153846154 0.7692307692307693 0.1141826923076923 0.13341346153846154