9 0.6670673076923077 0.8665865384615384 0.2283653846153846 0.1658653846153846
9 0.8653846153846154 0.6826923076923077 0.22596153846153846 0.18990384615384615
1 0.7439903846153846 0.7367788461538461 0.13822115384615385 0.11658653846153846
1 0.6911057692307693 0.6742788461538461 0.13822115384615385 0.12740384615384615
3 0.5564903846153846 0.7752403846153846 0.17908653846153846 0.16346153846153846
4 0.8846153846153846 0.46875 0.22596153846153846 0.24158653846153846
4 0.7223557692307693 0.4831730769230769 0.20673076923076922 0.2536057692307692
16 0.8569711538461539 0.22235576923076922 0.21875 0.23557692307692307
16 0.6983173076923077 0.24639423076923078 0.21875 0.23918269230769232
4 0.5697115384615384 0.49759615384615385 0.23557692307692307 0.2247596153846154
4 0.49038461538461536 0.6802884615384616 0.22956730769230768 0.23557692307692307
9 0.4338942307692308 0.5504807692307693 0.1622596153846154 0.15625
5 0.24278846153846154 0.7019230769230769 0.4362980769230769 0.4879807692307692
5 0.47115384615384615 0.24158653846153846 0.4026442307692308 0.46153846153846156
5 0.21754807692307693 0.36658653846153844 0.38822115384615385 0.3942307692307692