4 0.5673076923076923 0.1310096153846154 0.22596153846153846 0.15625
6 0.23677884615384615 0.16346153846153846 0.2764423076923077 0.20793269230769232
0 0.7007211538461539 0.4579326923076923 0.1201923076923077 0.3786057692307692
0 0.5588942307692307 0.4519230769230769 0.13942307692307693 0.3737980769230769
0 0.4483173076923077 0.4495192307692308 0.1622596153846154 0.3762019230769231
13 0.8377403846153846 0.43509615384615385 0.19471153846153846 0.2608173076923077
6 0.7920673076923077 0.7427884615384616 0.23197115384615385 0.3137019230769231
4 0.5612980769230769 0.7512019230769231 0.2403846153846154 0.2403846153846154
11 0.3737980769230769 0.7007211538461539 0.13581730769230768 0.07932692307692307
6 0.30528846153846156 0.8365384615384616 0.2860576923076923 0.2091346153846154
6 0.16105769230769232 0.6129807692307693 0.31490384615384615 0.24278846153846154
11 0.26322115384615385 0.47836538461538464 0.07692307692307693 0.13221153846153846
3 0.15264423076923078 0.3918269230769231 0.09615384615384616 0.17427884615384615
3 0.34134615384615385 0.3485576923076923 0.13341346153846154 0.18269230769230768