5 0.3798076923076923 0.23197115384615385 0.37259615384615385 0.40625
8 0.09975961538461539 0.33052884615384615 0.08533653846153846 0.11298076923076923
7 0.1875 0.578125 0.09735576923076923 0.34975961538461536
4 0.31850961538461536 0.46875 0.17307692307692307 0.1310096153846154
14 0.20192307692307693 0.8401442307692307 0.11658653846153846 0.17307692307692307
11 0.08173076923076923 0.8689903846153846 0.13341346153846154 0.09615384615384616
8 0.09615384615384616 0.5432692307692307 0.1201923076923077 0.11658653846153846
8 0.07932692307692307 0.7175480769230769 0.11658653846153846 0.09014423076923077
4 0.6730769230769231 0.4723557692307692 0.16826923076923078 0.12379807692307693
7 0.43509615384615385 0.6129807692307693 0.28846153846153844 0.22115384615384615
7 0.484375 0.8112980769230769 0.20072115384615385 0.3088942307692308
5 0.7644230769230769 0.2668269230769231 0.328125 0.36899038461538464
5 0.7572115384615384 0.7103365384615384 0.41225961538461536 0.4050480769230769