13 0.20192307692307693 0.4014423076923077 0.23677884615384615 0.2848557692307692
13 0.421875 0.2620192307692308 0.3329326923076923 0.3425480769230769
10 0.671875 0.23557692307692307 0.1935096153846154 0.19831730769230768
10 0.859375 0.24158653846153846 0.19951923076923078 0.20673076923076922
10 0.6875 0.42908653846153844 0.1971153846153846 0.19831730769230768
2 0.8858173076923077 0.4206730769230769 0.19591346153846154 0.15985576923076922
2 0.7680288461538461 0.5324519230769231 0.19471153846153846 0.15865384615384615
14 0.22355769230769232 0.6033653846153846 0.2548076923076923 0.15985576923076922
14 0.21634615384615385 0.7067307692307693 0.2620192307692308 0.22115384615384615
14 0.18990384615384615 0.8425480769230769 0.25600961538461536 0.17668269230769232
7 0.4495192307692308 0.4519230769230769 0.2848557692307692 0.23798076923076922
7 0.4699519230769231 0.5456730769230769 0.27163461538461536 0.22235576923076922
7 0.5216346153846154 0.6069711538461539 0.2860576923076923 0.21514423076923078
6 0.5228365384615384 0.7632211538461539 0.36177884615384615 0.34134615384615385
8 0.7319711538461539 0.6346153846153846 0.12980769230769232 0.07451923076923077
15 0.6694711538461539 0.8329326923076923 0.30288461538461536 0.33052884615384615
15 0.7932692307692307 0.7884615384615384 0.24759615384615385 0.30288461538461536