5 0.19110576923076922 0.2644230769230769 0.3737980769230769 0.4026442307692308
0 0.44711538461538464 0.34615384615384615 0.13942307692307693 0.18870192307692307
16 0.5649038461538461 0.21033653846153846 0.17548076923076922 0.24759615384615385
5 0.8016826923076923 0.34375 0.3786057692307692 0.39783653846153844
11 0.22115384615384615 0.49038461538461536 0.11538461538461539 0.13942307692307693
9 0.2776442307692308 0.5360576923076923 0.19951923076923078 0.22596153846153846
11 0.38341346153846156 0.5228365384615384 0.13221153846153846 0.13581730769230768
16 0.5336538461538461 0.5048076923076923 0.22355769230769232 0.171875
11 0.7391826923076923 0.5612980769230769 0.14182692307692307 0.09254807692307693
11 0.6802884615384616 0.6213942307692307 0.15384615384615385 0.1201923076923077
9 0.8401442307692307 0.6418269230769231 0.23798076923076922 0.1778846153846154
16 0.39903846153846156 0.640625 0.24759615384615385 0.17548076923076922
9 0.18389423076923078 0.7115384615384616 0.23317307692307693 0.23918269230769232
16 0.7956730769230769 0.8088942307692307 0.26802884615384615 0.23076923076923078
0 0.6021634615384616 0.8629807692307693 0.16706730769230768 0.18629807692307693