16 0.38461538461538464 0.20192307692307693 0.23197115384615385 0.21634615384615385
14 0.6045673076923077 0.2692307692307692 0.19110576923076922 0.19951923076923078
14 0.6778846153846154 0.40384615384615385 0.1875 0.18870192307692307
10 0.6995192307692307 0.14783653846153846 0.296875 0.27283653846153844
10 0.8269230769230769 0.31850961538461536 0.27884615384615385 0.27403846153846156
0 0.5408653846153846 0.3581730769230769 0.13822115384615385 0.16947115384615385
0 0.4519230769230769 0.3894230769230769 0.13581730769230768 0.17307692307692307
2 0.5961538461538461 0.49278846153846156 0.13701923076923078 0.16706730769230768
2 0.515625 0.5204326923076923 0.140625 0.16826923076923078
16 0.7572115384615384 0.5649038461538461 0.234375 0.22235576923076922
16 0.5673076923076923 0.6802884615384616 0.30288461538461536 0.24879807692307693
14 0.6586538461538461 0.7704326923076923 0.1971153846153846 0.16706730769230768
14 0.3641826923076923 0.8052884615384616 0.17668269230769232 0.12139423076923077
14 0.24158653846153846 0.7271634615384616 0.19110576923076922 0.20192307692307693
3 0.29927884615384615 0.6418269230769231 0.19831730769230768 0.19591346153846154
3 0.34615384615384615 0.5829326923076923 0.15384615384615385 0.171875
0 0.3918269230769231 0.45913461538461536 0.21514423076923078 0.3605769230769231
10 0.23918269230769232 0.41947115384615385 0.21514423076923078 0.23798076923076922