16 0.6634615384615384 0.24879807692307693 0.2091346153846154 0.21754807692307693
16 0.4987980769230769 0.24158653846153846 0.17067307692307693 0.21754807692307693
16 0.17427884615384615 0.375 0.20793269230769232 0.2247596153846154
11 0.6646634615384616 0.4050480769230769 0.15865384615384615 0.11899038461538461
11 0.53125 0.41947115384615385 0.125 0.16105769230769232
15 0.671875 0.5456730769230769 0.18870192307692307 0.1778846153846154
8 0.6141826923076923 0.6370192307692307 0.11658653846153846 0.0889423076923077
8 0.4879807692307692 0.6021634615384616 0.07572115384615384 0.11298076923076923
6 0.5180288461538461 0.7992788461538461 0.32091346153846156 0.23557692307692307
16 0.33774038461538464 0.3894230769230769 0.15745192307692307 0.23076923076923078
16 0.296875 0.5757211538461539 0.2439903846153846 0.15625