5 0.6021634615384616 0.25240384615384615 0.4723557692307692 0.36538461538461536
1 0.3329326923076923 0.30288461538461536 0.15504807692307693 0.2512019230769231
13 0.16466346153846154 0.2283653846153846 0.3269230769230769 0.4230769230769231
1 0.28846153846153844 0.375 0.22235576923076922 0.23918269230769232
16 0.09735576923076923 0.546875 0.16947115384615385 0.19591346153846154
2 0.20673076923076922 0.5685096153846154 0.10576923076923077 0.16105769230769232
2 0.2980769230769231 0.5240384615384616 0.09615384615384616 0.15384615384615385
2 0.3798076923076923 0.5360576923076923 0.09254807692307693 0.15264423076923078
10 0.5120192307692307 0.5012019230769231 0.19831730769230768 0.19951923076923078
10 0.703125 0.49038461538461536 0.19471153846153846 0.1971153846153846
13 0.8485576923076923 0.5 0.3016826923076923 0.3545673076923077
13 0.7439903846153846 0.7836538461538461 0.328125 0.25841346153846156
10 0.5012019230769231 0.7415865384615384 0.19230769230769232 0.20072115384615385
14 0.46153846153846156 0.8870192307692307 0.18509615384615385 0.12259615384615384
12 0.390625 0.6947115384615384 0.09615384615384616 0.17307692307692307
12 0.33052884615384615 0.6862980769230769 0.09134615384615384 0.17548076923076922
12 0.2704326923076923 0.671875 0.09375 0.16947115384615385
7 0.14903846153846154 0.6826923076923077 0.17548076923076922 0.09134615384615384
13 0.15865384615384615 0.8185096153846154 0.2980769230769231 0.21634615384615385