14 0.7980769230769231 0.2403846153846154 0.16826923076923078 0.21394230769230768
0 0.7307692307692307 0.31490384615384615 0.10576923076923077 0.24278846153846154
0 0.6370192307692307 0.26802884615384615 0.11177884615384616 0.24519230769230768
13 0.43028846153846156 0.16466346153846154 0.3269230769230769 0.25
13 0.4891826923076923 0.33413461538461536 0.34615384615384615 0.33774038461538464
5 0.23918269230769232 0.4879807692307692 0.3245192307692308 0.45552884615384615
4 0.4375 0.46274038461538464 0.17548076923076922 0.15625
0 0.5901442307692307 0.5300480769230769 0.23197115384615385 0.09495192307692307
4 0.43028846153846156 0.6033653846153846 0.15504807692307693 0.171875
16 0.6021634615384616 0.6177884615384616 0.08173076923076923 0.109375
14 0.5889423076923077 0.6995192307692307 0.35336538461538464 0.12980769230769232
9 0.39663461538461536 0.7620192307692307 0.1971153846153846 0.18269230769230768
9 0.3125 0.8413461538461539 0.18870192307692307 0.1658653846153846
1 0.5997596153846154 0.8689903846153846 0.21514423076923078 0.21394230769230768
16 0.7896634615384616 0.8533653846153846 0.11538461538461539 0.0985576923076923
13 0.7980769230769231 0.5504807692307693 0.32572115384615385 0.3641826923076923
1 0.8725961538461539 0.36658653846153844 0.21514423076923078 0.19831730769230768