12 0.4807692307692308 0.2283653846153846 0.10096153846153846 0.30649038461538464
9 0.3870192307692308 0.2692307692307692 0.15384615384615385 0.1935096153846154
7 0.234375 0.41346153846153844 0.1658653846153846 0.3293269230769231
9 0.36538461538461536 0.42427884615384615 0.17427884615384615 0.1502403846153846
7 0.4831730769230769 0.5108173076923077 0.17908653846153846 0.3233173076923077
6 0.7524038461538461 0.4026442307692308 0.2403846153846154 0.3269230769230769
12 0.6502403846153846 0.5997596153846154 0.2439903846153846 0.2620192307692308
7 0.5228365384615384 0.6730769230769231 0.15384615384615385 0.17307692307692307
12 0.6682692307692307 0.7992788461538461 0.3076923076923077 0.09735576923076923
2 0.4050480769230769 0.7331730769230769 0.09735576923076923 0.1658653846153846
2 0.3137019230769231 0.7403846153846154 0.10576923076923077 0.16826923076923078
3 0.2956730769230769 0.5552884615384616 0.18990384615384615 0.18389423076923078
3 0.18389423076923078 0.6670673076923077 0.17427884615384615 0.20793269230769232