6 0.6850961538461539 0.234375 0.30288461538461536 0.19471153846153846
6 0.7103365384615384 0.4519230769230769 0.203125 0.28725961538461536
6 0.8641826923076923 0.390625 0.15264423076923078 0.2980769230769231
5 0.4543269230769231 0.29447115384615385 0.32572115384615385 0.24879807692307693
9 0.2860576923076923 0.3701923076923077 0.23798076923076922 0.3389423076923077
12 0.4387019230769231 0.44350961538461536 0.28846153846153844 0.23197115384615385
12 0.10817307692307693 0.4723557692307692 0.1658653846153846 0.3088942307692308
12 0.42908653846153844 0.6550480769230769 0.31009615384615385 0.17307692307692307
5 0.48197115384615385 0.5012019230769231 0.29447115384615385 0.2956730769230769
9 0.22596153846153846 0.5853365384615384 0.24278846153846154 0.24879807692307693
5 0.2439903846153846 0.7223557692307693 0.39903846153846156 0.3269230769230769
9 0.6742788461538461 0.6225961538461539 0.20072115384615385 0.1778846153846154
15 0.84375 0.5973557692307693 0.04807692307692308 0.13942307692307693
3 0.8701923076923077 0.6189903846153846 0.09014423076923077 0.21033653846153846
16 0.8100961538461539 0.7620192307692307 0.08774038461538461 0.125
3 0.75 0.7824519230769231 0.09975961538461539 0.203125
9 0.6177884615384616 0.796875 0.20072115384615385 0.19471153846153846
16 0.4795673076923077 0.7980769230769231 0.10096153846153846 0.11778846153846154
15 0.4362980769230769 0.8581730769230769 0.04927884615384615 0.14302884615384615