5 0.8125 0.24158653846153846 0.36177884615384615 0.4362980769230769
5 0.47596153846153844 0.2283653846153846 0.38341346153846156 0.4254807692307692
5 0.18269230769230768 0.18509615384615385 0.35216346153846156 0.3581730769230769
8 0.4567307692307692 0.29447115384615385 0.11177884615384616 0.12620192307692307
9 0.22716346153846154 0.3161057692307692 0.16346153846153846 0.14543269230769232
9 0.5637019230769231 0.375 0.1502403846153846 0.1310096153846154
16 0.15625 0.4675480769230769 0.15504807692307693 0.2403846153846154
2 0.27524038461538464 0.4699519230769231 0.10096153846153846 0.17668269230769232
2 0.37259615384615385 0.5432692307692307 0.11298076923076923 0.1814903846153846
2 0.49278846153846156 0.5024038461538461 0.12379807692307693 0.18629807692307693
7 0.6911057692307693 0.5588942307692307 0.11899038461538461 0.3076923076923077
7 0.5829326923076923 0.5360576923076923 0.16346153846153846 0.30528846153846156
6 0.7884615384615384 0.6177884615384616 0.2860576923076923 0.3329326923076923
13 0.7728365384615384 0.828125 0.27524038461538464 0.16105769230769232
7 0.5841346153846154 0.7475961538461539 0.10096153846153846 0.3329326923076923
7 0.3605769230769231 0.6814903846153846 0.3317307692307692 0.13581730769230768
13 0.14783653846153846 0.7379807692307693 0.2536057692307692 0.328125
6 0.3293269230769231 0.8004807692307693 0.41586538461538464 0.28966346153846156