9 0.7007211538461539 0.35697115384615385 0.2980769230769231 0.3786057692307692
9 0.6081730769230769 0.7103365384615384 0.2860576923076923 0.38100961538461536
10 0.8401442307692307 0.6033653846153846 0.19591346153846154 0.1935096153846154
5 0.8353365384615384 0.7848557692307693 0.20552884615384615 0.2704326923076923
0 0.5528846153846154 0.3858173076923077 0.09735576923076923 0.23317307692307693
0 0.4651442307692308 0.38822115384615385 0.09615384615384616 0.23317307692307693
10 0.36658653846153844 0.27884615384615385 0.15625 0.18269230769230768
10 0.18870192307692307 0.28846153846153844 0.15625 0.1814903846153846
10 0.28365384615384615 0.4338942307692308 0.21634615384615385 0.21634615384615385
5 0.21634615384615385 0.5865384615384616 0.20192307692307693 0.2608173076923077
16 0.3557692307692308 0.6033653846153846 0.078125 0.10817307692307693
5 0.390625 0.7884615384615384 0.1935096153846154 0.27524038461538464
0 0.24879807692307693 0.828125 0.09615384615384616 0.24759615384615385
16 0.1045673076923077 0.7848557692307693 0.125 0.11899038461538461