14 0.38341346153846156 0.2800480769230769 0.19471153846153846 0.12379807692307693
14 0.3112980769230769 0.40625 0.18509615384615385 0.17908653846153846
14 0.3641826923076923 0.5120192307692307 0.18629807692307693 0.16706730769230768
10 0.390625 0.6153846153846154 0.1658653846153846 0.18269230769230768
10 0.4026442307692308 0.8064903846153846 0.21995192307692307 0.21875
13 0.5649038461538461 0.25961538461538464 0.33774038461538464 0.35697115384615385
0 0.4963942307692308 0.5216346153846154 0.11538461538461539 0.2860576923076923
4 0.5889423076923077 0.4855769230769231 0.14783653846153846 0.1971153846153846
4 0.6141826923076923 0.6081730769230769 0.12980769230769232 0.14543269230769232
1 0.5865384615384616 0.7427884615384616 0.2283653846153846 0.11298076923076923
9 0.7632211538461539 0.5480769230769231 0.25961538461538464 0.36658653846153844