13 0.4206730769230769 0.22596153846153846 0.3125 0.2932692307692308
13 0.6394230769230769 0.22355769230769232 0.27403846153846156 0.2932692307692308
13 0.8233173076923077 0.2932692307692308 0.34134615384615385 0.3557692307692308
13 0.4098557692307692 0.39302884615384615 0.38221153846153844 0.3798076923076923
7 0.3233173076923077 0.5264423076923077 0.14182692307692307 0.2764423076923077
7 0.24158653846153846 0.5697115384615384 0.15625 0.3173076923076923
11 0.4411057692307692 0.6514423076923077 0.12139423076923077 0.19230769230769232
2 0.5048076923076923 0.6274038461538461 0.0985576923076923 0.12620192307692307
10 0.5757211538461539 0.5432692307692307 0.14783653846153846 0.14783653846153846
10 0.6682692307692307 0.4387019230769231 0.14903846153846154 0.14783653846153846
10 0.7572115384615384 0.5492788461538461 0.1502403846153846 0.14783653846153846
7 0.8269230769230769 0.6129807692307693 0.10576923076923077 0.328125
8 0.7680288461538461 0.6899038461538461 0.09615384615384616 0.12379807692307693
8 0.7019230769230769 0.7247596153846154 0.109375 0.11778846153846154
11 0.6370192307692307 0.6454326923076923 0.18389423076923078 0.10817307692307693
1 0.7355769230769231 0.8064903846153846 0.14783653846153846 0.056490384615384616
14 0.5769230769230769 0.7800480769230769 0.16105769230769232 0.17908653846153846
4 0.5060096153846154 0.8762019230769231 0.14783653846153846 0.16105769230769232
13 0.30649038461538464 0.8016826923076923 0.27163461538461536 0.23317307692307693