10 0.3701923076923077 0.2860576923076923 0.29927884615384615 0.31009615384615385
10 0.6862980769230769 0.23197115384615385 0.21394230769230768 0.2439903846153846
14 0.7572115384615384 0.5072115384615384 0.2608173076923077 0.24639423076923078
14 0.8149038461538461 0.6622596153846154 0.2620192307692308 0.27524038461538464
14 0.7055288461538461 0.8233173076923077 0.27163461538461536 0.25721153846153844
10 0.26802884615384615 0.7403846153846154 0.28846153846153844 0.2932692307692308
10 0.39663461538461536 0.5889423076923077 0.20192307692307693 0.20072115384615385
16 0.1935096153846154 0.5108173076923077 0.16466346153846154 0.20793269230769232
2 0.5300480769230769 0.4855769230769231 0.1141826923076923 0.12860576923076922
2 0.5757211538461539 0.5504807692307693 0.125 0.11899038461538461
2 0.5444711538461539 0.6550480769230769 0.10817307692307693 0.12379807692307693
0 0.47836538461538464 0.7295673076923077 0.17427884615384615 0.12860576923076922