5 0.32091346153846156 0.33653846153846156 0.46153846153846156 0.3233173076923077
14 0.25600961538461536 0.5721153846153846 0.19951923076923078 0.20552884615384615
15 0.41947115384615385 0.5180288461538461 0.08413461538461539 0.11177884615384616
14 0.4879807692307692 0.49158653846153844 0.18629807692307693 0.21514423076923078
11 0.34975961538461536 0.5745192307692307 0.08653846153846154 0.1346153846153846
11 0.35336538461538464 0.6670673076923077 0.12860576923076922 0.06971153846153846
11 0.5408653846153846 0.5853365384615384 0.10216346153846154 0.1622596153846154
4 0.6658653846153846 0.46153846153846156 0.16346153846153846 0.18028846153846154
15 0.7403846153846154 0.5661057692307693 0.07692307692307693 0.11658653846153846
1 0.8353365384615384 0.5661057692307693 0.14423076923076922 0.12860576923076922
15 0.7151442307692307 0.7139423076923077 0.078125 0.11538461538461539
14 0.4723557692307692 0.6598557692307693 0.22355769230769232 0.16346153846153846
9 0.3701923076923077 0.7752403846153846 0.12980769230769232 0.1502403846153846
11 0.5072115384615384 0.78125 0.15504807692307693 0.12980769230769232