16 0.5072115384615384 0.3329326923076923 0.22596153846153846 0.22596153846153846
7 0.7415865384615384 0.5685096153846154 0.11899038461538461 0.3016826923076923
15 0.8353365384615384 0.6274038461538461 0.17067307692307693 0.20432692307692307
12 0.7007211538461539 0.8040865384615384 0.14423076923076922 0.09735576923076923
14 0.6334134615384616 0.7103365384615384 0.09975961538461539 0.25600961538461536
12 0.5372596153846154 0.5132211538461539 0.10817307692307693 0.14783653846153846
12 0.46033653846153844 0.8605769230769231 0.14543269230769232 0.09134615384615384
0 0.43149038461538464 0.4963942307692308 0.13221153846153846 0.17548076923076922
15 0.28966346153846156 0.43028846153846156 0.1971153846153846 0.19951923076923078
15 0.2439903846153846 0.7728365384615384 0.13822115384615385 0.1778846153846154
10 0.4170673076923077 0.6682692307692307 0.26802884615384615 0.24879807692307693
4 0.12379807692307693 0.6418269230769231 0.12740384615384615 0.1466346153846154