6 0.47716346153846156 0.26322115384615385 0.2548076923076923 0.3798076923076923
6 0.6899038461538461 0.2800480769230769 0.2824519230769231 0.3329326923076923
4 0.8317307692307693 0.49278846153846156 0.20793269230769232 0.23076923076923078
7 0.6045673076923077 0.4963942307692308 0.3173076923076923 0.11057692307692307
7 0.5877403846153846 0.5973557692307693 0.3076923076923077 0.12740384615384615
7 0.6394230769230769 0.6742788461538461 0.296875 0.18389423076923078
14 0.8377403846153846 0.6826923076923077 0.19951923076923078 0.15985576923076922
14 0.7800480769230769 0.7235576923076923 0.16947115384615385 0.18629807692307693
14 0.7295673076923077 0.7704326923076923 0.17307692307692307 0.16466346153846154
15 0.6081730769230769 0.8088942307692307 0.17427884615384615 0.1875
15 0.47596153846153844 0.7884615384615384 0.20432692307692307 0.21634615384615385
2 0.38822115384615385 0.6899038461538461 0.12259615384615384 0.109375
2 0.35096153846153844 0.5877403846153846 0.18990384615384615 0.1346153846153846
6 0.3545673076923077 0.4206730769230769 0.30288461538461536 0.24759615384615385