13 0.8173076923076923 0.35336538461538464 0.32572115384615385 0.29086538461538464
13 0.5528846153846154 0.3401442307692308 0.2512019230769231 0.26322115384615385
13 0.3629807692307692 0.3473557692307692 0.234375 0.31850961538461536
10 0.8497596153846154 0.5637019230769231 0.1814903846153846 0.24759615384615385
10 0.6862980769230769 0.5600961538461539 0.22956730769230768 0.2668269230769231
5 0.4735576923076923 0.59375 0.2283653846153846 0.2932692307692308
4 0.8461538461538461 0.7584134615384616 0.18028846153846154 0.2127403846153846
4 0.7103365384615384 0.7584134615384616 0.1814903846153846 0.21394230769230768
1 0.625 0.7391826923076923 0.09615384615384616 0.15264423076923078
1 0.5721153846153846 0.7403846153846154 0.08052884615384616 0.16947115384615385
12 0.47596153846153844 0.7692307692307693 0.19591346153846154 0.08653846153846154
12 0.41947115384615385 0.8497596153846154 0.19110576923076922 0.0985576923076923