10 0.15745192307692307 0.25240384615384615 0.2692307692307692 0.30649038461538464
10 0.41586538461538464 0.22716346153846154 0.23918269230769232 0.2439903846153846
10 0.7896634615384616 0.5384615384615384 0.28365384615384615 0.2536057692307692
10 0.7067307692307693 0.7043269230769231 0.26802884615384615 0.2608173076923077
0 0.6382211538461539 0.2091346153846154 0.10096153846153846 0.15985576923076922
0 0.2860576923076923 0.35216346153846156 0.15504807692307693 0.12740384615384615
0 0.5012019230769231 0.5096153846153846 0.14903846153846154 0.1658653846153846
7 0.5528846153846154 0.6598557692307693 0.13221153846153846 0.17307692307692307
7 0.7307692307692307 0.2956730769230769 0.1045673076923077 0.17307692307692307
7 0.8245192307692307 0.2824519230769231 0.11057692307692307 0.16706730769230768
16 0.25721153846153844 0.49158653846153844 0.23798076923076922 0.21875
16 0.8533653846153846 0.828125 0.22235576923076922 0.2668269230769231
1 0.390625 0.6021634615384616 0.21153846153846154 0.18028846153846154
1 0.6382211538461539 0.8858173076923077 0.19591346153846154 0.13701923076923078
15 0.6766826923076923 0.8197115384615384 0.17307692307692307 0.06490384615384616
7 0.5024038461538461 0.7548076923076923 0.20552884615384615 0.28125
4 0.22235576923076922 0.6778846153846154 0.25240384615384615 0.19831730769230768
16 0.2800480769230769 0.8341346153846154 0.2932692307692308 0.2439903846153846