13 0.6514423076923077 0.15504807692307693 0.34134615384615385 0.30528846153846156
13 0.7692307692307693 0.3942307692307692 0.25841346153846156 0.3485576923076923
4 0.5673076923076923 0.44591346153846156 0.2247596153846154 0.23677884615384615
13 0.39663461538461536 0.3016826923076923 0.24519230769230768 0.30528846153846156
13 0.17668269230769232 0.3293269230769231 0.2668269230769231 0.3161057692307692
4 0.3605769230769231 0.5240384615384616 0.2536057692307692 0.19591346153846154
10 0.16346153846153846 0.5817307692307693 0.3125 0.2704326923076923
10 0.375 0.6875 0.27163461538461536 0.25600961538461536
10 0.5528846153846154 0.6081730769230769 0.234375 0.234375
13 0.7391826923076923 0.6634615384615384 0.25841346153846156 0.29927884615384615
2 0.8305288461538461 0.8497596153846154 0.15745192307692307 0.1658653846153846
8 0.7163461538461539 0.828125 0.10697115384615384 0.13221153846153846
2 0.5456730769230769 0.8978365384615384 0.18509615384615385 0.19230769230769232
0 0.4579326923076923 0.8257211538461539 0.2247596153846154 0.23317307692307693
13 0.19591346153846154 0.8137019230769231 0.3449519230769231 0.27283653846153844
12 0.33533653846153844 0.9387019230769231 0.1622596153846154 0.06850961538461539