13 0.7704326923076923 0.3425480769230769 0.25721153846153844 0.3293269230769231
13 0.6346153846153846 0.41586538461538464 0.3004807692307692 0.35336538461538464
13 0.6358173076923077 0.7307692307692307 0.359375 0.3629807692307692
2 0.5276442307692307 0.5132211538461539 0.11899038461538461 0.15985576923076922
2 0.5348557692307693 0.6610576923076923 0.14423076923076922 0.15625
10 0.41225961538461536 0.34375 0.18870192307692307 0.20552884615384615
10 0.28365384615384615 0.4675480769230769 0.203125 0.20673076923076922
12 0.4170673076923077 0.4879807692307692 0.13822115384615385 0.1310096153846154
12 0.46875 0.5673076923076923 0.06490384615384616 0.16947115384615385
12 0.3786057692307692 0.6177884615384616 0.16706730769230768 0.09375
3 0.38341346153846156 0.6670673076923077 0.18990384615384615 0.0733173076923077
3 0.3485576923076923 0.7860576923076923 0.07091346153846154 0.19471153846153846