2 0.7259615384615384 0.2956730769230769 0.1310096153846154 0.11057692307692307
2 0.6923076923076923 0.4026442307692308 0.1141826923076923 0.10216346153846154
2 0.7235576923076923 0.47115384615384615 0.1141826923076923 0.11057692307692307
4 0.8076923076923077 0.5456730769230769 0.19110576923076922 0.16346153846153846
7 0.6021634615384616 0.4375 0.19110576923076922 0.28365384615384615
7 0.5300480769230769 0.47836538461538464 0.18509615384615385 0.2920673076923077
7 0.4483173076923077 0.5096153846153846 0.18870192307692307 0.28725961538461536
7 0.38100961538461536 0.5588942307692307 0.19831730769230768 0.31009615384615385
16 0.49759615384615385 0.21394230769230768 0.24879807692307693 0.17427884615384615
16 0.296875 0.33052884615384615 0.2644230769230769 0.2403846153846154
16 0.22355769230769232 0.5769230769230769 0.2512019230769231 0.2536057692307692
3 0.3918269230769231 0.7704326923076923 0.20673076923076922 0.15745192307692307
3 0.4675480769230769 0.7139423076923077 0.20192307692307693 0.17908653846153846
3 0.5685096153846154 0.7163461538461539 0.1875 0.17668269230769232
7 0.6730769230769231 0.6057692307692307 0.16826923076923078 0.1310096153846154