10 0.23798076923076922 0.4483173076923077 0.2848557692307692 0.28725961538461536
16 0.6322115384615384 0.2920673076923077 0.25721153846153844 0.24879807692307693
7 0.3401442307692308 0.5588942307692307 0.20673076923076922 0.30408653846153844
14 0.5 0.4987980769230769 0.12740384615384615 0.24639423076923078
7 0.5600961538461539 0.44471153846153844 0.16466346153846154 0.3112980769230769
14 0.6670673076923077 0.5829326923076923 0.0889423076923077 0.25721153846153844
8 0.7560096153846154 0.4639423076923077 0.09735576923076923 0.12379807692307693
14 0.7944711538461539 0.6622596153846154 0.125 0.25240384615384615
8 0.4026442307692308 0.6129807692307693 0.10817307692307693 0.13221153846153846
8 0.34375 0.7043269230769231 0.11538461538461539 0.13341346153846154
16 0.171875 0.7536057692307693 0.19951923076923078 0.2668269230769231
10 0.4807692307692308 0.7007211538461539 0.27403846153846156 0.29086538461538464
10 0.6670673076923077 0.7403846153846154 0.21634615384615385 0.23798076923076922
15 0.4639423076923077 0.8737980769230769 0.18389423076923078 0.15504807692307693
15 0.7920673076923077 0.8858173076923077 0.17067307692307693 0.18990384615384615