4 0.10216346153846154 0.19951923076923078 0.203125 0.2704326923076923
5 0.3629807692307692 0.20432692307692307 0.3425480769230769 0.38341346153846156
5 0.7055288461538461 0.23197115384615385 0.3894230769230769 0.40384615384615385
15 0.0985576923076923 0.4807692307692308 0.13221153846153846 0.1466346153846154
7 0.19230769230769232 0.4519230769230769 0.13701923076923078 0.32091346153846156
12 0.2620192307692308 0.5120192307692307 0.06971153846153846 0.18269230769230768
11 0.21754807692307693 0.6754807692307693 0.1875 0.15144230769230768
11 0.3641826923076923 0.5048076923076923 0.140625 0.17427884615384615
7 0.4543269230769231 0.5300480769230769 0.16466346153846154 0.31490384615384615
7 0.5769230769230769 0.5108173076923077 0.24639423076923078 0.27163461538461536
4 0.7439903846153846 0.5192307692307693 0.265625 0.24158653846153846
15 0.8449519230769231 0.6334134615384616 0.20793269230769232 0.19471153846153846
7 0.44711538461538464 0.7295673076923077 0.29086538461538464 0.27403846153846156
7 0.5877403846153846 0.734375 0.3004807692307692 0.24759615384615385
7 0.6322115384615384 0.8173076923076923 0.2860576923076923 0.2764423076923077
14 0.7379807692307693 0.8665865384615384 0.21153846153846154 0.23677884615384615