10 0.6454326923076923 0.24639423076923078 0.20432692307692307 0.21033653846153846
7 0.5024038461538461 0.27283653846153844 0.11298076923076923 0.24519230769230768
7 0.6526442307692307 0.40625 0.2439903846153846 0.12620192307692307
0 0.37740384615384615 0.3713942307692308 0.15264423076923078 0.17668269230769232
0 0.42427884615384615 0.6478365384615384 0.16346153846153846 0.1622596153846154
7 0.5564903846153846 0.7319711538461539 0.24639423076923078 0.13581730769230768
2 0.3137019230769231 0.5288461538461539 0.17548076923076922 0.16947115384615385
7 0.7175480769230769 0.5264423076923077 0.33774038461538464 0.11177884615384616
7 0.6850961538461539 0.6418269230769231 0.33774038461538464 0.10096153846153846
3 0.8353365384615384 0.7283653846153846 0.21514423076923078 0.125
3 0.7487980769230769 0.8473557692307693 0.19951923076923078 0.08774038461538461
15 0.43149038461538464 0.4543269230769231 0.14903846153846154 0.09375
15 0.4495192307692308 0.4855769230769231 0.16706730769230768 0.11057692307692307
15 0.4735576923076923 0.5132211538461539 0.16706730769230768 0.09975961538461539