2 0.8641826923076923 0.4495192307692308 0.14783653846153846 0.1971153846153846
2 0.6081730769230769 0.4387019230769231 0.17427884615384615 0.1814903846153846
2 0.6983173076923077 0.3125 0.11177884615384616 0.1814903846153846
3 0.71875 0.8137019230769231 0.17668269230769232 0.16346153846153846
3 0.6887019230769231 0.7043269230769231 0.16947115384615385 0.0625
4 0.7079326923076923 0.5817307692307693 0.23798076923076922 0.18990384615384615
7 0.21153846153846154 0.6586538461538461 0.21634615384615385 0.10817307692307693
3 0.8221153846153846 0.6466346153846154 0.1045673076923077 0.19471153846153846
3 0.8629807692307693 0.6947115384615384 0.1201923076923077 0.2247596153846154
5 0.40024038461538464 0.6225961538461539 0.4651442307692308 0.5048076923076923
5 0.3112980769230769 0.38822115384615385 0.46274038461538464 0.3786057692307692
4 0.7884615384615384 0.21394230769230768 0.20072115384615385 0.2439903846153846
16 0.5084134615384616 0.2127403846153846 0.30288461538461536 0.22596153846153846
3 0.27524038461538464 0.5444711538461539 0.15504807692307693 0.16706730769230768