1 0.27163461538461536 0.18990384615384615 0.17067307692307693 0.25841346153846156
1 0.44591346153846156 0.20793269230769232 0.25841346153846156 0.18990384615384615
1 0.6610576923076923 0.2956730769230769 0.2536057692307692 0.1778846153846154
6 0.12740384615384615 0.48677884615384615 0.25 0.33413461538461536
5 0.4014423076923077 0.4831730769230769 0.3245192307692308 0.30528846153846156
5 0.8725961538461539 0.5192307692307693 0.24759615384615385 0.33413461538461536
5 0.7439903846153846 0.8822115384615384 0.2980769230769231 0.22235576923076922
1 0.8834134615384616 0.7115384615384616 0.17908653846153846 0.1201923076923077
0 0.7632211538461539 0.4266826923076923 0.25841346153846156 0.3329326923076923
0 0.5649038461538461 0.5733173076923077 0.2608173076923077 0.32211538461538464
4 0.6706730769230769 0.6875 0.23076923076923078 0.13701923076923078
1 0.38221153846153844 0.7403846153846154 0.1658653846153846 0.13701923076923078
7 0.4050480769230769 0.6502403846153846 0.171875 0.1658653846153846
14 0.5252403846153846 0.8305288461538461 0.15625 0.19831730769230768
14 0.3641826923076923 0.8677884615384616 0.1814903846153846 0.12620192307692307
10 0.11778846153846154 0.8425480769230769 0.2283653846153846 0.28725961538461536