13 0.22596153846153846 0.296875 0.2704326923076923 0.33774038461538464
0 0.3701923076923077 0.4375 0.109375 0.234375
4 0.1814903846153846 0.5540865384615384 0.23317307692307693 0.1466346153846154
4 0.1875 0.7295673076923077 0.23918269230769232 0.15865384615384615
6 0.5060096153846154 0.36538461538461536 0.1971153846153846 0.27283653846153844
7 0.7079326923076923 0.3918269230769231 0.10216346153846154 0.23798076923076922
6 0.45552884615384615 0.6274038461538461 0.2848557692307692 0.22115384615384615
3 0.48197115384615385 0.7271634615384616 0.20432692307692307 0.0625
4 0.3581730769230769 0.828125 0.16105769230769232 0.1622596153846154
4 0.4699519230769231 0.8942307692307693 0.17668269230769232 0.16105769230769232
15 0.6213942307692307 0.7716346153846154 0.21754807692307693 0.21634615384615385
4 0.7427884615384616 0.7764423076923077 0.13701923076923078 0.15985576923076922
0 0.8653846153846154 0.6574519230769231 0.23557692307692307 0.18269230769230768