1 0.3329326923076923 0.734375 0.11057692307692307 0.14543269230769232
12 0.30528846153846156 0.7704326923076923 0.12740384615384615 0.16466346153846154
1 0.7007211538461539 0.8088942307692307 0.19230769230769232 0.15384615384615385
1 0.8052884615384616 0.7427884615384616 0.171875 0.2247596153846154
16 0.5600961538461539 0.7271634615384616 0.2704326923076923 0.25600961538461536
0 0.4543269230769231 0.5889423076923077 0.11778846153846154 0.24759615384615385
0 0.36658653846153844 0.5985576923076923 0.11899038461538461 0.25721153846153844
7 0.27163461538461536 0.5192307692307693 0.10697115384615384 0.1778846153846154
10 0.14182692307692307 0.5889423076923077 0.20552884615384615 0.20673076923076922
9 0.5456730769230769 0.5108173076923077 0.13942307692307693 0.1935096153846154
14 0.7451923076923077 0.5132211538461539 0.1045673076923077 0.37259615384615385
9 0.6514423076923077 0.4855769230769231 0.1346153846153846 0.19110576923076922
14 0.8665865384615384 0.4519230769230769 0.12139423076923077 0.3762019230769231
9 0.8016826923076923 0.25841346153846156 0.15144230769230768 0.19110576923076922
13 0.6201923076923077 0.25 0.2764423076923077 0.3137019230769231
13 0.17908653846153846 0.27403846153846156 0.28966346153846156 0.3293269230769231
13 0.4230769230769231 0.23677884615384615 0.23918269230769232 0.30288461538461536