10 0.8413461538461539 0.4699519230769231 0.234375 0.18870192307692307
10 0.8149038461538461 0.6778846153846154 0.19951923076923078 0.22596153846153846
14 0.6658653846153846 0.4423076923076923 0.1502403846153846 0.19471153846153846
14 0.2776442307692308 0.4423076923076923 0.17548076923076922 0.1875
14 0.27524038461538464 0.5805288461538461 0.20072115384615385 0.16947115384615385
9 0.5528846153846154 0.29086538461538464 0.17427884615384615 0.1778846153846154
9 0.4338942307692308 0.3858173076923077 0.15865384615384615 0.16947115384615385
2 0.43028846153846156 0.24639423076923078 0.10817307692307693 0.15745192307692307
2 0.5588942307692307 0.4675480769230769 0.09735576923076923 0.14783653846153846
9 0.43028846153846156 0.5540865384615384 0.14302884615384615 0.20432692307692307
9 0.14423076923076922 0.5793269230769231 0.125 0.1935096153846154
6 0.6009615384615384 0.6466346153846154 0.2608173076923077 0.19951923076923078
9 0.3245192307692308 0.29086538461538464 0.14182692307692307 0.1875
13 0.36658653846153844 0.7872596153846154 0.32572115384615385 0.27524038461538464
4 0.1778846153846154 0.7403846153846154 0.1310096153846154 0.1622596153846154
4 0.20072115384615385 0.8665865384615384 0.14182692307692307 0.14423076923076922
4 0.0829326923076923 0.7740384615384616 0.16346153846153846 0.140625
7 0.19591346153846154 0.3269230769230769 0.14302884615384615 0.328125
7 0.09615384615384616 0.32091346153846156 0.12259615384615384 0.33413461538461536