16 0.6899038461538461 0.4579326923076923 0.19110576923076922 0.21514423076923078
6 0.8473557692307693 0.5408653846153846 0.27163461538461536 0.3088942307692308
6 0.1346153846153846 0.24519230769230768 0.22115384615384615 0.30288461538461536
6 0.33052884615384615 0.3076923076923077 0.2668269230769231 0.31490384615384615
11 0.5925480769230769 0.3137019230769231 0.14182692307692307 0.16826923076923078
11 0.5420673076923077 0.46033653846153844 0.1622596153846154 0.11298076923076923
0 0.41586538461538464 0.42427884615384615 0.19831730769230768 0.21754807692307693
0 0.5336538461538461 0.625 0.11658653846153846 0.23677884615384615
0 0.17908653846153846 0.46875 0.25721153846153844 0.11899038461538461
10 0.6706730769230769 0.7788461538461539 0.2668269230769231 0.2932692307692308
10 0.3557692307692308 0.6189903846153846 0.23197115384615385 0.20673076923076922
4 0.17427884615384615 0.6358173076923077 0.17668269230769232 0.23557692307692307
4 0.19110576923076922 0.8293269230769231 0.24158653846153846 0.18990384615384615
4 0.4362980769230769 0.828125 0.2283653846153846 0.18389423076923078