4 0.8798076923076923 0.3112980769230769 0.140625 0.22956730769230768
4 0.7560096153846154 0.3641826923076923 0.14302884615384615 0.22235576923076922
2 0.9098557692307693 0.6225961538461539 0.13221153846153846 0.16706730769230768
2 0.8016826923076923 0.6382211538461539 0.14783653846153846 0.171875
2 0.7271634615384616 0.5564903846153846 0.13822115384615385 0.17548076923076922
1 0.75 0.7584134615384616 0.15384615384615385 0.0829326923076923
1 0.7235576923076923 0.7860576923076923 0.15504807692307693 0.078125
16 0.4182692307692308 0.33653846153846156 0.27524038461538464 0.234375
16 0.5661057692307693 0.42788461538461536 0.27524038461538464 0.26802884615384615
4 0.59375 0.6382211538461539 0.21033653846153846 0.2620192307692308
7 0.3918269230769231 0.5805288461538461 0.12740384615384615 0.24759615384615385
7 0.5132211538461539 0.7319711538461539 0.15264423076923078 0.25841346153846156
7 0.4014423076923077 0.7740384615384616 0.1971153846153846 0.2403846153846154
0 0.26802884615384615 0.5480769230769231 0.1201923076923077 0.18990384615384615