13 0.6514423076923077 0.24639423076923078 0.3545673076923077 0.3485576923076923
13 0.36177884615384615 0.40625 0.3389423076923077 0.3641826923076923
2 0.5600961538461539 0.4206730769230769 0.16706730769230768 0.1466346153846154
2 0.7463942307692307 0.46153846153846156 0.14903846153846154 0.16346153846153846
2 0.453125 0.6514423076923077 0.10697115384615384 0.15504807692307693
14 0.3076923076923077 0.5865384615384616 0.1658653846153846 0.3485576923076923
3 0.6754807692307693 0.5288461538461539 0.11778846153846154 0.20552884615384615
3 0.6033653846153846 0.5625 0.12980769230769232 0.19591346153846154
3 0.5300480769230769 0.5612980769230769 0.0985576923076923 0.20552884615384615
15 0.6586538461538461 0.6574519230769231 0.13341346153846154 0.07692307692307693
4 0.6105769230769231 0.7944711538461539 0.2439903846153846 0.20072115384615385