4 0.22956730769230768 0.3401442307692308 0.25841346153846156 0.2247596153846154
4 0.40625 0.39783653846153844 0.25 0.21634615384615385
6 0.4963942307692308 0.2824519230769231 0.3641826923076923 0.36177884615384615
6 0.6105769230769231 0.19230769230769232 0.2920673076923077 0.3137019230769231
7 0.6658653846153846 0.4050480769230769 0.25841346153846156 0.23918269230769232
7 0.7427884615384616 0.4543269230769231 0.26322115384615385 0.23798076923076922
12 0.7415865384615384 0.5552884615384616 0.2776442307692308 0.2512019230769231
12 0.7992788461538461 0.6021634615384616 0.27403846153846156 0.2512019230769231
12 0.8173076923076923 0.6887019230769231 0.28365384615384615 0.25
11 0.765625 0.8353365384615384 0.17427884615384615 0.15625
11 0.6286057692307693 0.7548076923076923 0.12980769230769232 0.17548076923076922
2 0.515625 0.8413461538461539 0.1658653846153846 0.14423076923076922
2 0.296875 0.7800480769230769 0.1875 0.19471153846153846
2 0.3762019230769231 0.6923076923076923 0.18629807692307693 0.1875
2 0.5336538461538461 0.6610576923076923 0.18269230769230768 0.1778846153846154
16 0.4579326923076923 0.5625 0.23197115384615385 0.22115384615384615
16 0.2247596153846154 0.5360576923076923 0.18509615384615385 0.21634615384615385