16 0.40384615384615385 0.3233173076923077 0.22596153846153846 0.24639423076923078
16 0.2980769230769231 0.5252403846153846 0.21995192307692307 0.24639423076923078
1 0.5649038461538461 0.44471153846153844 0.234375 0.20432692307692307
1 0.4951923076923077 0.5024038461538461 0.22596153846153846 0.17668269230769232
1 0.4735576923076923 0.5588942307692307 0.234375 0.17908653846153846
11 0.7475961538461539 0.4230769230769231 0.07932692307692307 0.12740384615384615
11 0.8137019230769231 0.4170673076923077 0.08173076923076923 0.12259615384615384
11 0.78125 0.515625 0.12259615384615384 0.07211538461538461
16 0.6081730769230769 0.33774038461538464 0.24879807692307693 0.19591346153846154
12 0.6730769230769231 0.5829326923076923 0.13822115384615385 0.08052884615384616
10 0.2644230769230769 0.7512019230769231 0.23677884615384615 0.2800480769230769
10 0.44711538461538464 0.7608173076923077 0.23918269230769232 0.2644230769230769
9 0.5889423076923077 0.6706730769230769 0.15144230769230768 0.16706730769230768
15 0.7283653846153846 0.7283653846153846 0.32091346153846156 0.3269230769230769