16 0.29447115384615385 0.18028846153846154 0.23918269230769232 0.25
16 0.6670673076923077 0.22235576923076922 0.22716346153846154 0.24158653846153846
11 0.7608173076923077 0.1778846153846154 0.10336538461538461 0.13581730769230768
2 0.5540865384615384 0.3137019230769231 0.14182692307692307 0.17427884615384615
11 0.6346153846153846 0.39783653846153844 0.11538461538461539 0.12139423076923077
5 0.7680288461538461 0.49038461538461536 0.46274038461538464 0.5048076923076923
5 0.3245192307692308 0.5384615384615384 0.4579326923076923 0.32572115384615385
2 0.6237980769230769 0.7223557692307693 0.15144230769230768 0.18990384615384615
11 0.5144230769230769 0.7776442307692307 0.09495192307692307 0.13701923076923078
2 0.37740384615384615 0.7632211538461539 0.18870192307692307 0.16706730769230768
16 0.6165865384615384 0.8954326923076923 0.2091346153846154 0.2091346153846154