5 0.6814903846153846 0.24879807692307693 0.18990384615384615 0.29086538461538464
5 0.8173076923076923 0.3425480769230769 0.2980769230769231 0.3016826923076923
5 0.5144230769230769 0.3798076923076923 0.3125 0.23918269230769232
13 0.44711538461538464 0.2091346153846154 0.28125 0.20793269230769232
13 0.23918269230769232 0.4206730769230769 0.3016826923076923 0.3004807692307692
13 0.3629807692307692 0.5600961538461539 0.29927884615384615 0.27884615384615385
13 0.2668269230769231 0.75 0.35336538461538464 0.3473557692307692
13 0.5204326923076923 0.6081730769230769 0.30288461538461536 0.27403846153846156
14 0.6887019230769231 0.5060096153846154 0.1875 0.23677884615384615
14 0.8545673076923077 0.5949519230769231 0.24759615384615385 0.24639423076923078
11 0.7391826923076923 0.6959134615384616 0.15985576923076922 0.18629807692307693
14 0.578125 0.7139423076923077 0.22716346153846154 0.078125
1 0.5564903846153846 0.7848557692307693 0.21754807692307693 0.1201923076923077
1 0.8064903846153846 0.8341346153846154 0.23677884615384615 0.15985576923076922