16 0.17067307692307693 0.2247596153846154 0.1875 0.22235576923076922
16 0.5817307692307693 0.875 0.203125 0.18028846153846154
16 0.7824519230769231 0.8064903846153846 0.21875 0.18990384615384615
5 0.8521634615384616 0.8810096153846154 0.29086538461538464 0.22716346153846154
5 0.2848557692307692 0.8966346153846154 0.27283653846153844 0.19471153846153846
13 0.34375 0.19831730769230768 0.23317307692307693 0.31850961538461536
13 0.4951923076923077 0.15985576923076922 0.2439903846153846 0.3161057692307692
5 0.7115384615384616 0.21394230769230768 0.4675480769230769 0.3269230769230769
5 0.7463942307692307 0.5252403846153846 0.375 0.4879807692307692
13 0.27884615384615385 0.46274038461538464 0.2091346153846154 0.27403846153846156
13 0.4579326923076923 0.4735576923076923 0.22956730769230768 0.2800480769230769
12 0.16105769230769232 0.4699519230769231 0.0733173076923077 0.17307692307692307
12 0.7800480769230769 0.6646634615384616 0.16466346153846154 0.14783653846153846
10 0.2439903846153846 0.6754807692307693 0.21153846153846154 0.2608173076923077
10 0.3485576923076923 0.7043269230769231 0.20673076923076922 0.2403846153846154
10 0.5252403846153846 0.6899038461538461 0.19591346153846154 0.2091346153846154
2 0.11177884615384616 0.7355769230769231 0.13581730769230768 0.18028846153846154