10 0.6850961538461539 0.32091346153846156 0.2692307692307692 0.2704326923076923
10 0.5372596153846154 0.39783653846153844 0.16466346153846154 0.1658653846153846
10 0.33653846153846156 0.5072115384615384 0.16706730769230768 0.16826923076923078
8 0.5420673076923077 0.24519230769230768 0.0733173076923077 0.11298076923076923
8 0.8028846153846154 0.4699519230769231 0.11658653846153846 0.09375
8 0.7596153846153846 0.5793269230769231 0.07932692307692307 0.10697115384615384
14 0.6598557692307693 0.5096153846153846 0.25240384615384615 0.25
0 0.49158653846153844 0.5084134615384616 0.3112980769230769 0.2932692307692308
0 0.4423076923076923 0.6418269230769231 0.38461538461538464 0.13942307692307693
0 0.6971153846153846 0.7355769230769231 0.3641826923076923 0.2091346153846154
14 0.38822115384615385 0.26322115384615385 0.2283653846153846 0.21754807692307693