11 0.22716346153846154 0.25240384615384615 0.13942307692307693 0.1201923076923077
11 0.20072115384615385 0.40865384615384615 0.1141826923076923 0.13581730769230768
11 0.08653846153846154 0.5540865384615384 0.15504807692307693 0.16826923076923078
14 0.24278846153846154 0.5661057692307693 0.16346153846153846 0.19591346153846154
12 0.34375 0.5889423076923077 0.16826923076923078 0.24158653846153846
11 0.47115384615384615 0.5913461538461539 0.14783653846153846 0.10096153846153846
14 0.2956730769230769 0.8269230769230769 0.24278846153846154 0.2704326923076923
14 0.5048076923076923 0.8269230769230769 0.15625 0.18870192307692307
12 0.6141826923076923 0.7980769230769231 0.07091346153846154 0.24879807692307693
11 0.7980769230769231 0.8605769230769231 0.14903846153846154 0.17548076923076922
16 0.8389423076923077 0.6490384615384616 0.15985576923076922 0.20432692307692307
11 0.6899038461538461 0.6105769230769231 0.14302884615384615 0.1622596153846154
11 0.6959134615384616 0.4699519230769231 0.09014423076923077 0.12379807692307693
11 0.5 0.484375 0.15625 0.12259615384615384
1 0.41346153846153844 0.4074519230769231 0.17307692307692307 0.0889423076923077
7 0.4206730769230769 0.2776442307692308 0.10817307692307693 0.16706730769230768
7 0.5060096153846154 0.24639423076923078 0.10697115384615384 0.17067307692307693
7 0.6009615384615384 0.20432692307692307 0.10336538461538461 0.17067307692307693
14 0.5973557692307693 0.36658653846153844 0.1814903846153846 0.17908653846153846
16 0.7884615384615384 0.28966346153846156 0.18389423076923078 0.22115384615384615