9 0.8269230769230769 0.8786057692307693 0.11899038461538461 0.16947115384615385
1 0.6730769230769231 0.8425480769230769 0.18870192307692307 0.12139423076923077
1 0.5108173076923077 0.8233173076923077 0.15745192307692307 0.140625
9 0.3858173076923077 0.7944711538461539 0.13701923076923078 0.18389423076923078
9 0.2644230769230769 0.765625 0.11899038461538461 0.16466346153846154
14 0.12620192307692307 0.7848557692307693 0.18389423076923078 0.22355769230769232
4 0.7139423076923077 0.7151442307692307 0.1971153846153846 0.1045673076923077
10 0.5180288461538461 0.6358173076923077 0.22355769230769232 0.20793269230769232
5 0.7355769230769231 0.5757211538461539 0.28846153846153844 0.19471153846153846
4 0.828125 0.36778846153846156 0.1814903846153846 0.2247596153846154
1 0.5288461538461539 0.4483173076923077 0.1466346153846154 0.19230769230769232
7 0.35336538461538464 0.5180288461538461 0.13822115384615385 0.3269230769230769
7 0.25961538461538464 0.4987980769230769 0.1141826923076923 0.3293269230769231
5 0.1346153846153846 0.5240384615384616 0.19471153846153846 0.28125
4 0.3798076923076923 0.23918269230769232 0.20673076923076922 0.24639423076923078