5 0.8197115384615384 0.23557692307692307 0.3485576923076923 0.44711538461538464
12 0.2824519230769231 0.1971153846153846 0.19230769230769232 0.23677884615384615
7 0.18028846153846154 0.3954326923076923 0.10096153846153846 0.3473557692307692
4 0.14182692307692307 0.609375 0.2283653846153846 0.2247596153846154
1 0.15865384615384615 0.7391826923076923 0.14783653846153846 0.11538461538461539
14 0.3954326923076923 0.7463942307692307 0.09975961538461539 0.23798076923076922
0 0.4326923076923077 0.5300480769230769 0.13701923076923078 0.23557692307692307
7 0.8870192307692307 0.8209134615384616 0.18870192307692307 0.09495192307692307
5 0.49158653846153844 0.21995192307692307 0.35216346153846156 0.4206730769230769
7 0.6538461538461539 0.4411057692307692 0.3293269230769231 0.13581730769230768
0 0.6658653846153846 0.5264423076923077 0.234375 0.1201923076923077
0 0.5745192307692307 0.5925480769230769 0.23317307692307693 0.12740384615384615
7 0.8197115384615384 0.6213942307692307 0.18509615384615385 0.08533653846153846
5 0.5985576923076923 0.8257211538461539 0.4182692307692308 0.32572115384615385
12 0.5685096153846154 0.6682692307692307 0.24519230769230768 0.109375
1 0.29086538461538464 0.7644230769230769 0.09254807692307693 0.1466346153846154
4 0.3137019230769231 0.5588942307692307 0.16947115384615385 0.22235576923076922
1 0.3112980769230769 0.40024038461538464 0.0889423076923077 0.13581730769230768
14 0.25961538461538464 0.3942307692307692 0.10216346153846154 0.22956730769230768