7 0.7019230769230769 0.45913461538461536 0.34134615384615385 0.12259615384615384
7 0.7091346153846154 0.5456730769230769 0.3473557692307692 0.125
7 0.6514423076923077 0.6262019230769231 0.3329326923076923 0.17427884615384615
7 0.8786057692307693 0.7103365384615384 0.13942307692307693 0.19230769230769232
8 0.7860576923076923 0.7475961538461539 0.07692307692307693 0.12139423076923077
11 0.7103365384615384 0.8016826923076923 0.12860576923076922 0.12860576923076922
11 0.6141826923076923 0.7235576923076923 0.09495192307692307 0.14302884615384615
11 0.5721153846153846 0.84375 0.1346153846153846 0.12259615384615384
12 0.5516826923076923 0.6923076923076923 0.06850961538461539 0.18509615384615385
12 0.40024038461538464 0.6790865384615384 0.296875 0.18389423076923078
8 0.265625 0.7848557692307693 0.10216346153846154 0.12379807692307693
4 0.3762019230769231 0.8653846153846154 0.23918269230769232 0.23317307692307693
4 0.15985576923076922 0.5697115384615384 0.20552884615384615 0.2608173076923077
9 0.328125 0.5108173076923077 0.1658653846153846 0.19591346153846154
4 0.4579326923076923 0.3918269230769231 0.20673076923076922 0.17908653846153846
4 0.48677884615384615 0.48197115384615385 0.1971153846153846 0.18870192307692307
13 0.65625 0.24759615384615385 0.29447115384615385 0.2608173076923077
13 0.30288461538461536 0.2848557692307692 0.35336538461538464 0.3233173076923077