0 0.2091346153846154 0.3473557692307692 0.19110576923076922 0.22596153846153846
14 0.28125 0.23798076923076922 0.0829326923076923 0.23197115384615385
7 0.35697115384615385 0.24278846153846154 0.09014423076923077 0.33052884615384615
7 0.4675480769230769 0.23076923076923078 0.14903846153846154 0.24639423076923078
7 0.5252403846153846 0.3125 0.15625 0.2403846153846154
10 0.6286057692307693 0.33653846153846156 0.19471153846153846 0.1875
7 0.7548076923076923 0.3293269230769231 0.09615384615384616 0.18509615384615385
7 0.8112980769230769 0.35697115384615385 0.13221153846153846 0.18990384615384615
7 0.8521634615384616 0.48197115384615385 0.18389423076923078 0.16947115384615385
9 0.7776442307692307 0.6021634615384616 0.19230769230769232 0.2127403846153846
11 0.6225961538461539 0.4483173076923077 0.1622596153846154 0.12259615384615384
9 0.6526442307692307 0.6129807692307693 0.12740384615384615 0.21634615384615385
11 0.5240384615384616 0.5060096153846154 0.16346153846153846 0.13942307692307693
9 0.28725961538461536 0.5072115384615384 0.21754807692307693 0.1141826923076923
9 0.4387019230769231 0.5793269230769231 0.15144230769230768 0.15504807692307693
9 0.5348557692307693 0.6310096153846154 0.1502403846153846 0.15144230769230768
14 0.34975961538461536 0.6706730769230769 0.25841346153846156 0.24759615384615385
14 0.18629807692307693 0.7632211538461539 0.25841346153846156 0.265625
9 0.5408653846153846 0.7644230769230769 0.1346153846153846 0.14783653846153846
14 0.7487980769230769 0.8605769230769231 0.24759615384615385 0.25961538461538464