10 0.18269230769230768 0.4891826923076923 0.23076923076923078 0.23918269230769232
9 0.3425480769230769 0.546875 0.1814903846153846 0.12259615384615384
2 0.14182692307692307 0.6838942307692307 0.16346153846153846 0.18870192307692307
0 0.48677884615384615 0.4987980769230769 0.26322115384615385 0.21033653846153846
9 0.6081730769230769 0.2247596153846154 0.19110576923076922 0.15985576923076922
0 0.5673076923076923 0.34375 0.2824519230769231 0.15865384615384615
0 0.7055288461538461 0.36538461538461536 0.28725961538461536 0.15504807692307693
11 0.7019230769230769 0.4831730769230769 0.1346153846153846 0.09254807692307693
11 0.5889423076923077 0.6586538461538461 0.12620192307692307 0.12139423076923077
14 0.6754807692307693 0.8088942307692307 0.23197115384615385 0.23197115384615385
6 0.36899038461538464 0.7512019230769231 0.31850961538461536 0.3894230769230769