4 0.7572115384615384 0.3641826923076923 0.15625 0.22355769230769232
4 0.6177884615384616 0.3786057692307692 0.15384615384615385 0.234375
4 0.7512019230769231 0.5745192307692307 0.25240384615384615 0.22355769230769232
3 0.6466346153846154 0.6802884615384616 0.10817307692307693 0.20072115384615385
3 0.5805288461538461 0.7151442307692307 0.1310096153846154 0.19831730769230768
3 0.49278846153846156 0.7800480769230769 0.17427884615384615 0.11899038461538461
13 0.2536057692307692 0.640625 0.27283653846153844 0.3293269230769231
2 0.4254807692307692 0.6682692307692307 0.15144230769230768 0.16826923076923078
2 0.4411057692307692 0.53125 0.13581730769230768 0.16105769230769232
2 0.5324519230769231 0.5745192307692307 0.16826923076923078 0.15504807692307693
7 0.39663461538461536 0.4387019230769231 0.18389423076923078 0.22956730769230768
7 0.5216346153846154 0.38100961538461536 0.1310096153846154 0.265625