12 0.4326923076923077 0.2091346153846154 0.3161057692307692 0.11538461538461539
12 0.6622596153846154 0.3016826923076923 0.18509615384615385 0.30528846153846156
12 0.38461538461538464 0.40865384615384615 0.3088942307692308 0.17427884615384615
16 0.48677884615384615 0.33653846153846156 0.25721153846153844 0.21875
16 0.8449519230769231 0.36899038461538464 0.21754807692307693 0.25600961538461536
5 0.203125 0.6454326923076923 0.40625 0.4206730769230769
5 0.4987980769230769 0.6538461538461539 0.34375 0.390625
7 0.4579326923076923 0.875 0.24278846153846154 0.12259615384615384
4 0.8173076923076923 0.8076923076923077 0.22956730769230768 0.15384615384615385
4 0.8581730769230769 0.6310096153846154 0.15384615384615385 0.22235576923076922
16 0.7199519230769231 0.5997596153846154 0.18870192307692307 0.2439903846153846