11 0.8653846153846154 0.7127403846153846 0.109375 0.1622596153846154
14 0.7283653846153846 0.8112980769230769 0.265625 0.25
14 0.7680288461538461 0.6358173076923077 0.26802884615384615 0.2620192307692308
14 0.8221153846153846 0.4675480769230769 0.1814903846153846 0.23317307692307693
8 0.5769230769230769 0.8774038461538461 0.11778846153846154 0.10697115384615384
8 0.47836538461538464 0.8497596153846154 0.109375 0.09254807692307693
8 0.3737980769230769 0.859375 0.10216346153846154 0.0829326923076923
11 0.5204326923076923 0.7451923076923077 0.14543269230769232 0.15384615384615385
3 0.3088942307692308 0.7800480769230769 0.19471153846153846 0.09375
3 0.38100961538461536 0.7379807692307693 0.1935096153846154 0.11658653846153846
4 0.6538461538461539 0.5949519230769231 0.14182692307692307 0.14543269230769232
4 0.5192307692307693 0.6298076923076923 0.140625 0.14783653846153846
4 0.37740384615384615 0.6298076923076923 0.14302884615384615 0.14423076923076922
10 0.20552884615384615 0.6538461538461539 0.265625 0.2956730769230769
13 0.6346153846153846 0.40625 0.28725961538461536 0.23918269230769232
13 0.7524038461538461 0.17427884615384615 0.25600961538461536 0.28966346153846156
5 0.48197115384615385 0.31971153846153844 0.43028846153846156 0.5036057692307693
5 0.2848557692307692 0.3016826923076923 0.39903846153846156 0.49158653846153844