5 0.15745192307692307 0.2764423076923077 0.3076923076923077 0.3701923076923077
5 0.3786057692307692 0.36177884615384615 0.41586538461538464 0.4699519230769231
5 0.6069711538461539 0.22235576923076922 0.42427884615384615 0.4230769230769231
10 0.8942307692307693 0.14423076923076922 0.20673076923076922 0.20793269230769232
10 0.8425480769230769 0.35336538461538464 0.20432692307692307 0.20552884615384615
16 0.10817307692307693 0.4879807692307692 0.21634615384615385 0.2644230769230769
5 0.2403846153846154 0.6346153846153846 0.38461538461538464 0.4026442307692308
5 0.6045673076923077 0.49759615384615385 0.4206730769230769 0.5132211538461539
16 0.8617788461538461 0.5733173076923077 0.27403846153846156 0.3112980769230769
10 0.4411057692307692 0.6814903846153846 0.19951923076923078 0.19831730769230768
7 0.18870192307692307 0.7800480769230769 0.18509615384615385 0.18990384615384615
7 0.4362980769230769 0.8040865384615384 0.19230769230769232 0.13581730769230768
3 0.31971153846153844 0.875 0.20072115384615385 0.0829326923076923
16 0.6454326923076923 0.765625 0.2848557692307692 0.3245192307692308
16 0.7800480769230769 0.8293269230769231 0.28725961538461536 0.3245192307692308