13 0.28725961538461536 0.22235576923076922 0.296875 0.203125
13 0.5480769230769231 0.28365384615384615 0.20673076923076922 0.2824519230769231
13 0.7403846153846154 0.33774038461538464 0.234375 0.2920673076923077
14 0.28125 0.3954326923076923 0.22716346153846154 0.18389423076923078
14 0.1310096153846154 0.4651442307692308 0.11899038461538461 0.1778846153846154
16 0.41225961538461536 0.3942307692307692 0.11177884615384616 0.12259615384615384
16 0.34615384615384615 0.47596153846153844 0.10697115384615384 0.08052884615384616
11 0.5432692307692307 0.4855769230769231 0.15625 0.109375
11 0.16826923076923078 0.6069711538461539 0.1658653846153846 0.11177884615384616
15 0.3942307692307692 0.6418269230769231 0.19471153846153846 0.17548076923076922
14 0.8112980769230769 0.5637019230769231 0.2548076923076923 0.109375
10 0.6213942307692307 0.7079326923076923 0.20552884615384615 0.21033653846153846
10 0.11538461538461539 0.7776442307692307 0.22956730769230768 0.22716346153846154
10 0.2956730769230769 0.8930288461538461 0.203125 0.2127403846153846
15 0.4963942307692308 0.8545673076923077 0.18269230769230768 0.1502403846153846
5 0.7788461538461539 0.8161057692307693 0.3173076923076923 0.29086538461538464