9 0.3581730769230769 0.3545673076923077 0.16105769230769232 0.21634615384615385
9 0.47115384615384615 0.34615384615384615 0.13701923076923078 0.20552884615384615
9 0.6021634615384616 0.3557692307692308 0.17067307692307693 0.22596153846153846
14 0.3317307692307692 0.5661057692307693 0.16947115384615385 0.19951923076923078
14 0.47475961538461536 0.5612980769230769 0.16466346153846154 0.1814903846153846
12 0.5721153846153846 0.5504807692307693 0.08653846153846154 0.125
12 0.6322115384615384 0.5360576923076923 0.07091346153846154 0.13341346153846154
12 0.6887019230769231 0.53125 0.0733173076923077 0.1346153846153846
9 0.8052884615384616 0.5516826923076923 0.20552884615384615 0.20072115384615385
3 0.3245192307692308 0.7788461538461539 0.12379807692307693 0.19951923076923078
3 0.4050480769230769 0.7439903846153846 0.1045673076923077 0.20552884615384615
3 0.5108173076923077 0.7391826923076923 0.08413461538461539 0.18509615384615385
3 0.5853365384615384 0.7259615384615384 0.08052884615384616 0.2127403846153846
3 0.6634615384615384 0.7259615384615384 0.1045673076923077 0.21033653846153846