11 0.8521634615384616 0.42908653846153844 0.12860576923076922 0.13341346153846154
11 0.8221153846153846 0.5108173076923077 0.13341346153846154 0.1346153846153846
11 0.9182692307692307 0.6634615384615384 0.1141826923076923 0.140625
7 0.7379807692307693 0.5913461538461539 0.171875 0.328125
7 0.8689903846153846 0.7608173076923077 0.12379807692307693 0.34615384615384615
3 0.9411057692307693 0.8269230769230769 0.06971153846153846 0.21394230769230768
7 0.7475961538461539 0.7800480769230769 0.21394230769230768 0.3173076923076923
12 0.6514423076923077 0.7331730769230769 0.11778846153846154 0.16706730769230768
12 0.7391826923076923 0.8798076923076923 0.11538461538461539 0.16346153846153846
12 0.6057692307692307 0.8112980769230769 0.109375 0.3173076923076923
0 0.546875 0.7151442307692307 0.12259615384615384 0.25
12 0.2439903846153846 0.6850961538461539 0.2920673076923077 0.19110576923076922
6 0.4170673076923077 0.7944711538461539 0.28725961538461536 0.36899038461538464
6 0.33052884615384615 0.5420673076923077 0.35336538461538464 0.27163461538461536
13 0.3858173076923077 0.35216346153846156 0.359375 0.2860576923076923
13 0.6370192307692307 0.2956730769230769 0.2704326923076923 0.3473557692307692