14 0.9086538461538461 0.6838942307692307 0.18269230769230768 0.19471153846153846
14 0.9290865384615384 0.8076923076923077 0.14182692307692307 0.171875
10 0.8161057692307693 0.47716346153846156 0.25240384615384615 0.26322115384615385
4 0.8293269230769231 0.28846153846153844 0.22235576923076922 0.12980769230769232
4 0.5829326923076923 0.4026442307692308 0.24759615384615385 0.22956730769230768
10 0.49278846153846156 0.27403846153846156 0.25600961538461536 0.2956730769230769
14 0.35336538461538464 0.20192307692307693 0.23557692307692307 0.2692307692307692
14 0.5757211538461539 0.6225961538461539 0.25721153846153844 0.2848557692307692
10 0.7271634615384616 0.7920673076923077 0.29086538461538464 0.3088942307692308
1 0.20072115384615385 0.13701923076923078 0.14182692307692307 0.15264423076923078
3 0.19591346153846154 0.27524038461538464 0.10697115384615384 0.19471153846153846
2 0.25961538461538464 0.39783653846153844 0.15985576923076922 0.171875
1 0.3762019230769231 0.43990384615384615 0.057692307692307696 0.18629807692307693
3 0.3161057692307692 0.5492788461538461 0.18509615384615385 0.06370192307692307
3 0.38822115384615385 0.6033653846153846 0.17307692307692307 0.07091346153846154
1 0.43990384615384615 0.703125 0.14423076923076922 0.15985576923076922
2 0.2848557692307692 0.7331730769230769 0.15384615384615385 0.171875
11 0.11057692307692307 0.5685096153846154 0.18028846153846154 0.15745192307692307
1 0.11899038461538461 0.3737980769230769 0.12259615384615384 0.23317307692307693