15 0.6237980769230769 0.19591346153846154 0.3641826923076923 0.3016826923076923
3 0.7175480769230769 0.5 0.07211538461538461 0.20432692307692307
15 0.7596153846153846 0.6899038461538461 0.34375 0.22716346153846154
2 0.5492788461538461 0.5132211538461539 0.12259615384615384 0.16826923076923078
7 0.42427884615384615 0.6490384615384616 0.17307692307692307 0.13822115384615385
2 0.5240384615384616 0.7127403846153846 0.18990384615384615 0.16947115384615385
15 0.5817307692307693 0.859375 0.3389423076923077 0.20072115384615385
7 0.18629807692307693 0.7475961538461539 0.1814903846153846 0.11899038461538461
3 0.24278846153846154 0.8509615384615384 0.20192307692307693 0.13581730769230768
16 0.3798076923076923 0.46634615384615385 0.22355769230769232 0.24879807692307693
16 0.16826923076923078 0.6225961538461539 0.25600961538461536 0.15384615384615385
2 0.20072115384615385 0.47475961538461536 0.13581730769230768 0.16706730769230768
16 0.2512019230769231 0.27884615384615385 0.22596153846153846 0.25721153846153844