13 0.4182692307692308 0.12980769230769232 0.2860576923076923 0.2247596153846154
5 0.7115384615384616 0.3293269230769231 0.4795673076923077 0.4483173076923077
13 0.42788461538461536 0.4639423076923077 0.25961538461538464 0.3161057692307692
4 0.26322115384615385 0.4375 0.15144230769230768 0.15625
6 0.45072115384615385 0.6358173076923077 0.2860576923076923 0.21634615384615385
6 0.32091346153846156 0.6862980769230769 0.24879807692307693 0.30528846153846156
4 0.15264423076923078 0.7283653846153846 0.19591346153846154 0.24519230769230768
8 0.7127403846153846 0.8461538461538461 0.11778846153846154 0.11057692307692307
8 0.8173076923076923 0.7788461538461539 0.10336538461538461 0.08173076923076923
4 0.7932692307692307 0.7163461538461539 0.1310096153846154 0.11057692307692307
4 0.7704326923076923 0.5841346153846154 0.2536057692307692 0.1935096153846154
4 0.6370192307692307 0.49278846153846156 0.09134615384615384 0.09975961538461539