4 0.8617788461538461 0.24879807692307693 0.14182692307692307 0.22355769230769232
2 0.7764423076923077 0.5360576923076923 0.19230769230769232 0.1622596153846154
14 0.8197115384615384 0.5997596153846154 0.18028846153846154 0.15144230769230768
8 0.703125 0.6971153846153846 0.11899038461538461 0.11298076923076923
10 0.5745192307692307 0.609375 0.2403846153846154 0.21394230769230768
1 0.8293269230769231 0.8088942307692307 0.2403846153846154 0.21033653846153846
6 0.5985576923076923 0.38461538461538464 0.2824519230769231 0.26802884615384615
5 0.2512019230769231 0.27403846153846156 0.3713942307692308 0.41225961538461536
4 0.7391826923076923 0.17067307692307693 0.13822115384615385 0.21514423076923078
4 0.7427884615384616 0.3088942307692308 0.16466346153846154 0.2403846153846154
6 0.5300480769230769 0.20793269230769232 0.2956730769230769 0.3173076923076923
6 0.39903846153846156 0.4579326923076923 0.25841346153846156 0.3112980769230769
5 0.2536057692307692 0.6009615384615384 0.3137019230769231 0.46634615384615385
10 0.40625 0.71875 0.2512019230769231 0.23317307692307693
10 0.5552884615384616 0.8413461538461539 0.3004807692307692 0.27403846153846156
1 0.7944711538461539 0.7175480769230769 0.24278846153846154 0.18990384615384615