10 0.625 0.171875 0.203125 0.20072115384615385
6 0.5060096153846154 0.41586538461538464 0.32572115384615385 0.36899038461538464
9 0.3293269230769231 0.453125 0.13822115384615385 0.18870192307692307
1 0.18870192307692307 0.3329326923076923 0.09615384615384616 0.1814903846153846
11 0.0985576923076923 0.46033653846153844 0.140625 0.13221153846153846
12 0.15504807692307693 0.6730769230769231 0.11298076923076923 0.3173076923076923
1 0.109375 0.84375 0.1310096153846154 0.171875
1 0.2620192307692308 0.7680288461538461 0.1346153846153846 0.17067307692307693
12 0.40384615384615385 0.8305288461538461 0.3016826923076923 0.171875
14 0.4963942307692308 0.9314903846153846 0.1814903846153846 0.13701923076923078
14 0.6826923076923077 0.7884615384615384 0.24278846153846154 0.26802884615384615
10 0.8942307692307693 0.7776442307692307 0.20432692307692307 0.20552884615384615
9 0.8209134615384616 0.59375 0.12980769230769232 0.18629807692307693
7 0.703125 0.5913461538461539 0.1201923076923077 0.17307692307692307
7 0.5841346153846154 0.6358173076923077 0.11057692307692307 0.17548076923076922
14 0.43149038461538464 0.6887019230769231 0.25240384615384615 0.21995192307692307
4 0.23677884615384615 0.5853365384615384 0.15985576923076922 0.23317307692307693
9 0.7199519230769231 0.42427884615384615 0.13581730769230768 0.1875