4 0.8894230769230769 0.2956730769230769 0.22115384615384615 0.2548076923076923
6 0.7259615384615384 0.31971153846153844 0.25841346153846156 0.3293269230769231
6 0.8401442307692307 0.515625 0.30528846153846156 0.21153846153846154
6 0.484375 0.27403846153846156 0.23197115384615385 0.3004807692307692
6 0.3317307692307692 0.28846153846153844 0.22956730769230768 0.31490384615384615
6 0.15745192307692307 0.28846153846153844 0.20432692307692307 0.2980769230769231
0 0.5588942307692307 0.4182692307692308 0.1971153846153846 0.25961538461538464
0 0.6165865384615384 0.5024038461538461 0.23076923076923078 0.23557692307692307
2 0.4206730769230769 0.47836538461538464 0.109375 0.09014423076923077
4 0.3762019230769231 0.5612980769230769 0.23197115384615385 0.16706730769230768
4 0.1502403846153846 0.4951923076923077 0.23197115384615385 0.14543269230769232
4 0.17548076923076922 0.6682692307692307 0.19591346153846154 0.24158653846153846
4 0.7944711538461539 0.6802884615384616 0.234375 0.16826923076923078
4 0.5733173076923077 0.6923076923076923 0.21634615384615385 0.17067307692307693
4 0.3545673076923077 0.7019230769230769 0.22716346153846154 0.15504807692307693
0 0.6983173076923077 0.8016826923076923 0.17067307692307693 0.1045673076923077
0 0.49399038461538464 0.9098557692307693 0.17307692307692307 0.10817307692307693
0 0.4074519230769231 0.8137019230769231 0.28365384615384615 0.08774038461538461
6 0.1875 0.8653846153846154 0.30288461538461536 0.20793269230769232