14 0.8269230769230769 0.4074519230769231 0.19471153846153846 0.2283653846153846
14 0.7283653846153846 0.3088942307692308 0.18028846153846154 0.2247596153846154
14 0.6850961538461539 0.47836538461538464 0.16706730769230768 0.1971153846153846
15 0.8581730769230769 0.5612980769230769 0.21634615384615385 0.17668269230769232
15 0.8353365384615384 0.7584134615384616 0.18629807692307693 0.18990384615384615
9 0.6947115384615384 0.6850961538461539 0.10576923076923077 0.21514423076923078
10 0.546875 0.31971153846153844 0.2127403846153846 0.2091346153846154
10 0.34615384615384615 0.41225961538461536 0.23317307692307693 0.20673076923076922
4 0.5685096153846154 0.5240384615384616 0.17668269230769232 0.18629807692307693
4 0.5024038461538461 0.6009615384615384 0.17668269230769232 0.17548076923076922
14 0.3389423076923077 0.6814903846153846 0.17307692307692307 0.2127403846153846
14 0.4483173076923077 0.7295673076923077 0.17067307692307693 0.19951923076923078
14 0.5697115384615384 0.7536057692307693 0.1466346153846154 0.20793269230769232