16 0.359375 0.31009615384615385 0.21514423076923078 0.1778846153846154
4 0.5721153846153846 0.3317307692307692 0.14302884615384615 0.15384615384615385
4 0.7079326923076923 0.36177884615384615 0.14543269230769232 0.15264423076923078
13 0.2608173076923077 0.484375 0.2848557692307692 0.3088942307692308
7 0.4987980769230769 0.46033653846153844 0.16706730769230768 0.11899038461538461
7 0.5564903846153846 0.5276442307692307 0.171875 0.12139423076923077
2 0.5805288461538461 0.6153846153846154 0.09254807692307693 0.11778846153846154
2 0.6514423076923077 0.6021634615384616 0.08533653846153846 0.11298076923076923
10 0.7536057692307693 0.515625 0.23677884615384615 0.27403846153846156
14 0.48677884615384615 0.6189903846153846 0.15384615384615385 0.22115384615384615
14 0.40384615384615385 0.5901442307692307 0.14543269230769232 0.22596153846153846
13 0.30649038461538464 0.7524038461538461 0.3317307692307692 0.31850961538461536
11 0.7908653846153846 0.6538461538461539 0.13942307692307693 0.09975961538461539
11 0.6286057692307693 0.6983173076923077 0.1310096153846154 0.1045673076923077
3 0.49399038461538464 0.7836538461538461 0.18629807692307693 0.12620192307692307
3 0.6790865384615384 0.7752403846153846 0.19230769230769232 0.13942307692307693
3 0.8401442307692307 0.7740384615384616 0.1658653846153846 0.18389423076923078
14 0.5084134615384616 0.8786057692307693 0.18389423076923078 0.19110576923076922