1 0.11538461538461539 0.25961538461538464 0.140625 0.203125
1 0.17668269230769232 0.4543269230769231 0.12740384615384615 0.1875
7 0.2620192307692308 0.5504807692307693 0.1045673076923077 0.16466346153846154
13 0.3088942307692308 0.24158653846153846 0.2776442307692308 0.3173076923076923
16 0.5144230769230769 0.22596153846153846 0.18389423076923078 0.25
13 0.6838942307692307 0.19230769230769232 0.28725961538461536 0.3161057692307692
7 0.34615384615384615 0.5204326923076923 0.11057692307692307 0.16706730769230768
7 0.4543269230769231 0.5396634615384616 0.14423076923076922 0.16706730769230768
14 0.5504807692307693 0.45552884615384615 0.18269230769230768 0.2091346153846154
14 0.6971153846153846 0.4338942307692308 0.17908653846153846 0.20432692307692307
14 0.8161057692307693 0.35697115384615385 0.15144230769230768 0.18990384615384615
6 0.2620192307692308 0.8052884615384616 0.27884615384615385 0.35216346153846156
16 0.390625 0.7103365384615384 0.0829326923076923 0.109375
16 0.4326923076923077 0.8569711538461539 0.09495192307692307 0.11658653846153846
7 0.5697115384615384 0.7415865384615384 0.28125 0.25
0 0.6502403846153846 0.6814903846153846 0.20432692307692307 0.21033653846153846
16 0.7439903846153846 0.6670673076923077 0.12139423076923077 0.11899038461538461