10 0.32572115384615385 0.25841346153846156 0.16105769230769232 0.16466346153846154
4 0.515625 0.30408653846153844 0.18629807692307693 0.234375
7 0.6153846153846154 0.28966346153846156 0.10576923076923077 0.18269230769230768
14 0.6971153846153846 0.35697115384615385 0.07091346153846154 0.234375
7 0.7740384615384616 0.2644230769230769 0.10096153846153846 0.18269230769230768
5 0.39302884615384615 0.4098557692307692 0.296875 0.1935096153846154
8 0.5877403846153846 0.453125 0.10336538461538461 0.06610576923076923
5 0.2512019230769231 0.5745192307692307 0.2848557692307692 0.3076923076923077
10 0.39903846153846156 0.5661057692307693 0.1622596153846154 0.171875
14 0.4807692307692308 0.6141826923076923 0.078125 0.234375
5 0.6177884615384616 0.5865384615384616 0.2548076923076923 0.20192307692307693
6 0.7884615384615384 0.5180288461538461 0.32211538461538464 0.3112980769230769
7 0.6694711538461539 0.6911057692307693 0.1935096153846154 0.1141826923076923
4 0.6442307692307693 0.8088942307692307 0.24759615384615385 0.1814903846153846