2 0.5649038461538461 0.32572115384615385 0.09735576923076923 0.15144230769230768
2 0.47836538461538464 0.3641826923076923 0.09495192307692307 0.14903846153846154
2 0.3701923076923077 0.5096153846153846 0.11899038461538461 0.16466346153846154
16 0.24158653846153846 0.40625 0.25961538461538464 0.17668269230769232
14 0.7079326923076923 0.33533653846153844 0.18870192307692307 0.2091346153846154
14 0.6262019230769231 0.49759615384615385 0.17067307692307693 0.19951923076923078
16 0.8125 0.4230769230769231 0.109375 0.12259615384615384
16 0.7379807692307693 0.5108173076923077 0.12980769230769232 0.125
16 0.8016826923076923 0.5757211538461539 0.125 0.109375
4 0.6237980769230769 0.6514423076923077 0.18269230769230768 0.15504807692307693
4 0.4579326923076923 0.71875 0.14783653846153846 0.22956730769230768
4 0.3245192307692308 0.6862980769230769 0.15745192307692307 0.22115384615384615
3 0.6213942307692307 0.7704326923076923 0.15384615384615385 0.19230769230769232