16 0.8052884615384616 0.5276442307692307 0.12379807692307693 0.10576923076923077
16 0.7451923076923077 0.6009615384615384 0.12620192307692307 0.12379807692307693
14 0.6947115384615384 0.4543269230769231 0.1814903846153846 0.18990384615384615
7 0.578125 0.6754807692307693 0.21514423076923078 0.3076923076923077
7 0.49158653846153844 0.5516826923076923 0.171875 0.31971153846153844
0 0.41586538461538464 0.5300480769230769 0.09975961538461539 0.18389423076923078
16 0.4014423076923077 0.7211538461538461 0.12740384615384615 0.11658653846153846
16 0.7091346153846154 0.7451923076923077 0.16826923076923078 0.21875
12 0.5889423076923077 0.4651442307692308 0.0829326923076923 0.21754807692307693
16 0.49278846153846156 0.3269230769230769 0.2127403846153846 0.18269230769230768
16 0.28846153846153844 0.5625 0.15504807692307693 0.20552884615384615
15 0.35216346153846156 0.7415865384615384 0.3112980769230769 0.21754807692307693