4 0.4483173076923077 0.2512019230769231 0.22956730769230768 0.15865384615384615
4 0.6646634615384616 0.2439903846153846 0.22596153846153846 0.1814903846153846
4 0.27884615384615385 0.41346153846153844 0.16826923076923078 0.24278846153846154
14 0.46274038461538464 0.4026442307692308 0.23677884615384615 0.19471153846153846
14 0.6514423076923077 0.41947115384615385 0.22956730769230768 0.21033653846153846
14 0.8665865384615384 0.4182692307692308 0.203125 0.265625
16 0.28365384615384615 0.6442307692307693 0.20432692307692307 0.21394230769230768
11 0.5060096153846154 0.625 0.15985576923076922 0.12139423076923077
11 0.6598557692307693 0.5492788461538461 0.1658653846153846 0.12139423076923077
11 0.7980769230769231 0.5997596153846154 0.17548076923076922 0.12860576923076922
4 0.4170673076923077 0.7932692307692307 0.2692307692307692 0.21995192307692307
8 0.6334134615384616 0.6358173076923077 0.11298076923076923 0.08774038461538461
8 0.7776442307692307 0.6706730769230769 0.11778846153846154 0.10096153846153846
8 0.6959134615384616 0.7920673076923077 0.12980769230769232 0.11658653846153846
8 0.6141826923076923 0.7427884615384616 0.11298076923076923 0.12620192307692307
2 0.43509615384615385 0.5120192307692307 0.18269230769230768 0.1502403846153846