16 0.5372596153846154 0.2247596153846154 0.2247596153846154 0.17427884615384615
16 0.8016826923076923 0.25841346153846156 0.25600961538461536 0.21514423076923078
11 0.7536057692307693 0.4110576923076923 0.22596153846153846 0.10336538461538461
11 0.7572115384615384 0.5108173076923077 0.20432692307692307 0.09615384615384616
11 0.9206730769230769 0.4795673076923077 0.11177884615384616 0.1935096153846154
8 0.8125 0.5661057692307693 0.13341346153846154 0.06129807692307692
8 0.7175480769230769 0.5865384615384616 0.12379807692307693 0.08533653846153846
8 0.609375 0.5913461538461539 0.11658653846153846 0.07572115384615384
2 0.5733173076923077 0.40384615384615385 0.19110576923076922 0.19471153846153846
2 0.39903846153846156 0.39903846153846156 0.20072115384615385 0.14783653846153846
11 0.39663461538461536 0.4891826923076923 0.140625 0.09014423076923077
11 0.5228365384615384 0.5144230769230769 0.15264423076923078 0.12980769230769232
11 0.4495192307692308 0.5841346153846154 0.14543269230769232 0.09735576923076923
6 0.7584134615384616 0.7067307692307693 0.3557692307692308 0.22115384615384615
8 0.7319711538461539 0.8485576923076923 0.1346153846153846 0.11778846153846154
6 0.5096153846153846 0.7572115384615384 0.3161057692307692 0.3245192307692308
4 0.3762019230769231 0.8269230769230769 0.2127403846153846 0.18629807692307693
6 0.2764423076923077 0.6310096153846154 0.30408653846153844 0.3629807692307692
16 0.23076923076923078 0.3233173076923077 0.3076923076923077 0.3112980769230769