4 0.390625 0.6875 0.19831730769230768 0.24759615384615385
4 0.6574519230769231 0.6995192307692307 0.22355769230769232 0.23798076923076922
2 0.7680288461538461 0.48197115384615385 0.109375 0.16105769230769232
2 0.6514423076923077 0.42427884615384615 0.16466346153846154 0.12139423076923077
10 0.7824519230769231 0.25 0.20432692307692307 0.20192307692307693
10 0.8954326923076923 0.5721153846153846 0.20432692307692307 0.19951923076923078
12 0.5396634615384616 0.28365384615384615 0.15985576923076922 0.15264423076923078
12 0.4795673076923077 0.4735576923076923 0.11298076923076923 0.17668269230769232
12 0.3401442307692308 0.5853365384615384 0.11899038461538461 0.1814903846153846
15 0.3545673076923077 0.4735576923076923 0.125 0.09735576923076923
15 0.5480769230769231 0.5480769230769231 0.13581730769230768 0.08173076923076923
3 0.453125 0.27163461538461536 0.16105769230769232 0.14543269230769232
3 0.30528846153846156 0.3449519230769231 0.14182692307692307 0.16105769230769232
1 0.34615384615384615 0.4026442307692308 0.11538461538461539 0.1622596153846154
3 0.5877403846153846 0.4855769230769231 0.18629807692307693 0.08052884615384616
1 0.5480769230769231 0.6033653846153846 0.17548076923076922 0.23918269230769232
10 0.7800480769230769 0.7764423076923077 0.28846153846153844 0.27524038461538464