6 0.6514423076923077 0.27163461538461536 0.30408653846153844 0.36658653846153844
6 0.453125 0.3004807692307692 0.2800480769230769 0.3485576923076923
6 0.23317307692307693 0.33052884615384615 0.24519230769230768 0.3870192307692308
9 0.8942307692307693 0.5408653846153846 0.14423076923076922 0.22716346153846154
9 0.7680288461538461 0.5540865384615384 0.12980769230769232 0.21394230769230768
9 0.6502403846153846 0.5324519230769231 0.13221153846153846 0.22235576923076922
12 0.6826923076923077 0.7055288461538461 0.12860576923076922 0.09134615384615384
1 0.5456730769230769 0.6033653846153846 0.16105769230769232 0.23197115384615385
1 0.5024038461538461 0.7295673076923077 0.1466346153846154 0.24278846153846154
3 0.42427884615384615 0.5528846153846154 0.0889423076923077 0.18870192307692307
3 0.328125 0.5216346153846154 0.09735576923076923 0.17427884615384615
3 0.23557692307692307 0.5552884615384616 0.1141826923076923 0.1814903846153846
4 0.33052884615384615 0.6875 0.13581730769230768 0.19230769230769232
4 0.20072115384615385 0.7199519230769231 0.14302884615384615 0.1466346153846154
4 0.3737980769230769 0.7800480769230769 0.14182692307692307 0.1778846153846154