7 0.7439903846153846 0.8233173076923077 0.25240384615384615 0.1201923076923077
15 0.5889423076923077 0.7463942307692307 0.30649038461538464 0.31009615384615385
15 0.4411057692307692 0.6899038461538461 0.21875 0.296875
4 0.8617788461538461 0.6177884615384616 0.23798076923076922 0.15504807692307693
16 0.8269230769230769 0.45552884615384615 0.24158653846153846 0.17067307692307693
4 0.6730769230769231 0.53125 0.22956730769230768 0.2091346153846154
4 0.5540865384615384 0.4483173076923077 0.15865384615384615 0.2403846153846154
16 0.24879807692307693 0.7019230769230769 0.24158653846153846 0.1778846153846154
6 0.3762019230769231 0.4735576923076923 0.2668269230769231 0.21634615384615385
13 0.30528846153846156 0.4519230769230769 0.3605769230769231 0.3389423076923077
13 0.47836538461538464 0.23798076923076922 0.265625 0.31009615384615385
13 0.22596153846153846 0.2644230769230769 0.265625 0.3112980769230769
16 0.6478365384615384 0.25 0.17668269230769232 0.25721153846153844
16 0.7908653846153846 0.2608173076923077 0.18629807692307693 0.25