16 0.6141826923076923 0.7920673076923077 0.11658653846153846 0.13942307692307693
16 0.7908653846153846 0.6177884615384616 0.09375 0.1310096153846154
16 0.6262019230769231 0.6706730769230769 0.12379807692307693 0.09254807692307693
5 0.3245192307692308 0.8016826923076923 0.39302884615384615 0.3016826923076923
0 0.7163461538461539 0.6310096153846154 0.10697115384615384 0.1778846153846154
11 0.6033653846153846 0.5661057692307693 0.1346153846153846 0.16346153846153846
7 0.4411057692307692 0.5925480769230769 0.2824519230769231 0.2247596153846154
6 0.2512019230769231 0.5144230769230769 0.3173076923076923 0.33533653846153844
6 0.33052884615384615 0.28725961538461536 0.3401442307692308 0.3401442307692308
6 0.5480769230769231 0.21995192307692307 0.3425480769230769 0.33774038461538464
2 0.46634615384615385 0.4735576923076923 0.16706730769230768 0.18389423076923078
2 0.5709134615384616 0.42788461538461536 0.18509615384615385 0.1971153846153846
16 0.7175480769230769 0.42908653846153844 0.22956730769230768 0.24879807692307693
9 0.7572115384615384 0.23076923076923078 0.21153846153846154 0.21394230769230768
9 0.8449519230769231 0.36658653846153844 0.21875 0.18629807692307693