16 0.8629807692307693 0.43509615384615385 0.19230769230769232 0.21995192307692307
16 0.5637019230769231 0.28966346153846156 0.2403846153846154 0.21875
16 0.6766826923076923 0.453125 0.1658653846153846 0.2548076923076923
9 0.8401442307692307 0.6983173076923077 0.12740384615384615 0.21875
9 0.7319711538461539 0.6935096153846154 0.14783653846153846 0.2283653846153846
4 0.5637019230769231 0.6706730769230769 0.23677884615384615 0.17668269230769232
4 0.3401442307692308 0.65625 0.23677884615384615 0.16466346153846154
13 0.296875 0.8365384615384616 0.40024038461538464 0.3245192307692308
10 0.5444711538461539 0.8581730769230769 0.22355769230769232 0.18870192307692307
10 0.7560096153846154 0.875 0.2403846153846154 0.20793269230769232
15 0.4375 0.45072115384615385 0.11298076923076923 0.15985576923076922
2 0.3545673076923077 0.43149038461538464 0.11538461538461539 0.15985576923076922
15 0.25 0.5240384615384616 0.11658653846153846 0.16105769230769232
14 0.09254807692307693 0.5552884615384616 0.14423076923076922 0.2091346153846154
9 0.23677884615384615 0.4326923076923077 0.17908653846153846 0.2247596153846154
13 0.203125 0.25 0.2956730769230769 0.24158653846153846
16 0.3858173076923077 0.16947115384615385 0.17908653846153846 0.25