15 0.7487980769230769 0.6069711538461539 0.13822115384615385 0.08173076923076923
0 0.1875 0.38100961538461536 0.19591346153846154 0.27163461538461536
7 0.26802884615384615 0.5504807692307693 0.25600961538461536 0.21754807692307693
9 0.4375 0.7283653846153846 0.18990384615384615 0.19951923076923078
2 0.5204326923076923 0.8485576923076923 0.1658653846153846 0.12860576923076922
10 0.7283653846153846 0.875 0.26802884615384615 0.19591346153846154
16 0.6802884615384616 0.7415865384615384 0.2932692307692308 0.19110576923076922
4 0.2932692307692308 0.13701923076923078 0.23317307692307693 0.27403846153846156
2 0.13221153846153846 0.49038461538461536 0.15504807692307693 0.16346153846153846
2 0.5564903846153846 0.6021634615384616 0.13221153846153846 0.1466346153846154
9 0.6081730769230769 0.2127403846153846 0.15985576923076922 0.22596153846153846
9 0.6682692307692307 0.3137019230769231 0.1935096153846154 0.20192307692307693
16 0.41947115384615385 0.3557692307692308 0.26802884615384615 0.2536057692307692
16 0.7548076923076923 0.3954326923076923 0.2776442307692308 0.2920673076923077
0 0.46033653846153844 0.47475961538461536 0.22956730769230768 0.24278846153846154
7 0.5072115384615384 0.5336538461538461 0.1971153846153846 0.20552884615384615
4 0.35216346153846156 0.6526442307692307 0.27403846153846156 0.10697115384615384
14 0.3245192307692308 0.7548076923076923 0.18990384615384615 0.12139423076923077
15 0.1310096153846154 0.7391826923076923 0.10216346153846154 0.10697115384615384
15 0.30649038461538464 0.8641826923076923 0.125 0.0985576923076923