1 0.30408653846153844 0.3954326923076923 0.07091346153846154 0.1346153846153846
4 0.453125 0.2536057692307692 0.2692307692307692 0.25240384615384615
14 0.6454326923076923 0.31850961538461536 0.20192307692307693 0.16826923076923078
15 0.36658653846153844 0.41346153846153844 0.10576923076923077 0.12139423076923077
14 0.3954326923076923 0.4855769230769231 0.18028846153846154 0.18028846153846154
14 0.47475961538461536 0.5444711538461539 0.12259615384615384 0.18028846153846154
1 0.5709134615384616 0.39663461538461536 0.10096153846153846 0.1466346153846154
1 0.6262019230769231 0.46033653846153844 0.0625 0.1466346153846154
1 0.6911057692307693 0.41947115384615385 0.09495192307692307 0.14903846153846154
0 0.5625 0.5348557692307693 0.14182692307692307 0.2800480769230769
0 0.7259615384615384 0.49038461538461536 0.0985576923076923 0.30288461538461536
1 0.671875 0.6670673076923077 0.14182692307692307 0.07692307692307693
8 0.6887019230769231 0.7415865384615384 0.14302884615384615 0.11778846153846154