13 0.6826923076923077 0.1346153846153846 0.30408653846153844 0.2536057692307692
13 0.28365384615384615 0.24158653846153846 0.33413461538461536 0.3137019230769231
13 0.7512019230769231 0.390625 0.2403846153846154 0.328125
13 0.5228365384615384 0.37740384615384615 0.22596153846153846 0.2956730769230769
13 0.5721153846153846 0.5925480769230769 0.2980769230769231 0.22716346153846154
3 0.32091346153846156 0.41947115384615385 0.11658653846153846 0.18629807692307693
7 0.20793269230769232 0.39663461538461536 0.16706730769230768 0.17548076923076922
2 0.3713942307692308 0.5024038461538461 0.09975961538461539 0.15144230769230768
3 0.8052884615384616 0.6382211538461539 0.109375 0.18509615384615385
14 0.1346153846153846 0.5024038461538461 0.2283653846153846 0.18629807692307693
14 0.125 0.6790865384615384 0.21033653846153846 0.18269230769230768
13 0.2956730769230769 0.6670673076923077 0.31009615384615385 0.3629807692307692
4 0.8137019230769231 0.8653846153846154 0.19831730769230768 0.23197115384615385
4 0.6730769230769231 0.7908653846153846 0.21754807692307693 0.2127403846153846
9 0.5961538461538461 0.8930288461538461 0.18629807692307693 0.14903846153846154
9 0.16466346153846154 0.8918269230769231 0.1814903846153846 0.12259615384615384
13 0.44591346153846156 0.8137019230769231 0.32091346153846156 0.34615384615384615