13 0.6334134615384616 0.21634615384615385 0.328125 0.359375
13 0.8329326923076923 0.4326923076923077 0.33413461538461536 0.3557692307692308
14 0.7271634615384616 0.7824519230769231 0.24519230769230768 0.24278846153846154
0 0.5492788461538461 0.6081730769230769 0.16105769230769232 0.23677884615384615
0 0.5673076923076923 0.7860576923076923 0.16826923076923078 0.2403846153846154
3 0.38822115384615385 0.5300480769230769 0.1814903846153846 0.18870192307692307
16 0.5012019230769231 0.4026442307692308 0.12860576923076922 0.11298076923076923
16 0.38341346153846156 0.41346153846153844 0.1201923076923077 0.052884615384615384
16 0.1466346153846154 0.5492788461538461 0.11538461538461539 0.12139423076923077
2 0.32572115384615385 0.6730769230769231 0.16706730769230768 0.11538461538461539
2 0.36899038461538464 0.7860576923076923 0.1201923076923077 0.16466346153846154
14 0.23557692307692307 0.8209134615384616 0.24519230769230768 0.25
1 0.08052884615384616 0.59375 0.1045673076923077 0.12259615384615384
13 0.234375 0.3293269230769231 0.36658653846153844 0.30288461538461536