9 0.17067307692307693 0.17067307692307693 0.13942307692307693 0.13942307692307693
9 0.2512019230769231 0.27524038461538464 0.15504807692307693 0.15504807692307693
9 0.38221153846153844 0.21153846153846154 0.21153846153846154 0.1141826923076923
12 0.3894230769230769 0.4230769230769231 0.27524038461538464 0.20793269230769232
7 0.609375 0.2548076923076923 0.1045673076923077 0.16346153846153846
7 0.18870192307692307 0.5661057692307693 0.17307692307692307 0.13341346153846154
14 0.22716346153846154 0.6370192307692307 0.20552884615384615 0.18629807692307693
2 0.2764423076923077 0.7427884615384616 0.16706730769230768 0.14423076923076922
2 0.7163461538461539 0.5408653846153846 0.09615384615384616 0.1502403846153846
5 0.41586538461538464 0.6370192307692307 0.24278846153846154 0.3112980769230769
5 0.6490384615384616 0.7788461538461539 0.28846153846153844 0.3173076923076923
14 0.7932692307692307 0.6911057692307693 0.21754807692307693 0.1502403846153846