11 0.3112980769230769 0.34615384615384615 0.13701923076923078 0.17427884615384615
5 0.5661057692307693 0.34975961538461536 0.29927884615384615 0.3449519230769231
2 0.24879807692307693 0.47475961538461536 0.21995192307692307 0.09254807692307693
0 0.3173076923076923 0.625 0.1346153846153846 0.24639423076923078
12 0.3786057692307692 0.6622596153846154 0.10336538461538461 0.1502403846153846
12 0.4362980769230769 0.7247596153846154 0.0985576923076923 0.15865384615384615
5 0.23557692307692307 0.7896634615384616 0.3173076923076923 0.25
11 0.5745192307692307 0.5685096153846154 0.16466346153846154 0.12259615384615384
5 0.734375 0.5492788461538461 0.2644230769230769 0.3137019230769231
12 0.5300480769230769 0.7824519230769231 0.14543269230769232 0.09975961538461539
11 0.6574519230769231 0.8737980769230769 0.18269230769230768 0.18509615384615385