6 0.3233173076923077 0.21875 0.30649038461538464 0.3629807692307692
6 0.6165865384615384 0.25 0.30649038461538464 0.24759615384615385
6 0.21514423076923078 0.42908653846153844 0.3161057692307692 0.3629807692307692
16 0.859375 0.33533653846153844 0.19230769230769232 0.21514423076923078
3 0.41346153846153844 0.3137019230769231 0.10697115384615384 0.12379807692307693
0 0.40024038461538464 0.41346153846153844 0.14423076923076922 0.1622596153846154
0 0.46634615384615385 0.46875 0.1466346153846154 0.16466346153846154
0 0.5204326923076923 0.5564903846153846 0.1658653846153846 0.15144230769230768
0 0.36899038461538464 0.5540865384615384 0.1466346153846154 0.16346153846153846
0 0.6153846153846154 0.43149038461538464 0.16706730769230768 0.10576923076923077
3 0.6766826923076923 0.48677884615384615 0.18629807692307693 0.10336538461538461
3 0.6850961538461539 0.5396634615384616 0.18870192307692307 0.10817307692307693
16 0.7355769230769231 0.6658653846153846 0.1502403846153846 0.203125
12 0.8305288461538461 0.5901442307692307 0.09495192307692307 0.3112980769230769
10 0.2764423076923077 0.6682692307692307 0.27524038461538464 0.19831730769230768
10 0.5348557692307693 0.6766826923076923 0.21514423076923078 0.18389423076923078
2 0.390625 0.8040865384615384 0.17067307692307693 0.14182692307692307
3 0.43990384615384615 0.8677884615384616 0.1971153846153846 0.07932692307692307
3 0.6009615384615384 0.7800480769230769 0.1814903846153846 0.06971153846153846