16 0.8918269230769231 0.6526442307692307 0.11057692307692307 0.1201923076923077
16 0.8677884615384616 0.7776442307692307 0.10817307692307693 0.12740384615384615
16 0.7764423076923077 0.7572115384615384 0.08173076923076923 0.11538461538461539
14 0.6634615384615384 0.7512019230769231 0.12379807692307693 0.1814903846153846
14 0.5264423076923077 0.765625 0.17307692307692307 0.17908653846153846
14 0.4807692307692308 0.859375 0.20072115384615385 0.1875
16 0.7584134615384616 0.5841346153846154 0.2692307692307692 0.2091346153846154
4 0.546875 0.5625 0.20673076923076922 0.23076923076923078
7 0.7115384615384616 0.3401442307692308 0.11538461538461539 0.3329326923076923
16 0.5216346153846154 0.32211538461538464 0.171875 0.24879807692307693
7 0.390625 0.5 0.125 0.33052884615384615
7 0.2932692307692308 0.4723557692307692 0.12379807692307693 0.33413461538461536
16 0.17427884615384615 0.53125 0.1778846153846154 0.24639423076923078