11 0.6899038461538461 0.6334134615384616 0.125 0.1658653846153846
11 0.7728365384615384 0.4879807692307692 0.125 0.1622596153846154
11 0.48197115384615385 0.3605769230769231 0.14182692307692307 0.16105769230769232
10 0.7283653846153846 0.31009615384615385 0.19831730769230768 0.203125
10 0.3798076923076923 0.23076923076923078 0.20192307692307693 0.20552884615384615
10 0.4795673076923077 0.5661057692307693 0.1971153846153846 0.203125
12 0.5817307692307693 0.2932692307692308 0.09615384615384616 0.30288461538461536
12 0.3870192307692308 0.47716346153846156 0.0985576923076923 0.3173076923076923
7 0.2800480769230769 0.4182692307692308 0.20432692307692307 0.2091346153846154
4 0.49399038461538464 0.734375 0.25 0.2439903846153846
4 0.2668269230769231 0.6514423076923077 0.2548076923076923 0.22235576923076922