10 0.8509615384615384 0.33052884615384615 0.21995192307692307 0.20552884615384615
14 0.6778846153846154 0.38822115384615385 0.18028846153846154 0.19230769230769232
14 0.5228365384615384 0.4206730769230769 0.13341346153846154 0.1778846153846154
1 0.41225961538461536 0.3858173076923077 0.0673076923076923 0.18028846153846154
0 0.30528846153846156 0.375 0.09495192307692307 0.23197115384615385
10 0.14783653846153846 0.3233173076923077 0.22956730769230768 0.21995192307692307
14 0.7632211538461539 0.5504807692307693 0.18629807692307693 0.19230769230769232
14 0.59375 0.5252403846153846 0.1622596153846154 0.19831730769230768
7 0.4651442307692308 0.5985576923076923 0.09375 0.1658653846153846
14 0.5612980769230769 0.71875 0.19591346153846154 0.16466346153846154
11 0.6430288461538461 0.8209134615384616 0.16346153846153846 0.15625
11 0.43028846153846156 0.7403846153846154 0.08774038461538461 0.13221153846153846
11 0.3233173076923077 0.7139423076923077 0.15264423076923078 0.10576923076923077
12 0.24759615384615385 0.5745192307692307 0.23798076923076922 0.1875
11 0.11899038461538461 0.6586538461538461 0.16706730769230768 0.11658653846153846
11 0.20192307692307693 0.8149038461538461 0.11899038461538461 0.13701923076923078