13 0.22596153846153846 0.3088942307692308 0.27283653846153844 0.32091346153846156
14 0.33774038461538464 0.36658653846153844 0.09375 0.23076923076923078
5 0.59375 0.2980769230769231 0.4807692307692308 0.38221153846153844
4 0.8689903846153846 0.31850961538461536 0.234375 0.25600961538461536
14 0.5733173076923077 0.4651442307692308 0.23076923076923078 0.10336538461538461
14 0.265625 0.5949519230769231 0.12139423076923077 0.23918269230769232
4 0.4795673076923077 0.5637019230769231 0.24158653846153846 0.171875
9 0.5480769230769231 0.6923076923076923 0.2247596153846154 0.1502403846153846
13 0.7956730769230769 0.5949519230769231 0.3545673076923077 0.32572115384615385
13 0.6706730769230769 0.7632211538461539 0.3425480769230769 0.3293269230769231
10 0.3870192307692308 0.7415865384615384 0.18509615384615385 0.17427884615384615