3 0.24759615384615385 0.10336538461538461 0.21514423076923078 0.14423076923076922
16 0.49759615384615385 0.13581730769230768 0.15865384615384615 0.2548076923076923
16 0.828125 0.2403846153846154 0.24759615384615385 0.25961538461538464
10 0.7740384615384616 0.4411057692307692 0.27884615384615385 0.2764423076923077
10 0.8028846153846154 0.7043269230769231 0.24759615384615385 0.26802884615384615
16 0.8533653846153846 0.9026442307692307 0.2620192307692308 0.1935096153846154
14 0.6442307692307693 0.8076923076923077 0.0829326923076923 0.23076923076923078
9 0.5444711538461539 0.9098557692307693 0.18389423076923078 0.18028846153846154
9 0.5372596153846154 0.7584134615384616 0.16706730769230768 0.13701923076923078
3 0.44350961538461536 0.7824519230769231 0.20072115384615385 0.13701923076923078
10 0.32091346153846156 0.8954326923076923 0.20432692307692307 0.20793269230769232
3 0.18509615384615385 0.7427884615384616 0.21514423076923078 0.12139423076923077
16 0.5649038461538461 0.6225961538461539 0.23677884615384615 0.171875
16 0.34615384615384615 0.5673076923076923 0.20673076923076922 0.265625
9 0.09134615384615384 0.5072115384615384 0.18269230769230768 0.17307692307692307
2 0.14903846153846154 0.3545673076923077 0.10576923076923077 0.15745192307692307
2 0.3173076923076923 0.29086538461538464 0.13221153846153846 0.16826923076923078
4 0.3329326923076923 0.4074519230769231 0.2860576923076923 0.15865384615384615
4 0.4879807692307692 0.39663461538461536 0.19951923076923078 0.2980769230769231
16 0.5925480769230769 0.43028846153846156 0.21634615384615385 0.2608173076923077