10 0.19831730769230768 0.4110576923076923 0.22956730769230768 0.24519230769230768
3 0.41947115384615385 0.2704326923076923 0.203125 0.13581730769230768
0 0.5120192307692307 0.30288461538461536 0.17307692307692307 0.11057692307692307
0 0.6274038461538461 0.28365384615384615 0.09254807692307693 0.29927884615384615
10 0.7824519230769231 0.2776442307692308 0.265625 0.30288461538461536
2 0.6899038461538461 0.4026442307692308 0.11538461538461539 0.1622596153846154
0 0.45072115384615385 0.3858173076923077 0.296875 0.09735576923076923
12 0.4639423076923077 0.453125 0.30649038461538464 0.11177884615384616
10 0.78125 0.53125 0.2800480769230769 0.28365384615384615
12 0.6286057692307693 0.5384615384615384 0.10697115384615384 0.16346153846153846
12 0.5420673076923077 0.5492788461538461 0.109375 0.15625
0 0.48677884615384615 0.6045673076923077 0.1466346153846154 0.17548076923076922
0 0.25 0.5576923076923077 0.17307692307692307 0.10336538461538461
3 0.27524038461538464 0.6310096153846154 0.1814903846153846 0.08774038461538461
14 0.30408653846153844 0.7608173076923077 0.13822115384615385 0.19831730769230768
0 0.3918269230769231 0.6346153846153846 0.09254807692307693 0.2980769230769231
12 0.5745192307692307 0.6899038461538461 0.28725961538461536 0.2512019230769231
3 0.6694711538461539 0.7451923076923077 0.1346153846153846 0.20793269230769232
14 0.8401442307692307 0.6262019230769231 0.17307692307692307 0.1778846153846154