4 0.42788461538461536 0.14543269230769232 0.17548076923076922 0.22355769230769232
6 0.8040865384615384 0.30288461538461536 0.31009615384615385 0.22115384615384615
14 0.5973557692307693 0.36658653846153844 0.1466346153846154 0.23076923076923078
14 0.6105769230769231 0.5552884615384616 0.12379807692307693 0.2439903846153846
13 0.8269230769230769 0.5240384615384616 0.34615384615384615 0.3485576923076923
6 0.4098557692307692 0.36177884615384615 0.22115384615384615 0.3269230769230769
4 0.47716346153846156 0.5540865384615384 0.19831730769230768 0.11057692307692307
11 0.4699519230769231 0.6382211538461539 0.14302884615384615 0.08413461538461539
14 0.31490384615384615 0.6887019230769231 0.25841346153846156 0.07932692307692307
6 0.3737980769230769 0.8052884615384616 0.2932692307692308 0.22115384615384615
4 0.5625 0.7896634615384616 0.1310096153846154 0.21754807692307693
13 0.171875 0.27403846153846156 0.33052884615384615 0.3942307692307692
13 0.7788461538461539 0.8605769230769231 0.3425480769230769 0.2764423076923077