7 0.7451923076923077 0.6009615384615384 0.18629807692307693 0.08774038461538461
7 0.5625 0.5072115384615384 0.12860576923076922 0.18269230769230768
7 0.44711538461538464 0.5600961538461539 0.16466346153846154 0.1310096153846154
10 0.5913461538461539 0.6646634615384616 0.1814903846153846 0.16826923076923078
2 0.7235576923076923 0.41346153846153844 0.12980769230769232 0.125
2 0.71875 0.5168269230769231 0.13221153846153846 0.11899038461538461
1 0.6201923076923077 0.47475961538461536 0.0829326923076923 0.11658653846153846
1 0.4483173076923077 0.47115384615384615 0.13221153846153846 0.09014423076923077
16 0.7223557692307693 0.6862980769230769 0.1141826923076923 0.09615384615384616
16 0.8112980769230769 0.4987980769230769 0.08774038461538461 0.1201923076923077
16 0.6646634615384616 0.36899038461538464 0.11057692307692307 0.1201923076923077
14 0.4795673076923077 0.8088942307692307 0.35096153846153844 0.17908653846153846
14 0.37740384615384615 0.7019230769230769 0.31490384615384615 0.2512019230769231
14 0.33653846153846156 0.5252403846153846 0.17908653846153846 0.34375
4 0.5324519230769231 0.32572115384615385 0.22956730769230768 0.23677884615384615