13 0.14783653846153846 0.2620192307692308 0.25841346153846156 0.3245192307692308
13 0.35096153846153844 0.1971153846153846 0.24759615384615385 0.29086538461538464
10 0.5649038461538461 0.13581730769230768 0.20072115384615385 0.20552884615384615
10 0.5612980769230769 0.3269230769230769 0.19831730769230768 0.19591346153846154
4 0.7439903846153846 0.15384615384615385 0.18629807692307693 0.22596153846153846
14 0.8834134615384616 0.19230769230769232 0.14423076923076922 0.20072115384615385
4 0.7403846153846154 0.3581730769230769 0.1814903846153846 0.23197115384615385
14 0.8930288461538461 0.3473557692307692 0.15745192307692307 0.22235576923076922
13 0.32211538461538464 0.3858173076923077 0.3076923076923077 0.28365384615384615
13 0.16346153846153846 0.5216346153846154 0.27403846153846156 0.2956730769230769
13 0.1971153846153846 0.75 0.3449519230769231 0.35096153846153844
13 0.4206730769230769 0.6237980769230769 0.3233173076923077 0.33052884615384615
13 0.5697115384615384 0.5168269230769231 0.3016826923076923 0.2776442307692308
6 0.8173076923076923 0.4951923076923077 0.32091346153846156 0.3317307692307692
6 0.8293269230769231 0.6947115384615384 0.2956730769230769 0.3786057692307692
9 0.6225961538461539 0.7223557692307693 0.13942307692307693 0.203125
6 0.4411057692307692 0.8305288461538461 0.3701923076923077 0.33533653846153844
4 0.7259615384615384 0.859375 0.234375 0.1935096153846154