6 0.5456730769230769 0.34975961538461536 0.2439903846153846 0.3137019230769231
4 0.36658653846153844 0.3870192307692308 0.109375 0.19951923076923078
12 0.25600961538461536 0.3425480769230769 0.13341346153846154 0.11057692307692307
16 0.10336538461538461 0.5144230769230769 0.11899038461538461 0.125
4 0.2800480769230769 0.5288461538461539 0.16466346153846154 0.19951923076923078
0 0.41346153846153844 0.5661057692307693 0.2127403846153846 0.19831730769230768
16 0.6105769230769231 0.5901442307692307 0.22355769230769232 0.20793269230769232
0 0.6454326923076923 0.7079326923076923 0.2247596153846154 0.16826923076923078
4 0.6923076923076923 0.8064903846153846 0.24639423076923078 0.22596153846153846
4 0.8221153846153846 0.8846153846153846 0.1971153846153846 0.0985576923076923
12 0.5612980769230769 0.8653846153846154 0.07211538461538461 0.14783653846153846
16 0.46875 0.7596153846153846 0.13822115384615385 0.21634615384615385
16 0.3545673076923077 0.6983173076923077 0.09375 0.12259615384615384
6 0.19110576923076922 0.7319711538461539 0.3786057692307692 0.3870192307692308