9 0.5853365384615384 0.2848557692307692 0.2247596153846154 0.14903846153846154
7 0.5528846153846154 0.3713942307692308 0.33653846153846156 0.14783653846153846
9 0.7800480769230769 0.5060096153846154 0.12740384615384615 0.21634615384615385
9 0.8269230769230769 0.7451923076923077 0.14423076923076922 0.22956730769230768
14 0.6802884615384616 0.59375 0.14302884615384615 0.203125
11 0.47475961538461536 0.47716346153846156 0.0829326923076923 0.13822115384615385
11 0.4026442307692308 0.49759615384615385 0.08653846153846154 0.13221153846153846
14 0.5853365384615384 0.5949519230769231 0.15865384615384615 0.18629807692307693
14 0.6490384615384616 0.7487980769230769 0.15384615384615385 0.2091346153846154
12 0.5324519230769231 0.7536057692307693 0.0733173076923077 0.13701923076923078
3 0.47836538461538464 0.6971153846153846 0.08052884615384616 0.20432692307692307
3 0.41947115384615385 0.6959134615384616 0.0829326923076923 0.20432692307692307
0 0.3389423076923077 0.59375 0.12620192307692307 0.18629807692307693
0 0.2704326923076923 0.6550480769230769 0.14302884615384615 0.18629807692307693