5 0.22355769230769232 0.2091346153846154 0.44471153846153844 0.41586538461538464
5 0.5793269230769231 0.1875 0.4206730769230769 0.36658653846153844
7 0.41346153846153844 0.2403846153846154 0.14302884615384615 0.2692307692307692
15 0.5673076923076923 0.23076923076923078 0.22596153846153846 0.21754807692307693
11 0.34375 0.39783653846153844 0.21754807692307693 0.1141826923076923
11 0.6382211538461539 0.3329326923076923 0.19230769230769232 0.11778846153846154
15 0.16105769230769232 0.5264423076923077 0.19471153846153846 0.15865384615384615
7 0.3317307692307692 0.484375 0.25240384615384615 0.1141826923076923
11 0.53125 0.4230769230769231 0.22355769230769232 0.12379807692307693
2 0.640625 0.4170673076923077 0.1875 0.15865384615384615
7 0.6838942307692307 0.4495192307692308 0.29086538461538464 0.203125
7 0.7668269230769231 0.515625 0.29927884615384615 0.203125
15 0.35096153846153844 0.6225961538461539 0.20793269230769232 0.20673076923076922
10 0.23317307692307693 0.7307692307692307 0.2247596153846154 0.23317307692307693
12 0.4206730769230769 0.6947115384615384 0.10336538461538461 0.19831730769230768
12 0.46033653846153844 0.7115384615384616 0.07932692307692307 0.18389423076923078
2 0.5793269230769231 0.6370192307692307 0.2091346153846154 0.12620192307692307
10 0.7752403846153846 0.6622596153846154 0.20673076923076922 0.20673076923076922
7 0.5324519230769231 0.8425480769230769 0.140625 0.2644230769230769
5 0.7391826923076923 0.8389423076923077 0.33653846153846156 0.31009615384615385