6 0.5721153846153846 0.36538461538461536 0.33413461538461536 0.3112980769230769
16 0.7932692307692307 0.4375 0.17668269230769232 0.23197115384615385
16 0.7908653846153846 0.7007211538461539 0.15384615384615385 0.23197115384615385
15 0.6165865384615384 0.5480769230769231 0.18629807692307693 0.18389423076923078
8 0.49038461538461536 0.5913461538461539 0.09014423076923077 0.11778846153846154
8 0.5612980769230769 0.65625 0.11298076923076923 0.07211538461538461
16 0.27163461538461536 0.46634615384615385 0.22235576923076922 0.18870192307692307
16 0.2920673076923077 0.5925480769230769 0.2127403846153846 0.171875
16 0.36658653846153844 0.7163461538461539 0.18269230769230768 0.15745192307692307
11 0.5348557692307693 0.7331730769230769 0.1502403846153846 0.10697115384615384
11 0.5 0.8329326923076923 0.14302884615384615 0.109375