4 0.2704326923076923 0.24278846153846154 0.2439903846153846 0.18269230769230768
10 0.16826923076923078 0.4170673076923077 0.17548076923076922 0.17067307692307693
13 0.38341346153846156 0.3581730769230769 0.3449519230769231 0.2980769230769231
7 0.2848557692307692 0.5324519230769231 0.17427884615384615 0.10817307692307693
10 0.3245192307692308 0.7115384615384616 0.265625 0.29927884615384615
5 0.5300480769230769 0.5576923076923077 0.4375 0.5180288461538461
7 0.6574519230769231 0.35096153846153844 0.16466346153846154 0.15985576923076922
10 0.7668269230769231 0.2932692307692308 0.18269230769230768 0.18629807692307693
7 0.7788461538461539 0.45913461538461536 0.11778846153846154 0.1658653846153846
10 0.6887019230769231 0.6538461538461539 0.26802884615384615 0.2620192307692308
8 0.7475961538461539 0.7740384615384616 0.11899038461538461 0.09615384615384616