16 0.30528846153846156 0.171875 0.2247596153846154 0.23317307692307693
10 0.21634615384615385 0.3137019230769231 0.2824519230769231 0.28125
13 0.1875 0.5324519230769231 0.36778846153846156 0.33052884615384615
12 0.4699519230769231 0.20793269230769232 0.11778846153846154 0.14302884615384615
2 0.5841346153846154 0.14783653846153846 0.17668269230769232 0.17307692307692307
8 0.4375 0.4230769230769231 0.08533653846153846 0.11538461538461539
8 0.6165865384615384 0.5060096153846154 0.07091346153846154 0.11057692307692307
16 0.6706730769230769 0.3245192307692308 0.25 0.25961538461538464
13 0.8329326923076923 0.47115384615384615 0.3317307692307692 0.36778846153846156
14 0.38822115384615385 0.6021634615384616 0.20432692307692307 0.11538461538461539
12 0.1466346153846154 0.7932692307692307 0.109375 0.3137019230769231
13 0.3485576923076923 0.7800480769230769 0.3233173076923077 0.26802884615384615
12 0.3954326923076923 0.9002403846153846 0.13822115384615385 0.12139423076923077
12 0.3401442307692308 0.9338942307692307 0.13701923076923078 0.11538461538461539
16 0.6021634615384616 0.6358173076923077 0.2247596153846154 0.19591346153846154
16 0.7596153846153846 0.6802884615384616 0.18509615384615385 0.2283653846153846
14 0.609375 0.7487980769230769 0.22235576923076922 0.15264423076923078
2 0.6814903846153846 0.8990384615384616 0.15264423076923078 0.16826923076923078
12 0.8088942307692307 0.8389423076923077 0.13701923076923078 0.3125
12 0.8834134615384616 0.796875 0.15504807692307693 0.3173076923076923