4 0.390625 0.18509615384615385 0.25 0.26802884615384615
4 0.2091346153846154 0.34134615384615385 0.27283653846153844 0.2439903846153846
10 0.5709134615384616 0.22716346153846154 0.23317307692307693 0.22956730769230768
4 0.6213942307692307 0.40625 0.16466346153846154 0.19471153846153846
4 0.3329326923076923 0.49278846153846156 0.19110576923076922 0.1875
10 0.49158653846153844 0.5264423076923077 0.20192307692307693 0.1875
10 0.7980769230769231 0.46033653846153844 0.2764423076923077 0.27403846153846156
4 0.14423076923076922 0.6418269230769231 0.1658653846153846 0.1875
4 0.38461538461538464 0.6935096153846154 0.2620192307692308 0.23798076923076922
10 0.19951923076923078 0.8173076923076923 0.1658653846153846 0.20673076923076922
7 0.5649038461538461 0.7139423076923077 0.1658653846153846 0.3233173076923077
9 0.7007211538461539 0.6141826923076923 0.18870192307692307 0.18629807692307693
9 0.7632211538461539 0.7908653846153846 0.37740384615384615 0.4182692307692308