6 0.7980769230769231 0.2692307692307692 0.24759615384615385 0.29927884615384615
6 0.6081730769230769 0.7247596153846154 0.2536057692307692 0.3125
6 0.38221153846153844 0.7896634615384616 0.25961538461538464 0.3137019230769231
5 0.22596153846153846 0.2764423076923077 0.3701923076923077 0.47716346153846156
15 0.7824519230769231 0.5504807692307693 0.20673076923076922 0.3425480769230769
7 0.5805288461538461 0.4074519230769231 0.20673076923076922 0.16466346153846154
7 0.3161057692307692 0.6478365384615384 0.16826923076923078 0.15504807692307693
1 0.1935096153846154 0.6935096153846154 0.13341346153846154 0.14543269230769232
1 0.2668269230769231 0.5877403846153846 0.13942307692307693 0.12980769230769232
4 0.08774038461538461 0.7620192307692307 0.14543269230769232 0.16466346153846154
2 0.2091346153846154 0.5420673076923077 0.1875 0.15865384615384615
2 0.5817307692307693 0.5180288461538461 0.15264423076923078 0.17067307692307693
2 0.4699519230769231 0.5444711538461539 0.14423076923076922 0.17067307692307693
14 0.3798076923076923 0.5132211538461539 0.13942307692307693 0.2644230769230769