16 0.7043269230769231 0.23197115384615385 0.2644230769230769 0.2127403846153846
12 0.7728365384615384 0.35697115384615385 0.3269230769230769 0.10336538461538461
12 0.41586538461538464 0.4423076923076923 0.31490384615384615 0.12259615384615384
12 0.47716346153846156 0.2536057692307692 0.12620192307692307 0.3173076923076923
16 0.35216346153846156 0.28846153846153844 0.16346153846153846 0.2403846153846154
16 0.21634615384615385 0.22235576923076922 0.1778846153846154 0.24278846153846154
11 0.11538461538461539 0.45913461538461536 0.09254807692307693 0.12259615384615384
4 0.20432692307692307 0.5661057692307693 0.19230769230769232 0.1875
4 0.19951923076923078 0.7235576923076923 0.19471153846153846 0.18629807692307693
4 0.05889423076923077 0.6670673076923077 0.11658653846153846 0.17668269230769232
3 0.4050480769230769 0.8774038461538461 0.2127403846153846 0.11177884615384616
15 0.23798076923076922 0.8858173076923077 0.20192307692307693 0.1935096153846154
5 0.6826923076923077 0.8341346153846154 0.39302884615384615 0.3269230769230769
5 0.7764423076923077 0.5637019230769231 0.39903846153846156 0.38100961538461536
5 0.4495192307692308 0.6165865384615384 0.37259615384615385 0.33413461538461536