5 0.22956730769230768 0.2536057692307692 0.38100961538461536 0.32572115384615385
5 0.5564903846153846 0.20072115384615385 0.43990384615384615 0.390625
5 0.7019230769230769 0.3858173076923077 0.36899038461538464 0.4014423076923077
6 0.27524038461538464 0.45913461538461536 0.3161057692307692 0.34615384615384615
14 0.33533653846153844 0.5540865384615384 0.17668269230769232 0.2091346153846154
16 0.48197115384615385 0.4723557692307692 0.16706730769230768 0.21634615384615385
14 0.21514423076923078 0.7800480769230769 0.23317307692307693 0.19831730769230768
14 0.42788461538461536 0.8052884615384616 0.21514423076923078 0.20552884615384615
14 0.46274038461538464 0.6706730769230769 0.23557692307692307 0.24759615384615385
4 0.5709134615384616 0.6201923076923077 0.21875 0.17427884615384615
14 0.6742788461538461 0.7307692307692307 0.14783653846153846 0.21634615384615385
14 0.7980769230769231 0.6670673076923077 0.14423076923076922 0.2091346153846154