2 0.14423076923076922 0.3076923076923077 0.13221153846153846 0.16947115384615385
0 0.234375 0.32091346153846156 0.1466346153846154 0.2800480769230769
7 0.5036057692307693 0.3329326923076923 0.17668269230769232 0.31850961538461536
2 0.35216346153846156 0.4795673076923077 0.15384615384615385 0.17067307692307693
0 0.0985576923076923 0.5144230769230769 0.0985576923076923 0.2920673076923077
8 0.16466346153846154 0.6141826923076923 0.10817307692307693 0.11658653846153846
8 0.23918269230769232 0.8293269230769231 0.1141826923076923 0.0889423076923077
7 0.3329326923076923 0.6526442307692307 0.20793269230769232 0.3137019230769231
2 0.4230769230769231 0.5901442307692307 0.15504807692307693 0.15384615384615385
2 0.5444711538461539 0.46153846153846156 0.15865384615384615 0.14423076923076922
0 0.5492788461538461 0.5925480769230769 0.20673076923076922 0.2512019230769231
2 0.6274038461538461 0.6346153846153846 0.13581730769230768 0.1658653846153846
10 0.7632211538461539 0.6153846153846154 0.15384615384615385 0.15504807692307693
10 0.7848557692307693 0.8461538461538461 0.16105769230769232 0.18028846153846154
2 0.6490384615384616 0.7776442307692307 0.15745192307692307 0.08774038461538461
4 0.8137019230769231 0.6706730769230769 0.2091346153846154 0.17067307692307693