7 0.7848557692307693 0.1814903846153846 0.2283653846153846 0.22596153846153846
7 0.8641826923076923 0.3425480769230769 0.21514423076923078 0.23557692307692307
7 0.8834134615384616 0.5300480769230769 0.1310096153846154 0.2608173076923077
10 0.6850961538461539 0.38341346153846156 0.21153846153846154 0.24879807692307693
7 0.5600961538461539 0.35697115384615385 0.13701923076923078 0.3137019230769231
0 0.46274038461538464 0.3245192307692308 0.12139423076923077 0.18028846153846154
7 0.36538461538461536 0.34134615384615385 0.17548076923076922 0.3161057692307692
0 0.3125 0.4795673076923077 0.18509615384615385 0.13221153846153846
13 0.15745192307692307 0.33653846153846156 0.28846153846153844 0.3641826923076923
4 0.6887019230769231 0.5697115384615384 0.20192307692307693 0.1814903846153846
4 0.49158653846153844 0.5588942307692307 0.2403846153846154 0.14783653846153846
4 0.8137019230769231 0.6334134615384616 0.2127403846153846 0.20192307692307693
16 0.7223557692307693 0.7896634615384616 0.2512019230769231 0.2860576923076923
16 0.8461538461538461 0.8425480769230769 0.23798076923076922 0.2800480769230769
10 0.4675480769230769 0.7680288461538461 0.22956730769230768 0.24278846153846154
10 0.3269230769230769 0.7295673076923077 0.2283653846153846 0.25721153846153844
7 0.21754807692307693 0.5865384615384616 0.3293269230769231 0.140625
4 0.16826923076923078 0.7439903846153846 0.15264423076923078 0.24879807692307693