15 0.7824519230769231 0.8305288461538461 0.30528846153846156 0.24759615384615385
16 0.6923076923076923 0.8125 0.23076923076923078 0.21754807692307693
12 0.8028846153846154 0.6742788461538461 0.1310096153846154 0.06971153846153846
12 0.7728365384615384 0.5901442307692307 0.13341346153846154 0.09134615384615384
10 0.8725961538461539 0.4483173076923077 0.23557692307692307 0.23677884615384615
10 0.8521634615384616 0.28846153846153844 0.2536057692307692 0.25
0 0.7367788461538461 0.46274038461538464 0.10336538461538461 0.23677884615384615
0 0.6382211538461539 0.6899038461538461 0.22956730769230768 0.15865384615384615
0 0.6466346153846154 0.5120192307692307 0.09495192307692307 0.23557692307692307
7 0.4855769230769231 0.7692307692307693 0.2620192307692308 0.2608173076923077
2 0.47716346153846156 0.6057692307692307 0.17548076923076922 0.15745192307692307
2 0.5300480769230769 0.4879807692307692 0.16346153846153846 0.12980769230769232
10 0.7271634615384616 0.23197115384615385 0.23317307692307693 0.21754807692307693
16 0.3605769230769231 0.8545673076923077 0.18389423076923078 0.16826923076923078
5 0.24759615384615385 0.6634615384615384 0.3641826923076923 0.38461538461538464
2 0.41947115384615385 0.3425480769230769 0.1814903846153846 0.15625
16 0.5637019230769231 0.23076923076923078 0.17548076923076922 0.21634615384615385
16 0.359375 0.19831730769230768 0.21394230769230768 0.1814903846153846
5 0.203125 0.4074519230769231 0.2848557692307692 0.359375