6 0.7908653846153846 0.4050480769230769 0.26802884615384615 0.3317307692307692
11 0.6598557692307693 0.31971153846153844 0.10576923076923077 0.15865384615384615
11 0.5276442307692307 0.31009615384615385 0.11538461538461539 0.16105769230769232
10 0.375 0.30408653846153844 0.18629807692307693 0.15865384615384615
6 0.14543269230769232 0.28846153846153844 0.28846153846153844 0.34134615384615385
16 0.421875 0.46153846153846156 0.07692307692307693 0.10576923076923077
16 0.34134615384615385 0.4807692307692308 0.08173076923076923 0.10697115384615384
8 0.21514423076923078 0.47115384615384615 0.10576923076923077 0.0829326923076923
7 0.7223557692307693 0.7235576923076923 0.14423076923076922 0.328125
7 0.5637019230769231 0.6153846153846154 0.11057692307692307 0.3293269230769231
7 0.4338942307692308 0.6045673076923077 0.19951923076923078 0.3112980769230769
11 0.3004807692307692 0.6177884615384616 0.19110576923076922 0.14423076923076922
11 0.3137019230769231 0.7548076923076923 0.125 0.19471153846153846
11 0.12860576923076922 0.6418269230769231 0.15144230769230768 0.16947115384615385
5 0.2091346153846154 0.8653846153846154 0.3173076923076923 0.2692307692307692
5 0.5697115384615384 0.8533653846153846 0.3016826923076923 0.2608173076923077