5 0.3293269230769231 0.4182692307692308 0.3942307692307692 0.4326923076923077
5 0.6225961538461539 0.7632211538461539 0.3894230769230769 0.3088942307692308
6 0.5132211538461539 0.30528846153846156 0.2980769230769231 0.24759615384615385
6 0.7247596153846154 0.32211538461538464 0.2247596153846154 0.2956730769230769
6 0.8461538461538461 0.4182692307692308 0.21514423076923078 0.3125
1 0.6310096153846154 0.47836538461538464 0.10576923076923077 0.2127403846153846
3 0.5504807692307693 0.46274038461538464 0.0985576923076923 0.18629807692307693
3 0.47716346153846156 0.5120192307692307 0.10216346153846154 0.18028846153846154
12 0.7788461538461539 0.5576923076923077 0.13822115384615385 0.20192307692307693
12 0.7463942307692307 0.5985576923076923 0.13701923076923078 0.20192307692307693
16 0.8966346153846154 0.7427884615384616 0.1502403846153846 0.20432692307692307
16 0.3485576923076923 0.6947115384615384 0.21634615384615385 0.22956730769230768
16 0.21394230769230768 0.7620192307692307 0.20673076923076922 0.23197115384615385
3 0.5480769230769231 0.6057692307692307 0.18389423076923078 0.056490384615384616
10 0.43509615384615385 0.8485576923076923 0.24158653846153846 0.2824519230769231