13 0.5492788461538461 0.23557692307692307 0.34975961538461536 0.3317307692307692
5 0.8185096153846154 0.375 0.30288461538461536 0.4375
0 0.7920673076923077 0.6670673076923077 0.29447115384615385 0.12860576923076922
0 0.6586538461538461 0.828125 0.13581730769230768 0.30408653846153844
0 0.6045673076923077 0.7211538461538461 0.12620192307692307 0.29927884615384615
13 0.5925480769230769 0.45913461538461536 0.3233173076923077 0.2824519230769231
5 0.35096153846153844 0.6995192307692307 0.4362980769230769 0.3161057692307692
3 0.13581730769230768 0.5228365384615384 0.21153846153846154 0.06850961538461539
9 0.37740384615384615 0.42908653846153844 0.1658653846153846 0.22956730769230768
0 0.30528846153846156 0.37259615384615385 0.16466346153846154 0.2403846153846154
14 0.17548076923076922 0.36778846153846156 0.234375 0.26802884615384615