16 0.8557692307692307 0.2764423076923077 0.16826923076923078 0.21634615384615385
16 0.7115384615384616 0.27403846153846156 0.16947115384615385 0.21153846153846154
16 0.17908653846153846 0.7572115384615384 0.2512019230769231 0.2403846153846154
0 0.7620192307692307 0.43509615384615385 0.17307692307692307 0.11177884615384616
0 0.8040865384615384 0.5192307692307693 0.17307692307692307 0.10697115384615384
1 0.9122596153846154 0.5012019230769231 0.1310096153846154 0.22596153846153846
1 0.7872596153846154 0.6105769230769231 0.2283653846153846 0.13942307692307693
1 0.84375 0.6862980769230769 0.24158653846153846 0.13942307692307693
3 0.6574519230769231 0.6778846153846154 0.171875 0.15504807692307693
1 0.7776442307692307 0.8149038461538461 0.11778846153846154 0.14182692307692307
10 0.609375 0.8641826923076923 0.27884615384615385 0.2704326923076923
7 0.5228365384615384 0.7836538461538461 0.3173076923076923 0.2091346153846154
7 0.4362980769230769 0.7403846153846154 0.3076923076923077 0.21875
4 0.5925480769230769 0.5024038461538461 0.2824519230769231 0.2800480769230769
4 0.41466346153846156 0.5997596153846154 0.30649038461538464 0.2403846153846154
10 0.5612980769230769 0.3329326923076923 0.2548076923076923 0.22596153846153846
10 0.4026442307692308 0.46274038461538464 0.2403846153846154 0.23677884615384615
5 0.23197115384615385 0.5036057692307693 0.3918269230769231 0.4795673076923077
5 0.4362980769230769 0.19230769230769232 0.4362980769230769 0.38461538461538464