7 0.7427884615384616 0.40024038461538464 0.17307692307692307 0.23677884615384615
16 0.5480769230769231 0.35216346153846156 0.23076923076923078 0.15625
16 0.35697115384615385 0.43149038461538464 0.25721153846153844 0.23317307692307693
16 0.31009615384615385 0.5805288461538461 0.25600961538461536 0.2283653846153846
11 0.6418269230769231 0.484375 0.12259615384615384 0.12740384615384615
11 0.5204326923076923 0.5108173076923077 0.12620192307692307 0.0889423076923077
7 0.7824519230769231 0.6370192307692307 0.16947115384615385 0.18990384615384615
7 0.6899038461538461 0.6021634615384616 0.15504807692307693 0.18629807692307693
16 0.6021634615384616 0.578125 0.10336538461538461 0.1201923076923077
16 0.4855769230769231 0.5889423076923077 0.11899038461538461 0.09495192307692307
16 0.4699519230769231 0.6694711538461539 0.12139423076923077 0.11177884615384616
9 0.5733173076923077 0.7415865384615384 0.18629807692307693 0.16346153846153846
15 0.3245192307692308 0.7548076923076923 0.2439903846153846 0.15384615384615385