0 0.12860576923076922 0.36899038461538464 0.20793269230769232 0.25240384615384615
2 0.28966346153846156 0.34134615384615385 0.11658653846153846 0.17908653846153846
16 0.46875 0.27283653846153844 0.296875 0.24278846153846154
2 0.18269230769230768 0.4543269230769231 0.16105769230769232 0.15384615384615385
2 0.12860576923076922 0.6286057692307693 0.1310096153846154 0.1658653846153846
2 0.24519230769230768 0.5889423076923077 0.1310096153846154 0.15865384615384615
6 0.22596153846153846 0.7896634615384616 0.3016826923076923 0.21394230769230768
6 0.5192307692307693 0.8173076923076923 0.29927884615384615 0.27163461538461536
16 0.34615384615384615 0.6550480769230769 0.10576923076923077 0.12980769230769232
10 0.49278846153846156 0.4699519230769231 0.1622596153846154 0.1622596153846154
16 0.40625 0.5588942307692307 0.2920673076923077 0.27403846153846156
16 0.6189903846153846 0.5180288461538461 0.10216346153846154 0.08413461538461539
16 0.8605769230769231 0.31850961538461536 0.19831730769230768 0.21875
10 0.7307692307692307 0.42427884615384615 0.18629807692307693 0.20072115384615385
16 0.6418269230769231 0.6298076923076923 0.18269230769230768 0.15504807692307693
2 0.6274038461538461 0.7379807692307693 0.15865384615384615 0.07451923076923077
16 0.8425480769230769 0.5985576923076923 0.15504807692307693 0.27884615384615385
0 0.7091346153846154 0.8485576923076923 0.17668269230769232 0.26802884615384615
10 0.8629807692307693 0.8894230769230769 0.1622596153846154 0.18269230769230768