16 0.5492788461538461 0.18990384615384615 0.2403846153846154 0.16826923076923078
16 0.21514423076923078 0.6262019230769231 0.18990384615384615 0.23918269230769232
16 0.32091346153846156 0.7764423076923077 0.2403846153846154 0.18629807692307693
16 0.734375 0.7427884615384616 0.1346153846153846 0.1045673076923077
16 0.6766826923076923 0.7980769230769231 0.13701923076923078 0.11057692307692307
14 0.5853365384615384 0.7199519230769231 0.2247596153846154 0.14783653846153846
14 0.6310096153846154 0.5697115384615384 0.21514423076923078 0.18269230769230768
14 0.6478365384615384 0.6201923076923077 0.22596153846153846 0.1622596153846154
10 0.8269230769230769 0.5564903846153846 0.2439903846153846 0.24158653846153846
10 0.4338942307692308 0.59375 0.25 0.2608173076923077
10 0.31490384615384615 0.42788461538461536 0.2692307692307692 0.22235576923076922
6 0.6526442307692307 0.3605769230769231 0.30649038461538464 0.25600961538461536