16 0.21153846153846154 0.3737980769230769 0.16466346153846154 0.27884615384615385
16 0.38221153846153844 0.20192307692307693 0.234375 0.21875
10 0.6983173076923077 0.1502403846153846 0.29447115384615385 0.2800480769230769
10 0.8197115384615384 0.31971153846153844 0.2800480769230769 0.27524038461538464
14 0.5985576923076923 0.2692307692307692 0.18870192307692307 0.19831730769230768
14 0.671875 0.40384615384615385 0.19110576923076922 0.1875
0 0.5348557692307693 0.35096153846153844 0.13581730769230768 0.17908653846153846
0 0.44711538461538464 0.3894230769230769 0.14302884615384615 0.171875
0 0.3894230769230769 0.4543269230769231 0.21995192307692307 0.3641826923076923
2 0.5048076923076923 0.5204326923076923 0.14182692307692307 0.17067307692307693
2 0.5925480769230769 0.4855769230769231 0.14423076923076922 0.16346153846153846
16 0.7475961538461539 0.5649038461538461 0.2439903846153846 0.23677884615384615
14 0.8173076923076923 0.6850961538461539 0.19831730769230768 0.17548076923076922
14 0.609375 0.8317307692307693 0.21033653846153846 0.1778846153846154
10 0.5661057692307693 0.6814903846153846 0.29447115384615385 0.2764423076923077
14 0.375 0.8245192307692307 0.1971153846153846 0.13822115384615385
3 0.2932692307692308 0.6394230769230769 0.1935096153846154 0.19591346153846154
3 0.3449519230769231 0.5685096153846154 0.18389423076923078 0.20072115384615385