7 0.3870192307692308 0.4206730769230769 0.12259615384615384 0.3317307692307692
7 0.4987980769230769 0.4495192307692308 0.16826923076923078 0.31490384615384615
13 0.765625 0.33533653846153844 0.21394230769230768 0.30528846153846156
6 0.5709134615384616 0.33533653846153844 0.26802884615384615 0.3425480769230769
6 0.3004807692307692 0.5757211538461539 0.2956730769230769 0.31490384615384615
0 0.7536057692307693 0.5264423076923077 0.1466346153846154 0.1622596153846154
4 0.6574519230769231 0.5757211538461539 0.20432692307692307 0.24519230769230768
3 0.5985576923076923 0.6394230769230769 0.1346153846153846 0.20072115384615385
4 0.5048076923076923 0.6538461538461539 0.21995192307692307 0.24879807692307693
16 0.34615384615384615 0.7836538461538461 0.31850961538461536 0.25
16 0.7512019230769231 0.7632211538461539 0.3245192307692308 0.25600961538461536