15 0.6586538461538461 0.3425480769230769 0.2764423076923077 0.32572115384615385
15 0.5805288461538461 0.42788461538461536 0.25721153846153844 0.28125
12 0.4338942307692308 0.5240384615384616 0.056490384615384616 0.17908653846153846
12 0.49759615384615385 0.5060096153846154 0.06490384615384616 0.17307692307692307
3 0.6646634615384616 0.5661057692307693 0.19471153846153846 0.1310096153846154
1 0.7788461538461539 0.453125 0.078125 0.14182692307692307
1 0.8137019230769231 0.4326923076923077 0.07692307692307693 0.140625
1 0.8401442307692307 0.40384615384615385 0.07932692307692307 0.14302884615384615
6 0.7752403846153846 0.734375 0.20673076923076922 0.31490384615384615
6 0.5480769230769231 0.6947115384615384 0.29927884615384615 0.2439903846153846
6 0.39903846153846156 0.7103365384615384 0.2824519230769231 0.3016826923076923