6 0.6418269230769231 0.23918269230769232 0.3137019230769231 0.31009615384615385
6 0.7752403846153846 0.3449519230769231 0.29927884615384615 0.31009615384615385
11 0.8401442307692307 0.4639423076923077 0.14182692307692307 0.13942307692307693
16 0.5961538461538461 0.4651442307692308 0.20673076923076922 0.24759615384615385
16 0.42427884615384615 0.36658653846153844 0.21875 0.21033653846153846
16 0.23557692307692307 0.47836538461538464 0.22956730769230768 0.24519230769230768
2 0.47475961538461536 0.5060096153846154 0.17427884615384615 0.1971153846153846
2 0.3737980769230769 0.5600961538461539 0.16826923076923078 0.1971153846153846
6 0.28966346153846156 0.7007211538461539 0.31490384615384615 0.265625
8 0.5228365384615384 0.6045673076923077 0.125 0.10697115384615384
8 0.5396634615384616 0.6634615384615384 0.12980769230769232 0.1141826923076923
8 0.6346153846153846 0.6334134615384616 0.10216346153846154 0.12620192307692307
2 0.578125 0.7487980769230769 0.1971153846153846 0.1814903846153846
1 0.6177884615384616 0.8161057692307693 0.24158653846153846 0.19471153846153846
3 0.6358173076923077 0.8870192307692307 0.20072115384615385 0.14783653846153846
3 0.8473557692307693 0.8161057692307693 0.13701923076923078 0.18870192307692307
16 0.8317307692307693 0.6646634615384616 0.21153846153846154 0.16826923076923078
7 0.7620192307692307 0.5564903846153846 0.19110576923076922 0.10336538461538461