16 0.3245192307692308 0.24278846153846154 0.2283653846153846 0.203125
6 0.6502403846153846 0.23317307692307693 0.21634615384615385 0.3173076923076923
4 0.16706730769230768 0.41346153846153844 0.15264423076923078 0.15384615384615385
14 0.31971153846153844 0.4951923076923077 0.20793269230769232 0.25600961538461536
14 0.5276442307692307 0.4699519230769231 0.22956730769230768 0.25721153846153844
14 0.6766826923076923 0.5216346153846154 0.2536057692307692 0.28125
4 0.19471153846153846 0.625 0.15625 0.15745192307692307
0 0.4338942307692308 0.6382211538461539 0.16706730769230768 0.12259615384615384
12 0.27283653846153844 0.6923076923076923 0.15264423076923078 0.09375
1 0.578125 0.6838942307692307 0.1310096153846154 0.109375
1 0.5673076923076923 0.7367788461538461 0.13701923076923078 0.10817307692307693
4 0.7608173076923077 0.7355769230769231 0.14182692307692307 0.16947115384615385
11 0.421875 0.7548076923076923 0.16105769230769232 0.13701923076923078
6 0.2932692307692308 0.8353365384615384 0.33774038461538464 0.29086538461538464