6 0.7956730769230769 0.26802884615384615 0.24278846153846154 0.3076923076923077
6 0.4411057692307692 0.5721153846153846 0.30288461538461536 0.2800480769230769
6 0.171875 0.5132211538461539 0.31971153846153844 0.36778846153846156
6 0.7584134615384616 0.5745192307692307 0.3449519230769231 0.37259615384615385
11 0.5961538461538461 0.2127403846153846 0.11177884615384616 0.12980769230769232
11 0.609375 0.48677884615384615 0.07451923076923077 0.125
11 0.18509615384615385 0.7175480769230769 0.13942307692307693 0.109375
11 0.2692307692307692 0.6189903846153846 0.12379807692307693 0.17067307692307693
14 0.5997596153846154 0.7199519230769231 0.20432692307692307 0.18269230769230768
14 0.8365384615384616 0.7932692307692307 0.234375 0.07692307692307693
14 0.41346153846153844 0.7211538461538461 0.24759615384615385 0.0829326923076923
7 0.5120192307692307 0.7980769230769231 0.1658653846153846 0.09615384615384616
1 0.6850961538461539 0.8677884615384616 0.1466346153846154 0.06850961538461539
12 0.5829326923076923 0.3581730769230769 0.22355769230769232 0.24639423076923078
12 0.4831730769230769 0.3112980769230769 0.14903846153846154 0.3004807692307692
7 0.39302884615384615 0.2860576923076923 0.14543269230769232 0.3317307692307692
7 0.33052884615384615 0.23918269230769232 0.19110576923076922 0.3125
7 0.234375 0.2127403846153846 0.17067307692307693 0.32572115384615385