10 0.15144230769230768 0.2920673076923077 0.2283653846153846 0.203125
12 0.3233173076923077 0.4375 0.0733173076923077 0.2403846153846154
10 0.14423076923076922 0.6430288461538461 0.2247596153846154 0.2091346153846154
12 0.21875 0.8629807692307693 0.11057692307692307 0.14182692307692307
7 0.4266826923076923 0.5360576923076923 0.1814903846153846 0.3161057692307692
7 0.4951923076923077 0.5540865384615384 0.16706730769230768 0.31850961538461536
12 0.6790865384615384 0.5516826923076923 0.171875 0.11298076923076923
12 0.7644230769230769 0.6201923076923077 0.24519230769230768 0.13822115384615385
12 0.3894230769230769 0.8569711538461539 0.09014423076923077 0.14783653846153846
10 0.5300480769230769 0.8341346153846154 0.23918269230769232 0.26802884615384615
14 0.7247596153846154 0.7848557692307693 0.23317307692307693 0.24759615384615385
10 0.8930288461538461 0.7247596153846154 0.21394230769230768 0.21875