7 0.3329326923076923 0.3137019230769231 0.14903846153846154 0.18028846153846154
4 0.1971153846153846 0.4567307692307692 0.20072115384615385 0.2536057692307692
7 0.36177884615384615 0.4495192307692308 0.2644230769230769 0.25
11 0.4987980769230769 0.4891826923076923 0.12980769230769232 0.17908653846153846
7 0.6838942307692307 0.5240384615384616 0.21995192307692307 0.21995192307692307
7 0.6009615384615384 0.6670673076923077 0.2536057692307692 0.15745192307692307
7 0.3737980769230769 0.5973557692307693 0.10576923076923077 0.18028846153846154
7 0.5913461538461539 0.7896634615384616 0.16466346153846154 0.171875
7 0.25961538461538464 0.7079326923076923 0.25240384615384615 0.15384615384615385
4 0.4338942307692308 0.8341346153846154 0.23798076923076922 0.16466346153846154
4 0.18870192307692307 0.8088942307692307 0.25721153846153844 0.2091346153846154