10 0.8353365384615384 0.17307692307692307 0.2776442307692308 0.2932692307692308
10 0.6490384615384616 0.18028846153846154 0.24519230769230768 0.21394230769230768
10 0.6586538461538461 0.3161057692307692 0.23918269230769232 0.234375
10 0.48677884615384615 0.2536057692307692 0.25600961538461536 0.23918269230769232
10 0.3401442307692308 0.21754807692307693 0.23197115384615385 0.2127403846153846
10 0.24158653846153846 0.2764423076923077 0.3016826923076923 0.29086538461538464
6 0.24158653846153846 0.5 0.21634615384615385 0.29927884615384615
6 0.4026442307692308 0.5288461538461539 0.21033653846153846 0.2776442307692308
14 0.5913461538461539 0.4567307692307692 0.24519230769230768 0.09254807692307693
14 0.6466346153846154 0.5348557692307693 0.23677884615384615 0.13341346153846154
7 0.5649038461538461 0.5769230769230769 0.32211538461538464 0.21754807692307693
7 0.546875 0.6634615384615384 0.3293269230769231 0.22235576923076922
11 0.5420673076923077 0.7932692307692307 0.12620192307692307 0.11899038461538461
6 0.35216346153846156 0.7247596153846154 0.34375 0.3449519230769231
1 0.8930288461538461 0.46634615384615385 0.13822115384615385 0.24519230769230768
1 0.7740384615384616 0.5 0.23197115384615385 0.25961538461538464
1 0.8064903846153846 0.6550480769230769 0.23918269230769232 0.2283653846153846
11 0.7319711538461539 0.7475961538461539 0.09495192307692307 0.14423076923076922
4 0.65625 0.828125 0.203125 0.16947115384615385