16 0.24639423076923078 0.1935096153846154 0.20072115384615385 0.2644230769230769
16 0.4338942307692308 0.23557692307692307 0.24639423076923078 0.1778846153846154
16 0.6141826923076923 0.23076923076923078 0.16826923076923078 0.25240384615384615
5 0.8317307692307693 0.21634615384615385 0.33533653846153844 0.43149038461538464
7 0.7367788461538461 0.4074519230769231 0.33413461538461536 0.10096153846153846
4 0.8918269230769231 0.5709134615384616 0.18990384615384615 0.2403846153846154
4 0.5817307692307693 0.5420673076923077 0.16947115384615385 0.23197115384615385
2 0.6574519230769231 0.6370192307692307 0.109375 0.1971153846153846
2 0.7415865384615384 0.7283653846153846 0.17307692307692307 0.15865384615384615
5 0.8521634615384616 0.8040865384615384 0.19110576923076922 0.27283653846153844
14 0.6189903846153846 0.8112980769230769 0.22115384615384615 0.20072115384615385
14 0.4098557692307692 0.8449519230769231 0.2247596153846154 0.21514423076923078
13 0.19471153846153846 0.8293269230769231 0.28966346153846156 0.33533653846153844
7 0.45913461538461536 0.6129807692307693 0.11177884615384616 0.3317307692307692
16 0.09134615384615384 0.5661057692307693 0.09014423076923077 0.1141826923076923
7 0.34975961538461536 0.5144230769230769 0.11538461538461539 0.32572115384615385
7 0.27403846153846156 0.4567307692307692 0.1141826923076923 0.3269230769230769
7 0.16947115384615385 0.5048076923076923 0.12379807692307693 0.33413461538461536