1 0.33413461538461536 0.47115384615384615 0.12379807692307693 0.13701923076923078
1 0.39663461538461536 0.6189903846153846 0.09375 0.1346153846153846
2 0.45552884615384615 0.5300480769230769 0.1310096153846154 0.1622596153846154
2 0.5204326923076923 0.4411057692307692 0.1201923076923077 0.15865384615384615
2 0.5528846153846154 0.6129807692307693 0.1622596153846154 0.12980769230769232
7 0.6382211538461539 0.5036057692307693 0.1658653846153846 0.2932692307692308
7 0.7151442307692307 0.46274038461538464 0.16947115384615385 0.2932692307692308
1 0.703125 0.6754807692307693 0.09375 0.14302884615384615
1 0.7728365384615384 0.6334134615384616 0.10336538461538461 0.13822115384615385
1 0.8052884615384616 0.6887019230769231 0.13822115384615385 0.10817307692307693
4 0.4963942307692308 0.7548076923076923 0.24759615384615385 0.20673076923076922