4 0.3786057692307692 0.140625 0.2800480769230769 0.27524038461538464
4 0.8581730769230769 0.15985576923076922 0.2800480769230769 0.2704326923076923
16 0.7403846153846154 0.4735576923076923 0.23918269230769232 0.2668269230769231
14 0.8762019230769231 0.5588942307692307 0.234375 0.24278846153846154
14 0.8341346153846154 0.7932692307692307 0.16706730769230768 0.20673076923076922
15 0.6310096153846154 0.7235576923076923 0.2247596153846154 0.3293269230769231
15 0.515625 0.8858173076923077 0.1201923076923077 0.04927884615384615
9 0.5420673076923077 0.7355769230769231 0.15384615384615385 0.15625
14 0.5252403846153846 0.6045673076923077 0.20072115384615385 0.171875
14 0.44471153846153844 0.7319711538461539 0.1201923076923077 0.23197115384615385
9 0.39663461538461536 0.6009615384615384 0.15384615384615385 0.15745192307692307
14 0.3449519230769231 0.6682692307692307 0.12980769230769232 0.22956730769230768
9 0.24759615384615385 0.7223557692307693 0.15384615384615385 0.15865384615384615
4 0.11899038461538461 0.7379807692307693 0.19831730769230768 0.2536057692307692
16 0.13341346153846154 0.5048076923076923 0.24759615384615385 0.26322115384615385
6 0.28846153846153844 0.421875 0.265625 0.3004807692307692
4 0.15745192307692307 0.203125 0.3088942307692308 0.30649038461538464
16 0.4483173076923077 0.328125 0.16947115384615385 0.23557692307692307
16 0.5661057692307693 0.46274038461538464 0.15384615384615385 0.2283653846153846