5 0.31850961538461536 0.3954326923076923 0.5072115384615384 0.453125
5 0.59375 0.22716346153846154 0.4567307692307692 0.4543269230769231
10 0.8846153846153846 0.4423076923076923 0.23076923076923078 0.27524038461538464
10 0.7692307692307693 0.46634615384615385 0.24519230769230768 0.2980769230769231
2 0.6430288461538461 0.49399038461538464 0.13581730769230768 0.16826923076923078
2 0.5576923076923077 0.5264423076923077 0.13942307692307693 0.16706730769230768
2 0.49399038461538464 0.59375 0.13822115384615385 0.16947115384615385
0 0.4050480769230769 0.6021634615384616 0.13822115384615385 0.17067307692307693
0 0.3269230769230769 0.6370192307692307 0.14182692307692307 0.1875
0 0.24759615384615385 0.671875 0.140625 0.18389423076923078
3 0.3112980769230769 0.7620192307692307 0.19110576923076922 0.14783653846153846
3 0.3762019230769231 0.7860576923076923 0.18870192307692307 0.16466346153846154
3 0.4050480769230769 0.8329326923076923 0.19110576923076922 0.16947115384615385
8 0.46153846153846156 0.8713942307692307 0.125 0.12980769230769232
3 0.5048076923076923 0.7764423076923077 0.12139423076923077 0.17908653846153846
3 0.5336538461538461 0.7463942307692307 0.13341346153846154 0.1814903846153846
3 0.5721153846153846 0.7247596153846154 0.1346153846153846 0.1935096153846154
4 0.6490384615384616 0.6862980769230769 0.1935096153846154 0.203125
4 0.7644230769230769 0.6610576923076923 0.18629807692307693 0.18990384615384615
4 0.8786057692307693 0.6418269230769231 0.17908653846153846 0.20072115384615385