5 0.7944711538461539 0.3545673076923077 0.3581730769230769 0.49158653846153844
5 0.28125 0.6021634615384616 0.47716346153846156 0.5084134615384616
8 0.5997596153846154 0.7704326923076923 0.10817307692307693 0.11778846153846154
8 0.7704326923076923 0.6550480769230769 0.11899038461538461 0.09254807692307693
8 0.7319711538461539 0.7608173076923077 0.13701923076923078 0.11538461538461539
7 0.4326923076923077 0.43028846153846156 0.11298076923076923 0.18990384615384615
7 0.5180288461538461 0.41225961538461536 0.10216346153846154 0.171875
7 0.6057692307692307 0.43028846153846156 0.12379807692307693 0.16947115384615385
1 0.5276442307692307 0.6153846153846154 0.18509615384615385 0.23557692307692307
1 0.6262019230769231 0.6081730769230769 0.1875 0.22115384615384615
11 0.5504807692307693 0.27163461538461536 0.17908653846153846 0.15985576923076922
11 0.41225961538461536 0.2548076923076923 0.14423076923076922 0.1935096153846154