8 0.6141826923076923 0.703125 0.1201923076923077 0.11177884615384616
8 0.6923076923076923 0.7271634615384616 0.13221153846153846 0.109375
8 0.7199519230769231 0.7848557692307693 0.1310096153846154 0.1141826923076923
12 0.5865384615384616 0.8545673076923077 0.21875 0.09014423076923077
4 0.5877403846153846 0.5516826923076923 0.1935096153846154 0.2548076923076923
4 0.4651442307692308 0.6850961538461539 0.21634615384615385 0.25721153846153844
13 0.8221153846153846 0.5516826923076923 0.2956730769230769 0.25
13 0.7391826923076923 0.31009615384615385 0.24879807692307693 0.3004807692307692
13 0.22596153846153846 0.5985576923076923 0.2848557692307692 0.24519230769230768
7 0.3269230769230769 0.7932692307692307 0.1935096153846154 0.21875
13 0.21634615384615385 0.3425480769230769 0.3401442307692308 0.34134615384615385
13 0.4963942307692308 0.2403846153846154 0.32091346153846156 0.31971153846153844
13 0.3918269230769231 0.421875 0.3473557692307692 0.3545673076923077