8 0.8990384615384616 0.27524038461538464 0.08052884615384616 0.11778846153846154
8 0.8353365384615384 0.25961538461538464 0.09014423076923077 0.11778846153846154
8 0.4170673076923077 0.7716346153846154 0.0625 0.1141826923076923
3 0.7728365384615384 0.25841346153846156 0.12379807692307693 0.20072115384615385
3 0.8713942307692307 0.3870192307692308 0.1971153846153846 0.09014423076923077
3 0.4795673076923077 0.9002403846153846 0.18509615384615385 0.14302884615384615
13 0.8497596153846154 0.5420673076923077 0.3004807692307692 0.3389423076923077
13 0.46875 0.2127403846153846 0.34134615384615385 0.36778846153846156
13 0.21514423076923078 0.6887019230769231 0.34134615384615385 0.3605769230769231
16 0.6538461538461539 0.22596153846153846 0.17067307692307693 0.27163461538461536
16 0.2247596153846154 0.27163461538461536 0.19951923076923078 0.2692307692307692
1 0.6911057692307693 0.3737980769230769 0.13822115384615385 0.056490384615384616
1 0.40024038461538464 0.6622596153846154 0.11899038461538461 0.12860576923076922
7 0.33774038461538464 0.3786057692307692 0.12379807692307693 0.1778846153846154
7 0.23557692307692307 0.4675480769230769 0.17908653846153846 0.14543269230769232
14 0.3557692307692308 0.5612980769230769 0.20673076923076922 0.23197115384615385
6 0.5204326923076923 0.41346153846153844 0.2956730769230769 0.2247596153846154
6 0.609375 0.5492788461538461 0.3798076923076923 0.2824519230769231
6 0.5901442307692307 0.7247596153846154 0.34134615384615385 0.21754807692307693