13 0.20192307692307693 0.171875 0.28725961538461536 0.3425480769230769
16 0.39903846153846156 0.29447115384615385 0.1502403846153846 0.2283653846153846
16 0.5516826923076923 0.2439903846153846 0.14543269230769232 0.20793269230769232
16 0.6899038461538461 0.21754807692307693 0.1502403846153846 0.20552884615384615
4 0.8269230769230769 0.3112980769230769 0.16826923076923078 0.23557692307692307
7 0.7247596153846154 0.4423076923076923 0.11298076923076923 0.24639423076923078
15 0.8185096153846154 0.4807692307692308 0.09254807692307693 0.16105769230769232
15 0.6286057692307693 0.45072115384615385 0.13221153846153846 0.13581730769230768
7 0.18990384615384615 0.47836538461538464 0.17307692307692307 0.2283653846153846
4 0.1201923076923077 0.5492788461538461 0.23317307692307693 0.21033653846153846
7 0.4651442307692308 0.5805288461538461 0.21514423076923078 0.1778846153846154
16 0.59375 0.5408653846153846 0.22956730769230768 0.2091346153846154
15 0.6646634615384616 0.6189903846153846 0.10216346153846154 0.16105769230769232
4 0.7475961538461539 0.6286057692307693 0.16947115384615385 0.18870192307692307
13 0.2283653846153846 0.7163461538461539 0.375 0.3581730769230769
12 0.15384615384615385 0.8846153846153846 0.2620192307692308 0.22355769230769232
13 0.5504807692307693 0.8233173076923077 0.359375 0.25841346153846156
1 0.8569711538461539 0.7475961538461539 0.17908653846153846 0.20793269230769232