14 0.6262019230769231 0.20673076923076922 0.2620192307692308 0.2536057692307692
14 0.6694711538461539 0.8112980769230769 0.24879807692307693 0.2536057692307692
12 0.5300480769230769 0.4891826923076923 0.2403846153846154 0.1346153846153846
3 0.7716346153846154 0.6045673076923077 0.21875 0.12259615384615384
16 0.3401442307692308 0.7463942307692307 0.25600961538461536 0.2620192307692308
16 0.29927884615384615 0.5372596153846154 0.23557692307692307 0.20432692307692307
13 0.5324519230769231 0.6334134615384616 0.3293269230769231 0.3425480769230769
13 0.31971153846153844 0.2824519230769231 0.33052884615384615 0.35336538461538464
16 0.5456730769230769 0.35216346153846156 0.2403846153846154 0.24278846153846154
8 0.6959134615384616 0.375 0.10576923076923077 0.08052884615384616
8 0.7608173076923077 0.5036057692307693 0.12980769230769232 0.10697115384615384
8 0.7764423076923077 0.3737980769230769 0.08533653846153846 0.11899038461538461