5 0.3473557692307692 0.24519230769230768 0.49158653846153844 0.4735576923076923
16 0.29927884615384615 0.5024038461538461 0.17668269230769232 0.24639423076923078
16 0.4735576923076923 0.4170673076923077 0.25841346153846156 0.24519230769230768
16 0.6033653846153846 0.33052884615384615 0.2512019230769231 0.22596153846153846
15 0.1935096153846154 0.6923076923076923 0.23677884615384615 0.3161057692307692
15 0.3088942307692308 0.7944711538461539 0.3016826923076923 0.3317307692307692
0 0.49278846153846156 0.7451923076923077 0.21514423076923078 0.203125
0 0.5396634615384616 0.6730769230769231 0.20793269230769232 0.1971153846153846
7 0.5997596153846154 0.6033653846153846 0.17908653846153846 0.22716346153846154
7 0.6911057692307693 0.5516826923076923 0.15865384615384615 0.24158653846153846
1 0.7560096153846154 0.5528846153846154 0.09615384615384616 0.12980769230769232
4 0.8545673076923077 0.4326923076923077 0.2403846153846154 0.21634615384615385