5 0.4387019230769231 0.29086538461538464 0.5120192307692307 0.4951923076923077
7 0.8137019230769231 0.5060096153846154 0.1045673076923077 0.24519230769230768
7 0.71875 0.46153846153846156 0.10817307692307693 0.24639423076923078
1 0.7836538461538461 0.6947115384615384 0.13942307692307693 0.08533653846153846
1 0.7584134615384616 0.7355769230769231 0.15144230769230768 0.09975961538461539
10 0.6574519230769231 0.6454326923076923 0.18629807692307693 0.1971153846153846
10 0.5180288461538461 0.6634615384615384 0.16947115384615385 0.18990384615384615
7 0.3389423076923077 0.59375 0.16105769230769232 0.23918269230769232
14 0.6189903846153846 0.49278846153846156 0.13942307692307693 0.23918269230769232
14 0.5576923076923077 0.4735576923076923 0.1502403846153846 0.234375
14 0.4651442307692308 0.5108173076923077 0.1814903846153846 0.21995192307692307