5 0.2247596153846154 0.2704326923076923 0.21634615384615385 0.2932692307692308
9 0.41947115384615385 0.22355769230769232 0.19831730769230768 0.16466346153846154
5 0.5973557692307693 0.3485576923076923 0.296875 0.19951923076923078
12 0.6610576923076923 0.43509615384615385 0.31490384615384615 0.17908653846153846
7 0.3918269230769231 0.46875 0.1346153846153846 0.171875
16 0.12980769230769232 0.8016826923076923 0.25721153846153844 0.25841346153846156
3 0.2956730769230769 0.5745192307692307 0.1778846153846154 0.171875
3 0.33653846153846156 0.5961538461538461 0.10576923076923077 0.21153846153846154
3 0.47836538461538464 0.5901442307692307 0.1346153846153846 0.20793269230769232
9 0.7415865384615384 0.5012019230769231 0.20192307692307693 0.15865384615384615
7 0.6069711538461539 0.5841346153846154 0.17067307692307693 0.11298076923076923
3 0.6766826923076923 0.6225961538461539 0.19831730769230768 0.11298076923076923
5 0.7199519230769231 0.7475961538461539 0.30649038461538464 0.21514423076923078