9 0.23677884615384615 0.42788461538461536 0.125 0.2127403846153846
9 0.4963942307692308 0.6814903846153846 0.21153846153846154 0.12860576923076922
9 0.6766826923076923 0.5817307692307693 0.2127403846153846 0.19230769230769232
7 0.3317307692307692 0.49158653846153844 0.1346153846153846 0.32211538461538464
7 0.4891826923076923 0.44591346153846156 0.23677884615384615 0.28125
7 0.5889423076923077 0.3894230769230769 0.24759615384615385 0.27283653846153844
7 0.6117788461538461 0.30288461538461536 0.17548076923076922 0.17908653846153846
7 0.7295673076923077 0.42788461538461536 0.17307692307692307 0.1814903846153846
1 0.43149038461538464 0.4723557692307692 0.1045673076923077 0.12259615384615384
1 0.4639423076923077 0.5600961538461539 0.12620192307692307 0.09134615384615384
1 0.5997596153846154 0.49278846153846156 0.10576923076923077 0.11899038461538461
14 0.7055288461538461 0.671875 0.328125 0.2403846153846154
13 0.2800480769230769 0.6887019230769231 0.3293269230769231 0.3641826923076923