7 0.8341346153846154 0.42908653846153844 0.2620192307692308 0.16466346153846154
7 0.0673076923076923 0.5564903846153846 0.13341346153846154 0.2536057692307692
7 0.5300480769230769 0.5685096153846154 0.2439903846153846 0.16826923076923078
16 0.8028846153846154 0.6069711538461539 0.3088942307692308 0.16826923076923078
16 0.8257211538461539 0.7475961538461539 0.2956730769230769 0.1814903846153846
4 0.7067307692307693 0.8725961538461539 0.2247596153846154 0.1502403846153846
4 0.6069711538461539 0.7007211538461539 0.13822115384615385 0.22355769230769232
4 0.4362980769230769 0.859375 0.2512019230769231 0.16826923076923078
15 0.31009615384615385 0.609375 0.06129807692307692 0.12860576923076922
15 0.6923076923076923 0.5072115384615384 0.12259615384615384 0.06009615384615385
14 0.43028846153846156 0.6814903846153846 0.23918269230769232 0.234375
14 0.2091346153846154 0.6862980769230769 0.19591346153846154 0.2247596153846154
1 0.19230769230769232 0.5180288461538461 0.18509615384615385 0.19951923076923078
13 0.5516826923076923 0.3485576923076923 0.32211538461538464 0.35096153846153844
13 0.36177884615384615 0.4519230769230769 0.32211538461538464 0.36778846153846156
13 0.35336538461538464 0.16346153846153846 0.34975961538461536 0.29086538461538464
10 0.13942307692307693 0.29927884615384615 0.19831730769230768 0.27403846153846156
4 0.7175480769230769 0.28125 0.23798076923076922 0.23076923076923078