13 0.7572115384615384 0.2692307692307692 0.2848557692307692 0.24519230769230768
13 0.49759615384615385 0.265625 0.2776442307692308 0.3137019230769231
13 0.3016826923076923 0.34615384615384615 0.2644230769230769 0.3112980769230769
7 0.5889423076923077 0.43990384615384615 0.16346153846153846 0.15384615384615385
7 0.7199519230769231 0.43990384615384615 0.18629807692307693 0.1622596153846154
7 0.48197115384615385 0.6201923076923077 0.18389423076923078 0.1622596153846154
11 0.3473557692307692 0.5649038461538461 0.12980769230769232 0.19230769230769232
7 0.42908653846153844 0.6802884615384616 0.16346153846153846 0.14903846153846154
10 0.36778846153846156 0.7692307692307693 0.20673076923076922 0.21033653846153846
11 0.5997596153846154 0.7584134615384616 0.10817307692307693 0.1935096153846154
11 0.7283653846153846 0.7896634615384616 0.1502403846153846 0.1971153846153846
6 0.7487980769230769 0.6021634615384616 0.38341346153846156 0.3485576923076923