16 0.13581730769230768 0.24278846153846154 0.18990384615384615 0.3112980769230769
16 0.26802884615384615 0.18269230769230768 0.171875 0.2283653846153846
5 0.49278846153846156 0.25600961538461536 0.3605769230769231 0.42788461538461536
5 0.7704326923076923 0.25721153846153844 0.3713942307692308 0.4483173076923077
9 0.7704326923076923 0.4963942307692308 0.1466346153846154 0.15144230769230768
9 0.90625 0.49158653846153844 0.14783653846153846 0.13942307692307693
6 0.16105769230769232 0.5709134615384616 0.2091346153846154 0.28725961538461536
16 0.34134615384615385 0.5973557692307693 0.15985576923076922 0.28846153846153844
3 0.4579326923076923 0.5661057692307693 0.09134615384615384 0.19951923076923078
3 0.5060096153846154 0.5456730769230769 0.10576923076923077 0.20793269230769232
3 0.5600961538461539 0.5420673076923077 0.10216346153846154 0.1971153846153846
3 0.5949519230769231 0.515625 0.08533653846153846 0.17668269230769232
3 0.6478365384615384 0.5264423076923077 0.09134615384615384 0.18389423076923078
3 0.6935096153846154 0.5336538461538461 0.07932692307692307 0.17668269230769232
6 0.7824519230769231 0.7103365384615384 0.27884615384615385 0.3173076923076923
6 0.6105769230769231 0.7560096153846154 0.234375 0.2860576923076923
2 0.4699519230769231 0.8088942307692307 0.1502403846153846 0.19951923076923078
2 0.33052884615384615 0.8185096153846154 0.15264423076923078 0.18990384615384615