9 0.6971153846153846 0.18028846153846154 0.22115384615384615 0.14302884615384615
9 0.6971153846153846 0.7572115384615384 0.21995192307692307 0.1346153846153846
9 0.8737980769230769 0.53125 0.18269230769230768 0.22235576923076922
3 0.31971153846153844 0.8365384615384616 0.12980769230769232 0.2091346153846154
2 0.7884615384615384 0.3557692307692308 0.15985576923076922 0.15865384615384615
2 0.4170673076923077 0.7391826923076923 0.1658653846153846 0.13701923076923078
2 0.23317307692307693 0.3786057692307692 0.14182692307692307 0.1658653846153846
3 0.8149038461538461 0.3269230769230769 0.15504807692307693 0.18509615384615385
16 0.8629807692307693 0.7271634615384616 0.125 0.11658653846153846
16 0.5324519230769231 0.8557692307692307 0.1201923076923077 0.13701923076923078
13 0.4387019230769231 0.296875 0.35096153846153844 0.2920673076923077
0 0.7199519230769231 0.4423076923076923 0.25 0.34375
0 0.5745192307692307 0.5721153846153846 0.3485576923076923 0.22716346153846154
0 0.3894230769230769 0.5865384615384616 0.3329326923076923 0.27283653846153844
0 0.6382211538461539 0.5132211538461539 0.23677884615384615 0.23557692307692307
2 0.5012019230769231 0.421875 0.12139423076923077 0.12259615384615384
11 0.25 0.6274038461538461 0.13221153846153846 0.18870192307692307