13 0.27524038461538464 0.33774038461538464 0.30288461538461536 0.34975961538461536
2 0.3942307692307692 0.4735576923076923 0.17427884615384615 0.19230769230769232
2 0.4795673076923077 0.32091346153846156 0.12259615384615384 0.17307692307692307
13 0.6286057692307693 0.3137019230769231 0.21995192307692307 0.29447115384615385
13 0.8209134615384616 0.27884615384615385 0.22716346153846154 0.3016826923076923
11 0.43990384615384615 0.6298076923076923 0.14903846153846154 0.17307692307692307
15 0.33774038461538464 0.6935096153846154 0.3004807692307692 0.328125
15 0.23076923076923078 0.7139423076923077 0.24158653846153846 0.33052884615384615
7 0.5516826923076923 0.6971153846153846 0.125 0.3329326923076923
8 0.5985576923076923 0.5432692307692307 0.09735576923076923 0.140625
1 0.6189903846153846 0.6850961538461539 0.08653846153846154 0.1502403846153846
1 0.6646634615384616 0.6742788461538461 0.07091346153846154 0.14903846153846154
1 0.7235576923076923 0.6754807692307693 0.052884615384615384 0.15144230769230768
4 0.6826923076923077 0.5252403846153846 0.12740384615384615 0.15144230769230768
16 0.8064903846153846 0.5480769230769231 0.17307692307692307 0.24519230769230768