13 0.2644230769230769 0.29927884615384615 0.35096153846153844 0.34975961538461536
14 0.41346153846153844 0.1971153846153846 0.20432692307692307 0.18509615384615385
13 0.5612980769230769 0.28125 0.3425480769230769 0.3389423076923077
4 0.7704326923076923 0.3918269230769231 0.17307692307692307 0.2283653846153846
12 0.6850961538461539 0.453125 0.14903846153846154 0.14543269230769232
12 0.6923076923076923 0.5504807692307693 0.25600961538461536 0.24759615384615385
4 0.5324519230769231 0.5060096153846154 0.23076923076923078 0.1778846153846154
12 0.5576923076923077 0.6057692307692307 0.30408653846153844 0.12740384615384615
11 0.3605769230769231 0.5204326923076923 0.12860576923076922 0.12860576923076922
11 0.28365384615384615 0.5805288461538461 0.125 0.08052884615384616
12 0.1875 0.5216346153846154 0.26322115384615385 0.25240384615384615
12 0.328125 0.6334134615384616 0.16826923076923078 0.1045673076923077
13 0.71875 0.7644230769230769 0.328125 0.2860576923076923
4 0.4723557692307692 0.7836538461538461 0.22355769230769232 0.18269230769230768
5 0.27524038461538464 0.7944711538461539 0.41466346153846156 0.3389423076923077