16 0.7091346153846154 0.2644230769230769 0.22115384615384615 0.1875
16 0.8317307692307693 0.43509615384615385 0.24158653846153846 0.23317307692307693
2 0.6286057692307693 0.3870192307692308 0.16826923076923078 0.11778846153846154
16 0.44471153846153844 0.296875 0.14302884615384615 0.19591346153846154
16 0.21634615384615385 0.4375 0.15985576923076922 0.19110576923076922
2 0.3485576923076923 0.47475961538461536 0.13221153846153846 0.16826923076923078
8 0.5240384615384616 0.4963942307692308 0.1141826923076923 0.12139423076923077
2 0.43509615384615385 0.6189903846153846 0.1658653846153846 0.16105769230769232
8 0.4699519230769231 0.5420673076923077 0.11778846153846154 0.11538461538461539
12 0.3004807692307692 0.6454326923076923 0.14543269230769232 0.09134615384615384
4 0.36538461538461536 0.7704326923076923 0.23076923076923078 0.171875
6 0.5985576923076923 0.75 0.25841346153846156 0.20072115384615385
4 0.7379807692307693 0.7259615384615384 0.25600961538461536 0.26322115384615385
3 0.8245192307692307 0.6298076923076923 0.11538461538461539 0.17548076923076922
12 0.7055288461538461 0.6009615384615384 0.1466346153846154 0.09014423076923077
7 0.5805288461538461 0.5805288461538461 0.16947115384615385 0.15745192307692307
8 0.6442307692307693 0.4795673076923077 0.11778846153846154 0.07692307692307693