6 0.8677884615384616 0.31009615384615385 0.25961538461538464 0.3125
6 0.6814903846153846 0.2536057692307692 0.3870192307692308 0.41225961538461536
12 0.4699519230769231 0.3004807692307692 0.0829326923076923 0.15384615384615385
12 0.2980769230769231 0.22716346153846154 0.0985576923076923 0.15985576923076922
12 0.25721153846153844 0.4519230769230769 0.10336538461538461 0.15985576923076922
7 0.34975961538461536 0.4206730769230769 0.18028846153846154 0.3293269230769231
7 0.18028846153846154 0.4206730769230769 0.15144230769230768 0.33774038461538464
12 0.16466346153846154 0.29447115384615385 0.12379807692307693 0.1971153846153846
10 0.46274038461538464 0.515625 0.22115384615384615 0.20072115384615385
10 0.3641826923076923 0.6959134615384616 0.2439903846153846 0.21033653846153846
6 0.8185096153846154 0.5564903846153846 0.30528846153846156 0.2800480769230769
6 0.6009615384615384 0.6778846153846154 0.29086538461538464 0.2860576923076923
10 0.78125 0.8365384615384616 0.2764423076923077 0.25600961538461536
10 0.36177884615384615 0.8822115384615384 0.31971153846153844 0.22596153846153846