10 0.8100961538461539 0.49038461538461536 0.23677884615384615 0.2439903846153846
10 0.7487980769230769 0.7980769230769231 0.25600961538461536 0.30649038461538464
10 0.41466346153846156 0.5228365384615384 0.2512019230769231 0.22956730769230768
11 0.2692307692307692 0.6814903846153846 0.19110576923076922 0.14302884615384615
13 0.49278846153846156 0.6826923076923077 0.30408653846153844 0.3112980769230769
14 0.6274038461538461 0.7379807692307693 0.20552884615384615 0.2247596153846154
14 0.6682692307692307 0.3798076923076923 0.25240384615384615 0.13701923076923078
12 0.7944711538461539 0.6502403846153846 0.19110576923076922 0.11298076923076923
12 0.6814903846153846 0.5108173076923077 0.10336538461538461 0.16826923076923078
12 0.6201923076923077 0.5480769230769231 0.09134615384615384 0.16947115384615385
5 0.29447115384615385 0.3161057692307692 0.3485576923076923 0.4182692307692308
5 0.5841346153846154 0.27283653846153844 0.4375 0.35216346153846156