10 0.5721153846153846 0.18629807692307693 0.21995192307692307 0.18870192307692307
10 0.4254807692307692 0.3389423076923077 0.25 0.25
10 0.6995192307692307 0.32211538461538464 0.2512019230769231 0.22596153846153846
13 0.2439903846153846 0.4362980769230769 0.3485576923076923 0.34975961538461536
0 0.6033653846153846 0.47836538461538464 0.37259615384615385 0.11778846153846154
11 0.5168269230769231 0.5588942307692307 0.1935096153846154 0.07451923076923077
12 0.71875 0.5625 0.15745192307692307 0.07932692307692307
12 0.8137019230769231 0.4831730769230769 0.10216346153846154 0.15865384615384615
12 0.828125 0.6069711538461539 0.10576923076923077 0.15865384615384615
11 0.5504807692307693 0.6466346153846154 0.1935096153846154 0.11177884615384616
8 0.7199519230769231 0.6538461538461539 0.11899038461538461 0.07692307692307693
15 0.234375 0.6935096153846154 0.234375 0.2439903846153846
0 0.44350961538461536 0.6923076923076923 0.2620192307692308 0.19831730769230768
8 0.3545673076923077 0.6995192307692307 0.11538461538461539 0.11778846153846154
15 0.44471153846153844 0.8100961538461539 0.23317307692307693 0.13822115384615385
14 0.6574519230769231 0.7319711538461539 0.17307692307692307 0.11298076923076923
16 0.7860576923076923 0.7319711538461539 0.08052884615384616 0.11177884615384616
14 0.6598557692307693 0.8425480769230769 0.18870192307692307 0.12379807692307693