5 0.7379807692307693 0.265625 0.375 0.3737980769230769
11 0.5264423076923077 0.24158653846153846 0.10817307692307693 0.15625
11 0.5180288461538461 0.3954326923076923 0.13341346153846154 0.15985576923076922
9 0.4266826923076923 0.34375 0.14903846153846154 0.15384615384615385
16 0.3786057692307692 0.19471153846153846 0.11778846153846154 0.12139423076923077
9 0.28725961538461536 0.23918269230769232 0.125 0.13822115384615385
16 0.30528846153846156 0.34975961538461536 0.10216346153846154 0.0733173076923077
7 0.4266826923076923 0.4807692307692308 0.30408653846153844 0.20192307692307693
7 0.3641826923076923 0.5336538461538461 0.3125 0.17067307692307693
5 0.7163461538461539 0.5901442307692307 0.3473557692307692 0.3245192307692308
16 0.8846153846153846 0.7560096153846154 0.23076923076923078 0.24759615384615385
10 0.7115384615384616 0.8185096153846154 0.19471153846153846 0.1971153846153846
16 0.5084134615384616 0.8725961538461539 0.234375 0.24519230769230768
10 0.4651442307692308 0.7007211538461539 0.16706730769230768 0.19591346153846154
7 0.35336538461538464 0.7427884615384616 0.09615384615384616 0.33533653846153844
16 0.2403846153846154 0.7740384615384616 0.1466346153846154 0.2403846153846154
16 0.23557692307692307 0.5817307692307693 0.07692307692307693 0.10336538461538461
10 0.12259615384615384 0.46274038461538464 0.2091346153846154 0.19471153846153846
9 0.15985576923076922 0.29447115384615385 0.13822115384615385 0.12620192307692307