11 0.36658653846153844 0.22956730769230768 0.12379807692307693 0.07572115384615384
2 0.4807692307692308 0.3629807692307692 0.09254807692307693 0.1466346153846154
0 0.23677884615384615 0.5396634615384616 0.08413461538461539 0.28365384615384615
7 0.328125 0.5432692307692307 0.14423076923076922 0.31850961538461536
14 0.3425480769230769 0.7884615384615384 0.26802884615384615 0.24759615384615385
13 0.5829326923076923 0.7932692307692307 0.24158653846153846 0.31009615384615385
0 0.6862980769230769 0.4543269230769231 0.13581730769230768 0.2800480769230769
0 0.7584134615384616 0.5024038461538461 0.19110576923076922 0.21394230769230768
0 0.7584134615384616 0.6274038461538461 0.21875 0.23798076923076922
11 0.8137019230769231 0.6646634615384616 0.12379807692307693 0.12740384615384615
11 0.15985576923076922 0.5877403846153846 0.09134615384615384 0.12980769230769232
7 0.4266826923076923 0.5733173076923077 0.24519230769230768 0.2764423076923077
7 0.578125 0.53125 0.15384615384615385 0.3137019230769231