12 0.6634615384615384 0.3137019230769231 0.1875 0.3016826923076923
12 0.43509615384615385 0.23677884615384615 0.3112980769230769 0.09735576923076923
12 0.4723557692307692 0.33533653846153844 0.30408653846153844 0.10096153846153846
16 0.35336538461538464 0.4206730769230769 0.24278846153846154 0.17548076923076922
7 0.2091346153846154 0.5084134615384616 0.14543269230769232 0.1658653846153846
7 0.12980769230769232 0.5997596153846154 0.09615384615384616 0.16346153846153846
7 0.2704326923076923 0.6670673076923077 0.1466346153846154 0.16706730769230768
14 0.3701923076923077 0.5961538461538461 0.14543269230769232 0.17908653846153846
3 0.4170673076923077 0.7319711538461539 0.20072115384615385 0.07572115384615384
4 0.2439903846153846 0.8305288461538461 0.2548076923076923 0.24278846153846154
4 0.7007211538461539 0.8846153846153846 0.1778846153846154 0.2283653846153846
16 0.7199519230769231 0.6069711538461539 0.19230769230769232 0.24519230769230768
14 0.5673076923076923 0.6286057692307693 0.1622596153846154 0.20072115384615385
16 0.8449519230769231 0.3798076923076923 0.21875 0.25600961538461536