1 0.640625 0.7644230769230769 0.1466346153846154 0.057692307692307696
6 0.7307692307692307 0.5625 0.23677884615384615 0.3137019230769231
6 0.6682692307692307 0.2668269230769231 0.3317307692307692 0.3233173076923077
3 0.5336538461538461 0.2920673076923077 0.15504807692307693 0.21875
7 0.5240384615384616 0.49158653846153844 0.25600961538461536 0.25961538461538464
6 0.4495192307692308 0.7163461538461539 0.34375 0.32572115384615385
7 0.38221153846153844 0.4951923076923077 0.11057692307692307 0.32091346153846156
7 0.2848557692307692 0.5985576923076923 0.10576923076923077 0.3293269230769231
15 0.2704326923076923 0.4675480769230769 0.07932692307692307 0.13221153846153846
16 0.2848557692307692 0.36658653846153844 0.11298076923076923 0.10336538461538461
3 0.171875 0.46634615384615385 0.1875 0.17548076923076922
3 0.3293269230769231 0.26322115384615385 0.203125 0.16947115384615385