6 0.1466346153846154 0.7620192307692307 0.2704326923076923 0.34134615384615385
13 0.5673076923076923 0.6875 0.30528846153846156 0.2403846153846154
4 0.8221153846153846 0.3485576923076923 0.2403846153846154 0.22716346153846154
4 0.4423076923076923 0.27403846153846156 0.22956730769230768 0.27403846153846156
7 0.5564903846153846 0.4230769230769231 0.140625 0.1658653846153846
7 0.41586538461538464 0.47596153846153844 0.1141826923076923 0.171875
2 0.2620192307692308 0.35216346153846156 0.14543269230769232 0.16346153846153846
11 0.31971153846153844 0.4411057692307692 0.14783653846153846 0.16466346153846154
11 0.14543269230769232 0.4026442307692308 0.12620192307692307 0.15985576923076922
7 0.20673076923076922 0.5576923076923077 0.1814903846153846 0.10336538461538461
11 0.5252403846153846 0.5444711538461539 0.12860576923076922 0.1045673076923077
11 0.3269230769230769 0.6298076923076923 0.12980769230769232 0.09014423076923077