15 0.8040865384615384 0.4014423076923077 0.27163461538461536 0.3293269230769231
3 0.7608173076923077 0.6009615384615384 0.19471153846153846 0.1466346153846154
3 0.6538461538461539 0.3605769230769231 0.13581730769230768 0.18870192307692307
3 0.671875 0.31850961538461536 0.17307692307692307 0.15625
3 0.71875 0.22115384615384615 0.07091346153846154 0.20552884615384615
4 0.5793269230769231 0.4098557692307692 0.2247596153846154 0.25600961538461536
13 0.4362980769230769 0.16826923076923078 0.35096153846153844 0.32572115384615385
4 0.4567307692307692 0.42788461538461536 0.19471153846153846 0.22355769230769232
4 0.25600961538461536 0.3389423076923077 0.25240384615384615 0.25
12 0.546875 0.5985576923076923 0.1875 0.16947115384615385
4 0.5841346153846154 0.6983173076923077 0.2247596153846154 0.2403846153846154
13 0.36538461538461536 0.5805288461538461 0.3317307692307692 0.328125
4 0.22355769230769232 0.5108173076923077 0.24158653846153846 0.19110576923076922