9 0.12860576923076922 0.3389423076923077 0.16466346153846154 0.17908653846153846
16 0.21754807692307693 0.2704326923076923 0.1346153846153846 0.1141826923076923
16 0.24158653846153846 0.40625 0.13341346153846154 0.13581730769230768
7 0.4266826923076923 0.3389423076923077 0.3557692307692308 0.12379807692307693
6 0.609375 0.2283653846153846 0.3293269230769231 0.35697115384615385
7 0.7548076923076923 0.4675480769230769 0.13701923076923078 0.34975961538461536
16 0.9086538461538461 0.296875 0.18028846153846154 0.25721153846153844
4 0.4206730769230769 0.46153846153846156 0.2668269230769231 0.19591346153846154
14 0.6045673076923077 0.4855769230769231 0.18269230769230768 0.1971153846153846
14 0.6610576923076923 0.5480769230769231 0.17548076923076922 0.18509615384615385
9 0.22115384615384615 0.5504807692307693 0.16826923076923078 0.17668269230769232
14 0.296875 0.5997596153846154 0.16947115384615385 0.19951923076923078
6 0.40865384615384615 0.6862980769230769 0.28846153846153844 0.3401442307692308
11 0.21995192307692307 0.7403846153846154 0.14182692307692307 0.17548076923076922
4 0.5889423076923077 0.6995192307692307 0.24158653846153846 0.26802884615384615
16 0.7355769230769231 0.7524038461538461 0.25600961538461536 0.27283653846153844
16 0.8161057692307693 0.8701923076923077 0.24639423076923078 0.25240384615384615