12 0.6370192307692307 0.28846153846153844 0.2512019230769231 0.23557692307692307
12 0.8076923076923077 0.5432692307692307 0.2644230769230769 0.21995192307692307
4 0.6153846153846154 0.40384615384615385 0.2403846153846154 0.23677884615384615
0 0.8533653846153846 0.22115384615384615 0.21995192307692307 0.20673076923076922
0 0.5697115384615384 0.7391826923076923 0.23798076923076922 0.09254807692307693
4 0.4266826923076923 0.7884615384615384 0.13942307692307693 0.14423076923076922
6 0.2608173076923077 0.24759615384615385 0.2512019230769231 0.3016826923076923
4 0.36778846153846156 0.4050480769230769 0.1310096153846154 0.1466346153846154
6 0.40865384615384615 0.6213942307692307 0.21033653846153846 0.2692307692307692
6 0.2704326923076923 0.6826923076923077 0.3293269230769231 0.31009615384615385
10 0.21394230769230768 0.8846153846153846 0.22716346153846154 0.2247596153846154