10 0.6706730769230769 0.23557692307692307 0.265625 0.24879807692307693
10 0.4423076923076923 0.31009615384615385 0.24519230769230768 0.2127403846153846
6 0.6802884615384616 0.4699519230769231 0.31490384615384615 0.25
2 0.3942307692307692 0.46634615384615385 0.125 0.14302884615384615
2 0.4855769230769231 0.5733173076923077 0.09615384615384616 0.16346153846153846
12 0.5552884615384616 0.6490384615384616 0.09014423076923077 0.17307692307692307
6 0.6466346153846154 0.6706730769230769 0.3449519230769231 0.2644230769230769
1 0.4074519230769231 0.6442307692307693 0.10336538461538461 0.14423076923076922
12 0.3701923076923077 0.5997596153846154 0.1201923076923077 0.15264423076923078
12 0.5492788461538461 0.8040865384615384 0.1778846153846154 0.07451923076923077
2 0.4362980769230769 0.7439903846153846 0.12379807692307693 0.16947115384615385
1 0.3076923076923077 0.7007211538461539 0.07211538461538461 0.15745192307692307
12 0.27524038461538464 0.8221153846153846 0.18028846153846154 0.0889423076923077
12 0.6322115384615384 0.8774038461538461 0.19230769230769232 0.10096153846153846
12 0.20072115384615385 0.7283653846153846 0.16826923076923078 0.11057692307692307
1 0.09254807692307693 0.8161057692307693 0.1502403846153846 0.11899038461538461
9 0.14182692307692307 0.6586538461538461 0.24278846153846154 0.16826923076923078
10 0.17668269230769232 0.49158653846153844 0.265625 0.23798076923076922
6 0.17307692307692307 0.26802884615384615 0.25240384615384615 0.2932692307692308
2 0.33413461538461536 0.18028846153846154 0.14423076923076922 0.12740384615384615