14 0.29927884615384615 0.2956730769230769 0.21514423076923078 0.22716346153846154
14 0.12620192307692307 0.33413461538461536 0.23317307692307693 0.23317307692307693
14 0.15625 0.8389423076923077 0.2692307692307692 0.2439903846153846
10 0.7788461538461539 0.2247596153846154 0.2512019230769231 0.22355769230769232
10 0.6298076923076923 0.7740384615384616 0.23557692307692307 0.3004807692307692
10 0.38221153846153844 0.8076923076923077 0.2620192307692308 0.28966346153846156
4 0.17427884615384615 0.671875 0.2536057692307692 0.22596153846153846
4 0.5132211538461539 0.19110576923076922 0.21394230769230768 0.23677884615384615
13 0.6935096153846154 0.3701923076923077 0.27403846153846156 0.19591346153846154
13 0.5552884615384616 0.4951923076923077 0.27283653846153844 0.30528846153846156
15 0.7367788461538461 0.5877403846153846 0.13581730769230768 0.09014423076923077
16 0.7848557692307693 0.5204326923076923 0.09735576923076923 0.1346153846153846
16 0.6923076923076923 0.5168269230769231 0.11538461538461539 0.12139423076923077
16 0.5024038461538461 0.6959134615384616 0.09735576923076923 0.11658653846153846
7 0.21634615384615385 0.5649038461538461 0.2439903846153846 0.2247596153846154
7 0.296875 0.47716346153846156 0.10817307692307693 0.15985576923076922
7 0.39663461538461536 0.4483173076923077 0.11177884615384616 0.15745192307692307
7 0.4326923076923077 0.609375 0.11778846153846154 0.18389423076923078
13 0.8545673076923077 0.7019230769230769 0.2824519230769231 0.39903846153846156