4 0.36177884615384615 0.4495192307692308 0.1935096153846154 0.24519230769230768
4 0.5228365384615384 0.38341346153846156 0.24158653846153846 0.19951923076923078
4 0.7524038461538461 0.33533653846153844 0.22716346153846154 0.24639423076923078
7 0.7524038461538461 0.5300480769230769 0.2860576923076923 0.2512019230769231
7 0.6346153846153846 0.5612980769230769 0.3016826923076923 0.22956730769230768
11 0.6081730769230769 0.6298076923076923 0.19110576923076922 0.14783653846153846
7 0.6875 0.734375 0.3173076923076923 0.20192307692307693
11 0.5456730769230769 0.6658653846153846 0.17307692307692307 0.17668269230769232
11 0.4338942307692308 0.6370192307692307 0.16947115384615385 0.17668269230769232
11 0.3329326923076923 0.6850961538461539 0.1658653846153846 0.16706730769230768
1 0.40865384615384615 0.7704326923076923 0.10096153846153846 0.14182692307692307
3 0.48677884615384615 0.7956730769230769 0.0985576923076923 0.20072115384615385
3 0.6237980769230769 0.828125 0.20793269230769232 0.10697115384615384