14 0.28966346153846156 0.30288461538461536 0.18990384615384615 0.18509615384615385
11 0.15504807692307693 0.4026442307692308 0.13341346153846154 0.08413461538461539
11 0.17548076923076922 0.5997596153846154 0.08413461538461539 0.1310096153846154
11 0.578125 0.7007211538461539 0.1310096153846154 0.09495192307692307
2 0.5228365384615384 0.2920673076923077 0.16466346153846154 0.18990384615384615
0 0.26802884615384615 0.5805288461538461 0.10216346153846154 0.28966346153846156
0 0.3425480769230769 0.6033653846153846 0.10096153846153846 0.2860576923076923
0 0.43509615384615385 0.5625 0.1141826923076923 0.34975961538461536
2 0.5384615384615384 0.5516826923076923 0.12139423076923077 0.16947115384615385
14 0.6262019230769231 0.5096153846153846 0.16105769230769232 0.20432692307692307
14 0.7211538461538461 0.43990384615384615 0.22115384615384615 0.20192307692307693