16 0.7103365384615384 0.6502403846153846 0.2091346153846154 0.234375
11 0.5444711538461539 0.7079326923076923 0.15504807692307693 0.11057692307692307
6 0.7836538461538461 0.46875 0.2620192307692308 0.33774038461538464
14 0.4579326923076923 0.5973557692307693 0.19951923076923078 0.15625
6 0.2848557692307692 0.7427884615384616 0.35697115384615385 0.3269230769230769
16 0.5745192307692307 0.49399038461538464 0.22355769230769232 0.21634615384615385
11 0.6310096153846154 0.35697115384615385 0.12259615384615384 0.1622596153846154
0 0.5588942307692307 0.3088942307692308 0.11778846153846154 0.171875
4 0.6442307692307693 0.19951923076923078 0.23557692307692307 0.19230769230769232
11 0.39783653846153844 0.46033653846153844 0.15865384615384615 0.15384615384615385
16 0.26322115384615385 0.5348557692307693 0.22716346153846154 0.22235576923076922
4 0.41947115384615385 0.2980769230769231 0.20793269230769232 0.23798076923076922
4 0.25841346153846156 0.3076923076923077 0.15144230769230768 0.23076923076923078