13 0.23918269230769232 0.24519230769230768 0.27524038461538464 0.3293269230769231
13 0.49759615384615385 0.16706730769230768 0.29086538461538464 0.27163461538461536
6 0.8425480769230769 0.36177884615384615 0.30288461538461536 0.328125
13 0.6141826923076923 0.45913461538461536 0.23918269230769232 0.29447115384615385
0 0.46875 0.4182692307692308 0.11177884615384616 0.3557692307692308
0 0.36778846153846156 0.4495192307692308 0.13822115384615385 0.3605769230769231
6 0.23557692307692307 0.49399038461538464 0.22956730769230768 0.2776442307692308
8 0.10697115384615384 0.5865384615384616 0.0829326923076923 0.12259615384615384
2 0.10817307692307693 0.7091346153846154 0.1045673076923077 0.15985576923076922
9 0.20673076923076922 0.6947115384615384 0.15985576923076922 0.171875
9 0.34375 0.6850961538461539 0.15144230769230768 0.17067307692307693
5 0.8052884615384616 0.6298076923076923 0.20793269230769232 0.296875
4 0.6057692307692307 0.7019230769230769 0.23798076923076922 0.24519230769230768
4 0.44471153846153844 0.7896634615384616 0.24158653846153846 0.16466346153846154
4 0.2403846153846154 0.8245192307692307 0.24278846153846154 0.16105769230769232