4 0.1935096153846154 0.29927884615384615 0.15144230769230768 0.11899038461538461
7 0.3581730769230769 0.34375 0.09735576923076923 0.31490384615384615
7 0.46033653846153844 0.34975961538461536 0.12139423076923077 0.3112980769230769
7 0.5685096153846154 0.3449519230769231 0.21394230769230768 0.2800480769230769
11 0.6117788461538461 0.40865384615384615 0.12379807692307693 0.16105769230769232
8 0.16826923076923078 0.3954326923076923 0.12860576923076922 0.10576923076923077
11 0.3016826923076923 0.5432692307692307 0.16346153846153846 0.14182692307692307
16 0.6189903846153846 0.6574519230769231 0.22235576923076922 0.26802884615384615
11 0.8473557692307693 0.671875 0.17307692307692307 0.109375
7 0.22956730769230768 0.6165865384615384 0.17668269230769232 0.10576923076923077
7 0.2764423076923077 0.7139423076923077 0.17307692307692307 0.10336538461538461
16 0.234375 0.8245192307692307 0.2403846153846154 0.18629807692307693
16 0.6935096153846154 0.8365384615384616 0.25721153846153844 0.27884615384615385