16 0.328125 0.20192307692307693 0.23918269230769232 0.23798076923076922
16 0.19110576923076922 0.38100961538461536 0.23677884615384615 0.203125
11 0.36778846153846156 0.39302884615384615 0.10576923076923077 0.16947115384615385
16 0.47836538461538464 0.4831730769230769 0.17908653846153846 0.21875
6 0.265625 0.5901442307692307 0.20793269230769232 0.3088942307692308
14 0.14903846153846154 0.7139423076923077 0.2980769230769231 0.2848557692307692
6 0.45913461538461536 0.7908653846153846 0.3076923076923077 0.21995192307692307
14 0.5901442307692307 0.3088942307692308 0.15985576923076922 0.21514423076923078
16 0.7680288461538461 0.3942307692307692 0.21875 0.19230769230769232
6 0.7548076923076923 0.5540865384615384 0.30649038461538464 0.24278846153846154
14 0.6298076923076923 0.6995192307692307 0.13822115384615385 0.22355769230769232
8 0.7487980769230769 0.78125 0.11057692307692307 0.11899038461538461