8 0.8040865384615384 0.8233173076923077 0.1201923076923077 0.11298076923076923
11 0.8798076923076923 0.7572115384615384 0.1502403846153846 0.16826923076923078
11 0.7439903846153846 0.7427884615384616 0.12379807692307693 0.13341346153846154
11 0.8822115384615384 0.5913461538461539 0.13221153846153846 0.15865384615384615
16 0.49158653846153844 0.7800480769230769 0.2283653846153846 0.25
7 0.6141826923076923 0.7091346153846154 0.16706730769230768 0.12139423076923077
7 0.6466346153846154 0.625 0.17067307692307693 0.11778846153846154
4 0.3329326923076923 0.6947115384615384 0.15745192307692307 0.13701923076923078
4 0.4050480769230769 0.5552884615384616 0.15745192307692307 0.18028846153846154
4 0.4483173076923077 0.4098557692307692 0.14423076923076922 0.15384615384615385
2 0.5192307692307693 0.5721153846153846 0.17908653846153846 0.18509615384615385
2 0.6274038461538461 0.4831730769230769 0.17908653846153846 0.18990384615384615
6 0.2620192307692308 0.42427884615384615 0.203125 0.2932692307692308
6 0.375 0.36899038461538464 0.328125 0.19951923076923078
6 0.4014423076923077 0.24278846153846154 0.3401442307692308 0.2860576923076923
6 0.7860576923076923 0.36899038461538464 0.3389423076923077 0.2403846153846154
6 0.7463942307692307 0.16826923076923078 0.34134615384615385 0.24879807692307693