11 0.15865384615384615 0.234375 0.14182692307692307 0.1658653846153846
11 0.0733173076923077 0.3629807692307692 0.10817307692307693 0.15384615384615385
11 0.5168269230769231 0.4326923076923077 0.15985576923076922 0.12379807692307693
10 0.4206730769230769 0.25721153846153844 0.20552884615384615 0.20432692307692307
10 0.7415865384615384 0.5168269230769231 0.1935096153846154 0.18509615384615385
4 0.6213942307692307 0.33774038461538464 0.1875 0.23557692307692307
4 0.4807692307692308 0.6838942307692307 0.2247596153846154 0.15144230769230768
4 0.3137019230769231 0.7704326923076923 0.13341346153846154 0.22115384615384615
7 0.3942307692307692 0.47596153846153844 0.09134615384615384 0.15865384615384615
7 0.47836538461538464 0.5492788461538461 0.10096153846153846 0.16947115384615385
7 0.5949519230769231 0.5540865384615384 0.11899038461538461 0.1658653846153846
11 0.7944711538461539 0.6141826923076923 0.1141826923076923 0.1622596153846154
11 0.1875 0.8076923076923077 0.12379807692307693 0.17067307692307693
11 0.27403846153846156 0.28846153846153844 0.14302884615384615 0.16466346153846154
12 0.5024038461538461 0.8317307692307693 0.23918269230769232 0.07932692307692307
4 0.8245192307692307 0.7956730769230769 0.22956730769230768 0.25961538461538464
9 0.7151442307692307 0.9122596153846154 0.17427884615384615 0.13221153846153846
9 0.6802884615384616 0.671875 0.1778846153846154 0.13822115384615385
12 0.16826923076923078 0.5673076923076923 0.12980769230769232 0.30288461538461536
1 0.22115384615384615 0.53125 0.06490384615384616 0.13822115384615385