1 0.09134615384615384 0.2091346153846154 0.08533653846153846 0.14903846153846154
9 0.19471153846153846 0.20552884615384615 0.11899038461538461 0.17067307692307693
4 0.38221153846153844 0.17908653846153846 0.23197115384615385 0.16346153846153846
4 0.8545673076923077 0.20552884615384615 0.24879807692307693 0.18389423076923078
12 0.7091346153846154 0.3076923076923077 0.25961538461538464 0.07932692307692307
12 0.5492788461538461 0.4074519230769231 0.08052884615384616 0.25
4 0.6514423076923077 0.45552884615384615 0.17067307692307693 0.23076923076923078
4 0.7620192307692307 0.5192307692307693 0.17307692307692307 0.234375
4 0.8725961538461539 0.6310096153846154 0.21514423076923078 0.24759615384615385
14 0.19110576923076922 0.38100961538461536 0.18389423076923078 0.19831730769230768
4 0.33774038461538464 0.3629807692307692 0.22716346153846154 0.20673076923076922
11 0.3485576923076923 0.5096153846153846 0.18269230769230768 0.11899038461538461
14 0.36899038461538464 0.5805288461538461 0.2283653846153846 0.10697115384615384
14 0.6466346153846154 0.6081730769230769 0.21875 0.1346153846153846
9 0.14783653846153846 0.5264423076923077 0.17307692307692307 0.1141826923076923
4 0.24759615384615385 0.6826923076923077 0.23317307692307693 0.2091346153846154
12 0.15985576923076922 0.7920673076923077 0.17307692307692307 0.24759615384615385
9 0.49759615384615385 0.7475961538461539 0.4050480769230769 0.31850961538461536
4 0.8016826923076923 0.8461538461538461 0.2247596153846154 0.14543269230769232