14 0.47716346153846156 0.3629807692307692 0.2247596153846154 0.22235576923076922
14 0.38100961538461536 0.44711538461538464 0.21754807692307693 0.20793269230769232
16 0.8100961538461539 0.6225961538461539 0.24519230769230768 0.20552884615384615
16 0.6213942307692307 0.7860576923076923 0.2403846153846154 0.22956730769230768
14 0.29447115384615385 0.5973557692307693 0.17427884615384615 0.22596153846153846
1 0.46634615384615385 0.6646634615384616 0.23918269230769232 0.20793269230769232
1 0.5252403846153846 0.5925480769230769 0.2247596153846154 0.21754807692307693
1 0.7175480769230769 0.5673076923076923 0.17668269230769232 0.1141826923076923
1 0.7175480769230769 0.5204326923076923 0.17067307692307693 0.12259615384615384
8 0.6298076923076923 0.5180288461538461 0.1201923076923077 0.10576923076923077
8 0.5600961538461539 0.49038461538461536 0.11298076923076923 0.10817307692307693
9 0.6826923076923077 0.3942307692307692 0.20552884615384615 0.2127403846153846