4 0.8774038461538461 0.2980769230769231 0.14543269230769232 0.15144230769230768
4 0.8954326923076923 0.546875 0.203125 0.2403846153846154
10 0.7019230769230769 0.4074519230769231 0.20192307692307693 0.24639423076923078
10 0.18389423076923078 0.3786057692307692 0.22115384615384615 0.20793269230769232
13 0.5588942307692307 0.5673076923076923 0.27884615384615385 0.2608173076923077
2 0.6057692307692307 0.7007211538461539 0.09375 0.10697115384615384
11 0.8016826923076923 0.7379807692307693 0.12139423076923077 0.17548076923076922
11 0.8725961538461539 0.796875 0.12860576923076922 0.1310096153846154
10 0.47716346153846156 0.2247596153846154 0.2824519230769231 0.21754807692307693
6 0.25600961538461536 0.7800480769230769 0.24879807692307693 0.3245192307692308
11 0.6778846153846154 0.859375 0.12139423076923077 0.08052884615384616
11 0.6983173076923077 0.7596153846153846 0.11658653846153846 0.15625
6 0.4375 0.7692307692307693 0.2620192307692308 0.3125
10 0.7019230769230769 0.5336538461538461 0.17307692307692307 0.22716346153846154
10 0.5444711538461539 0.421875 0.2283653846153846 0.2512019230769231
10 0.30649038461538464 0.22355769230769232 0.2548076923076923 0.265625
4 0.8004807692307693 0.17307692307692307 0.13822115384615385 0.13822115384615385
4 0.6610576923076923 0.1875 0.13581730769230768 0.14182692307692307
4 0.39663461538461536 0.5588942307692307 0.24759615384615385 0.2548076923076923
4 0.24759615384615385 0.5564903846153846 0.2704326923076923 0.17067307692307693