16 0.5661057692307693 0.1814903846153846 0.2932692307692308 0.22115384615384615
16 0.30408653846153844 0.31009615384615385 0.28365384615384615 0.2764423076923077
16 0.5288461538461539 0.6105769230769231 0.2980769230769231 0.25240384615384615
16 0.4651442307692308 0.4362980769230769 0.234375 0.2608173076923077
16 0.23798076923076922 0.5048076923076923 0.23798076923076922 0.15504807692307693
16 0.33413461538461536 0.7548076923076923 0.25961538461538464 0.234375
7 0.3161057692307692 0.6310096153846154 0.23076923076923078 0.20072115384615385
7 0.6466346153846154 0.3786057692307692 0.19591346153846154 0.21754807692307693
1 0.7175480769230769 0.3641826923076923 0.10817307692307693 0.1346153846153846
1 0.7379807692307693 0.7007211538461539 0.05889423076923077 0.14903846153846154
1 0.6706730769230769 0.7091346153846154 0.06129807692307692 0.1466346153846154
3 0.6322115384615384 0.7524038461538461 0.11658653846153846 0.2091346153846154
3 0.7620192307692307 0.5228365384615384 0.140625 0.1971153846153846