11 0.6814903846153846 0.35336538461538464 0.13822115384615385 0.18870192307692307
11 0.6454326923076923 0.6165865384615384 0.20192307692307693 0.0889423076923077
7 0.7175480769230769 0.5240384615384616 0.11899038461538461 0.171875
0 0.5829326923076923 0.44350961538461536 0.14182692307692307 0.16947115384615385
0 0.29447115384615385 0.5973557692307693 0.16466346153846154 0.09975961538461539
2 0.41947115384615385 0.5600961538461539 0.10216346153846154 0.15625
2 0.4987980769230769 0.4699519230769231 0.14423076923076922 0.1622596153846154
2 0.5024038461538461 0.6225961538461539 0.1141826923076923 0.1622596153846154
9 0.2848557692307692 0.6899038461538461 0.21033653846153846 0.10336538461538461
12 0.36658653846153844 0.7932692307692307 0.2091346153846154 0.12620192307692307
12 0.5300480769230769 0.8149038461538461 0.1971153846153846 0.15865384615384615
12 0.5288461538461539 0.7463942307692307 0.21033653846153846 0.13341346153846154
8 0.7512019230769231 0.6887019230769231 0.13701923076923078 0.09134615384615384
8 0.7608173076923077 0.7596153846153846 0.13701923076923078 0.09735576923076923
8 0.6935096153846154 0.8125 0.11298076923076923 0.09254807692307693