12 0.24759615384615385 0.38822115384615385 0.09134615384615384 0.3112980769230769
15 0.5456730769230769 0.2548076923076923 0.24639423076923078 0.19471153846153846
15 0.47115384615384615 0.8353365384615384 0.23918269230769232 0.17427884615384615
15 0.6514423076923077 0.6995192307692307 0.2247596153846154 0.13822115384615385
16 0.7800480769230769 0.23557692307692307 0.12620192307692307 0.12259615384615384
16 0.6081730769230769 0.3858173076923077 0.12259615384615384 0.11778846153846154
14 0.8990384615384616 0.7055288461538461 0.1310096153846154 0.18389423076923078
14 0.7391826923076923 0.8329326923076923 0.1814903846153846 0.13341346153846154
16 0.7908653846153846 0.6466346153846154 0.08533653846153846 0.11778846153846154
0 0.5877403846153846 0.5360576923076923 0.36177884615384615 0.1658653846153846
0 0.7980769230769231 0.4963942307692308 0.16466346153846154 0.3713942307692308
12 0.39663461538461536 0.3737980769230769 0.20673076923076922 0.10576923076923077
12 0.38461538461538464 0.4182692307692308 0.21514423076923078 0.09495192307692307
0 0.44711538461538464 0.5769230769230769 0.36658653846153844 0.19471153846153846
10 0.29086538461538464 0.6923076923076923 0.29086538461538464 0.30408653846153844
2 0.4735576923076923 0.6838942307692307 0.15985576923076922 0.14423076923076922