14 0.5120192307692307 0.16466346153846154 0.17908653846153846 0.13221153846153846
6 0.19110576923076922 0.2704326923076923 0.3798076923076923 0.33653846153846156
11 0.38461538461538464 0.375 0.13341346153846154 0.15264423076923078
9 0.1310096153846154 0.5060096153846154 0.24639423076923078 0.25600961538461536
9 0.3233173076923077 0.5444711538461539 0.17427884615384615 0.18990384615384615
11 0.4362980769230769 0.4723557692307692 0.17067307692307693 0.16105769230769232
7 0.5649038461538461 0.3870192307692308 0.13221153846153846 0.17307692307692307
6 0.7127403846153846 0.4026442307692308 0.3581730769230769 0.38100961538461536
9 0.8545673076923077 0.5913461538461539 0.13942307692307693 0.18509615384615385
1 0.5769230769230769 0.5396634615384616 0.140625 0.109375
1 0.49278846153846156 0.6129807692307693 0.15384615384615385 0.06009615384615385
7 0.6358173076923077 0.6694711538461539 0.16826923076923078 0.1045673076923077
6 0.6862980769230769 0.8052884615384616 0.3329326923076923 0.2932692307692308
1 0.5060096153846154 0.7379807692307693 0.05889423076923077 0.14903846153846154
14 0.421875 0.7475961538461539 0.11298076923076923 0.17908653846153846
14 0.2956730769230769 0.7019230769230769 0.12860576923076922 0.1778846153846154
14 0.12139423076923077 0.6971153846153846 0.20552884615384615 0.17307692307692307
14 0.1502403846153846 0.8677884615384616 0.16346153846153846 0.20072115384615385
14 0.2860576923076923 0.8473557692307693 0.17908653846153846 0.19230769230769232