4 0.8185096153846154 0.25721153846153844 0.27163461538461536 0.25721153846153844
11 0.6526442307692307 0.19831730769230768 0.1658653846153846 0.15504807692307693
11 0.6490384615384616 0.3401442307692308 0.11057692307692307 0.15144230769230768
16 0.453125 0.16826923076923078 0.3161057692307692 0.2704326923076923
0 0.3137019230769231 0.28846153846153844 0.16826923076923078 0.23677884615384615
16 0.11298076923076923 0.28725961538461536 0.22355769230769232 0.3125
11 0.23798076923076922 0.40625 0.12860576923076922 0.18629807692307693
9 0.12259615384615384 0.5456730769230769 0.20793269230769232 0.11899038461538461
3 0.15264423076923078 0.6466346153846154 0.21153846153846154 0.10336538461538461
3 0.109375 0.7127403846153846 0.21394230769230768 0.13701923076923078
4 0.3317307692307692 0.7680288461538461 0.23798076923076922 0.17307692307692307
16 0.47115384615384615 0.6021634615384616 0.20793269230769232 0.30528846153846156
0 0.33774038461538464 0.5456730769230769 0.140625 0.23677884615384615
0 0.4699519230769231 0.3581730769230769 0.2091346153846154 0.20673076923076922
5 0.7680288461538461 0.5240384615384616 0.40625 0.3605769230769231
5 0.7199519230769231 0.7956730769230769 0.3737980769230769 0.34134615384615385