8 0.6490384615384616 0.125 0.14182692307692307 0.08533653846153846
8 0.6538461538461539 0.18629807692307693 0.1346153846153846 0.0889423076923077
8 0.7403846153846154 0.22355769230769232 0.14903846153846154 0.08774038461538461
11 0.734375 0.2776442307692308 0.171875 0.08413461538461539
11 0.7235576923076923 0.3389423076923077 0.13701923076923078 0.09495192307692307
3 0.6165865384615384 0.3762019230769231 0.1935096153846154 0.10817307692307693
8 0.6622596153846154 0.4495192307692308 0.15504807692307693 0.08774038461538461
8 0.515625 0.48677884615384615 0.13822115384615385 0.08533653846153846
8 0.49158653846153844 0.5576923076923077 0.11298076923076923 0.07572115384615384
11 0.7283653846153846 0.5504807692307693 0.09735576923076923 0.140625
11 0.5120192307692307 0.7451923076923077 0.09495192307692307 0.12379807692307693
7 0.8221153846153846 0.5480769230769231 0.14543269230769232 0.3317307692307692
7 0.5336538461538461 0.6213942307692307 0.31971153846153844 0.1778846153846154
7 0.6322115384615384 0.7692307692307693 0.2512019230769231 0.3076923076923077
3 0.40384615384615385 0.7728365384615384 0.15384615384615385 0.14543269230769232
4 0.328125 0.5961538461538461 0.16706730769230768 0.17548076923076922
11 0.2668269230769231 0.6983173076923077 0.14302884615384615 0.203125
6 0.3954326923076923 0.2439903846153846 0.2980769230769231 0.32572115384615385
6 0.2980769230769231 0.3629807692307692 0.30288461538461536 0.3112980769230769