15 0.6237980769230769 0.7524038461538461 0.1310096153846154 0.08173076923076923
15 0.4026442307692308 0.5192307692307693 0.0733173076923077 0.1310096153846154
15 0.8293269230769231 0.6911057692307693 0.1778846153846154 0.32572115384615385
15 0.2403846153846154 0.6983173076923077 0.33052884615384615 0.3389423076923077
2 0.5685096153846154 0.6237980769230769 0.14783653846153846 0.16346153846153846
11 0.4326923076923077 0.7067307692307693 0.12259615384615384 0.1622596153846154
3 0.4855769230769231 0.9026442307692307 0.20192307692307693 0.11538461538461539
3 0.3088942307692308 0.7728365384615384 0.15625 0.14543269230769232
3 0.09134615384615384 0.5841346153846154 0.1466346153846154 0.17307692307692307
16 0.24158653846153846 0.3762019230769231 0.23918269230769232 0.22716346153846154
16 0.515625 0.4723557692307692 0.18389423076923078 0.21754807692307693