16 0.6826923076923077 0.1778846153846154 0.25721153846153844 0.203125
3 0.8197115384615384 0.36658653846153844 0.09735576923076923 0.19591346153846154
3 0.7872596153846154 0.5120192307692307 0.18269230769230768 0.15504807692307693
2 0.6598557692307693 0.390625 0.20432692307692307 0.15865384615384615
4 0.5444711538461539 0.33533653846153844 0.1502403846153846 0.14783653846153846
4 0.5637019230769231 0.46634615384615385 0.15264423076923078 0.16105769230769232
14 0.4699519230769231 0.23197115384615385 0.21033653846153846 0.20793269230769232
16 0.3545673076923077 0.34975961538461536 0.23798076923076922 0.265625
10 0.2283653846153846 0.4326923076923077 0.20552884615384615 0.20192307692307693
10 0.28125 0.6045673076923077 0.19591346153846154 0.21153846153846154
10 0.41586538461538464 0.7487980769230769 0.19591346153846154 0.20552884615384615
8 0.30528846153846156 0.8485576923076923 0.09735576923076923 0.12980769230769232
8 0.5324519230769231 0.7932692307692307 0.109375 0.10216346153846154
2 0.46634615384615385 0.5721153846153846 0.18990384615384615 0.16947115384615385
4 0.5793269230769231 0.7139423076923077 0.15264423076923078 0.1502403846153846
15 0.6622596153846154 0.7884615384615384 0.18629807692307693 0.25961538461538464
15 0.7860576923076923 0.6694711538461539 0.22115384615384615 0.2644230769230769
15 0.6790865384615384 0.5588942307692307 0.2439903846153846 0.16706730769230768