6 0.3557692307692308 0.36899038461538464 0.3473557692307692 0.27403846153846156
6 0.5817307692307693 0.28966346153846156 0.3088942307692308 0.25841346153846156
6 0.7560096153846154 0.34134615384615385 0.34134615384615385 0.23677884615384615
4 0.32211538461538464 0.6574519230769231 0.15985576923076922 0.23317307692307693
2 0.43149038461538464 0.5564903846153846 0.09735576923076923 0.14783653846153846
2 0.5240384615384616 0.5120192307692307 0.10216346153846154 0.15144230769230768
2 0.609375 0.49038461538461536 0.10576923076923077 0.1502403846153846
11 0.7079326923076923 0.5132211538461539 0.11899038461538461 0.15144230769230768
4 0.8473557692307693 0.5180288461538461 0.17548076923076922 0.22956730769230768
2 0.47716346153846156 0.7139423076923077 0.12980769230769232 0.1622596153846154
10 0.5757211538461539 0.6502403846153846 0.1622596153846154 0.1814903846153846
11 0.7127403846153846 0.6634615384615384 0.11538461538461539 0.15384615384615385
14 0.42427884615384615 0.8353365384615384 0.22716346153846154 0.22956730769230768
10 0.6298076923076923 0.8269230769230769 0.22115384615384615 0.203125
10 0.8293269230769231 0.7427884615384616 0.2091346153846154 0.265625