13 0.20793269230769232 0.31850961538461536 0.25 0.3088942307692308
13 0.3401442307692308 0.2848557692307692 0.31009615384615385 0.28846153846153844
13 0.46153846153846156 0.15384615384615385 0.3485576923076923 0.28125
16 0.7512019230769231 0.1814903846153846 0.3137019230769231 0.25600961538461536
16 0.8341346153846154 0.42908653846153844 0.2824519230769231 0.30649038461538464
16 0.6153846153846154 0.3545673076923077 0.2920673076923077 0.16826923076923078
13 0.21875 0.5456730769230769 0.20673076923076922 0.2403846153846154
13 0.41346153846153844 0.49399038461538464 0.19831730769230768 0.296875
13 0.2668269230769231 0.6802884615384616 0.31971153846153844 0.27884615384615385
0 0.5348557692307693 0.5372596153846154 0.09254807692307693 0.1658653846153846
9 0.6778846153846154 0.5408653846153846 0.1971153846153846 0.171875
9 0.6826923076923077 0.6550480769230769 0.203125 0.15865384615384615
9 0.8305288461538461 0.6658653846153846 0.109375 0.203125
0 0.9242788461538461 0.6490384615384616 0.09134615384615384 0.1658653846153846
0 0.3762019230769231 0.7716346153846154 0.11658653846153846 0.16947115384615385
4 0.47475961538461536 0.7271634615384616 0.14543269230769232 0.1622596153846154
4 0.5504807692307693 0.7007211538461539 0.15865384615384615 0.14783653846153846
3 0.6538461538461539 0.8112980769230769 0.06610576923076923 0.20673076923076922
3 0.7415865384615384 0.8173076923076923 0.08052884615384616 0.20432692307692307
3 0.8425480769230769 0.8269230769230769 0.14783653846153846 0.1935096153846154