4 0.6995192307692307 0.31490384615384615 0.23197115384615385 0.23918269230769232
4 0.4963942307692308 0.32572115384615385 0.2548076923076923 0.23677884615384615
8 0.35096153846153844 0.4567307692307692 0.13221153846153846 0.0829326923076923
8 0.5793269230769231 0.6177884615384616 0.09615384615384616 0.12980769230769232
8 0.8088942307692307 0.47836538461538464 0.1201923076923077 0.12980769230769232
8 0.8245192307692307 0.5757211538461539 0.13581730769230768 0.1201923076923077
8 0.8497596153846154 0.6766826923076923 0.13942307692307693 0.1141826923076923
7 0.7283653846153846 0.5817307692307693 0.1466346153846154 0.33533653846153844
7 0.6442307692307693 0.5805288461538461 0.15865384615384615 0.3401442307692308
6 0.4699519230769231 0.5612980769230769 0.28966346153846156 0.33653846153846156
6 0.4050480769230769 0.6754807692307693 0.3557692307692308 0.35216346153846156
10 0.6009615384615384 0.8161057692307693 0.28365384615384615 0.3112980769230769