10 0.8028846153846154 0.7331730769230769 0.22956730769230768 0.2548076923076923
10 0.6045673076923077 0.7944711538461539 0.22235576923076922 0.2512019230769231
10 0.421875 0.8353365384615384 0.22596153846153846 0.25961538461538464
12 0.2620192307692308 0.84375 0.12860576923076922 0.125
12 0.12980769230769232 0.8197115384615384 0.14302884615384615 0.08173076923076923
12 0.11658653846153846 0.6826923076923077 0.09014423076923077 0.1466346153846154
4 0.2536057692307692 0.6826923076923077 0.20673076923076922 0.18269230769230768
10 0.71875 0.5444711538461539 0.28966346153846156 0.25961538461538464
5 0.5036057692307693 0.5216346153846154 0.25240384615384615 0.3112980769230769
10 0.3004807692307692 0.47115384615384615 0.22235576923076922 0.2668269230769231
5 0.12860576923076922 0.43990384615384615 0.2127403846153846 0.2956730769230769