16 0.3942307692307692 0.4326923076923077 0.32572115384615385 0.2608173076923077
16 0.6033653846153846 0.30649038461538464 0.31971153846153844 0.3004807692307692
16 0.8112980769230769 0.3858173076923077 0.23317307692307693 0.3293269230769231
2 0.2920673076923077 0.6153846153846154 0.18269230769230768 0.17307692307692307
7 0.5024038461538461 0.5168269230769231 0.32211538461538464 0.23076923076923078
7 0.5649038461538461 0.5913461538461539 0.32572115384615385 0.21875
9 0.6574519230769231 0.6514423076923077 0.23076923076923078 0.19110576923076922
9 0.8617788461538461 0.5865384615384616 0.21153846153846154 0.21995192307692307
2 0.35697115384615385 0.7427884615384616 0.19591346153846154 0.14182692307692307
2 0.49759615384615385 0.7680288461538461 0.18629807692307693 0.16947115384615385
1 0.6598557692307693 0.7704326923076923 0.15264423076923078 0.12379807692307693