16 0.14302884615384615 0.26322115384615385 0.17548076923076922 0.24158653846153846
16 0.2776442307692308 0.23798076923076922 0.17067307692307693 0.24759615384615385
5 0.5372596153846154 0.18269230769230768 0.4543269230769231 0.3389423076923077
5 0.8317307692307693 0.3629807692307692 0.33653846153846156 0.44471153846153844
16 0.6129807692307693 0.3737980769230769 0.25600961538461536 0.2668269230769231
0 0.5384615384615384 0.4387019230769231 0.2439903846153846 0.234375
0 0.5408653846153846 0.5396634615384616 0.24879807692307693 0.2283653846153846
0 0.4567307692307692 0.5769230769230769 0.23557692307692307 0.2439903846153846
11 0.6201923076923077 0.6850961538461539 0.1310096153846154 0.13822115384615385
11 0.53125 0.7536057692307693 0.10096153846153846 0.14302884615384615
10 0.8725961538461539 0.6502403846153846 0.2091346153846154 0.23918269230769232
16 0.30408653846153844 0.6286057692307693 0.23557692307692307 0.18870192307692307
5 0.2668269230769231 0.7776442307692307 0.47836538461538464 0.3762019230769231
10 0.6622596153846154 0.8762019230769231 0.27884615384615385 0.24639423076923078