13 0.11658653846153846 0.2548076923076923 0.22956730769230768 0.3137019230769231
16 0.28365384615384615 0.2127403846153846 0.1622596153846154 0.23197115384615385
13 0.4519230769230769 0.234375 0.2403846153846154 0.32211538461538464
13 0.7860576923076923 0.20072115384615385 0.18870192307692307 0.28125
16 0.8641826923076923 0.3954326923076923 0.25961538461538464 0.20192307692307693
14 0.8689903846153846 0.5252403846153846 0.22956730769230768 0.1778846153846154
4 0.6706730769230769 0.5276442307692307 0.19110576923076922 0.2127403846153846
4 0.41466346153846156 0.4639423076923077 0.20552884615384615 0.18269230769230768
15 0.5228365384615384 0.5144230769230769 0.11538461538461539 0.06971153846153846
14 0.8125 0.6706730769230769 0.22596153846153846 0.19591346153846154
4 0.5925480769230769 0.6694711538461539 0.20072115384615385 0.20432692307692307
7 0.36538461538461536 0.5889423076923077 0.09375 0.16466346153846154
15 0.4266826923076923 0.6778846153846154 0.125 0.06129807692307692
13 0.421875 0.8389423076923077 0.20432692307692307 0.2668269230769231
10 0.7079326923076923 0.8521634615384616 0.2608173076923077 0.24519230769230768
14 0.21634615384615385 0.7067307692307693 0.2439903846153846 0.25721153846153844
12 0.17548076923076922 0.8701923076923077 0.2980769230769231 0.15504807692307693
13 0.1502403846153846 0.5204326923076923 0.19591346153846154 0.2548076923076923