10 0.6887019230769231 0.25841346153846156 0.22235576923076922 0.234375
10 0.5132211538461539 0.27283653846153844 0.2127403846153846 0.2536057692307692
7 0.3942307692307692 0.33413461538461536 0.14302884615384615 0.2403846153846154
7 0.3329326923076923 0.41586538461538464 0.21634615384615385 0.20432692307692307
9 0.7872596153846154 0.44350961538461536 0.13581730769230768 0.21634615384615385
7 0.6129807692307693 0.4807692307692308 0.16706730769230768 0.14423076923076922
0 0.47836538461538464 0.5733173076923077 0.14302884615384615 0.16706730769230768
7 0.6875 0.5480769230769231 0.17548076923076922 0.13221153846153846
7 0.7367788461538461 0.6189903846153846 0.17067307692307693 0.1346153846153846
14 0.8305288461538461 0.6598557692307693 0.19230769230769232 0.20432692307692307
8 0.5709134615384616 0.6622596153846154 0.11658653846153846 0.12139423076923077
3 0.6213942307692307 0.7271634615384616 0.19230769230769232 0.12980769230769232
3 0.6875 0.7572115384615384 0.19230769230769232 0.14302884615384615
3 0.6009615384615384 0.8449519230769231 0.1971153846153846 0.09735576923076923
16 0.27524038461538464 0.5324519230769231 0.12860576923076922 0.1201923076923077
16 0.4014423076923077 0.6454326923076923 0.11298076923076923 0.12860576923076922
16 0.4519230769230769 0.71875 0.12259615384615384 0.11899038461538461
14 0.25721153846153844 0.5949519230769231 0.1935096153846154 0.14783653846153846
14 0.30528846153846156 0.7043269230769231 0.18389423076923078 0.19591346153846154
15 0.4026442307692308 0.8377403846153846 0.234375 0.14182692307692307