16 0.11899038461538461 0.3762019230769231 0.23076923076923078 0.23197115384615385
14 0.265625 0.234375 0.23076923076923078 0.2439903846153846
12 0.45913461538461536 0.26802884615384615 0.10336538461538461 0.25240384615384615
12 0.3269230769230769 0.3737980769230769 0.2091346153846154 0.2776442307692308
4 0.38221153846153844 0.47475961538461536 0.23197115384615385 0.2548076923076923
4 0.1346153846153846 0.5757211538461539 0.25961538461538464 0.2512019230769231
7 0.3557692307692308 0.6838942307692307 0.32211538461538464 0.1875
7 0.39783653846153844 0.7872596153846154 0.31850961538461536 0.17307692307692307
7 0.2283653846153846 0.8257211538461539 0.3317307692307692 0.15745192307692307
0 0.5 0.6201923076923077 0.19591346153846154 0.21995192307692307
7 0.5540865384615384 0.3425480769230769 0.12379807692307693 0.171875
7 0.5528846153846154 0.4891826923076923 0.16706730769230768 0.140625
7 0.6598557692307693 0.4050480769230769 0.10096153846153846 0.16466346153846154
16 0.7692307692307693 0.39302884615384615 0.1622596153846154 0.2091346153846154
16 0.7800480769230769 0.1875 0.19951923076923078 0.22596153846153846
6 0.6778846153846154 0.6430288461538461 0.234375 0.33052884615384615
14 0.7608173076923077 0.5637019230769231 0.11899038461538461 0.16706730769230768
14 0.8786057692307693 0.7079326923076923 0.23677884615384615 0.22115384615384615