13 0.7223557692307693 0.3137019230769231 0.30649038461538464 0.3401442307692308
13 0.45913461538461536 0.2824519230769231 0.3317307692307692 0.3293269230769231
13 0.25841346153846156 0.3786057692307692 0.35697115384615385 0.34375
13 0.21995192307692307 0.6526442307692307 0.3125 0.31009615384615385
8 0.7091346153846154 0.5048076923076923 0.125 0.09134615384615384
0 0.8112980769230769 0.6117788461538461 0.15985576923076922 0.23076923076923078
0 0.6298076923076923 0.7247596153846154 0.2283653846153846 0.17067307692307693
3 0.5697115384615384 0.4495192307692308 0.15384615384615385 0.15264423076923078
3 0.5252403846153846 0.4675480769230769 0.17668269230769232 0.15504807692307693
3 0.4951923076923077 0.5120192307692307 0.15865384615384615 0.14903846153846154
3 0.46274038461538464 0.5841346153846154 0.15264423076923078 0.1935096153846154
3 0.36899038461538464 0.578125 0.16706730769230768 0.18990384615384615
3 0.671875 0.5673076923076923 0.20793269230769232 0.1141826923076923
3 0.5721153846153846 0.6658653846153846 0.20072115384615385 0.15625