5 0.5697115384615384 0.39663461538461536 0.46274038461538464 0.3485576923076923
7 0.42427884615384615 0.2824519230769231 0.10697115384615384 0.24759615384615385
7 0.609375 0.703125 0.2283653846153846 0.19471153846153846
7 0.4387019230769231 0.6694711538461539 0.17067307692307693 0.234375
16 0.5216346153846154 0.21514423076923078 0.109375 0.09615384615384616
16 0.8389423076923077 0.1622596153846154 0.11899038461538461 0.0985576923076923
3 0.8713942307692307 0.4362980769230769 0.15745192307692307 0.2091346153846154
3 0.7439903846153846 0.6310096153846154 0.1141826923076923 0.2091346153846154
3 0.8545673076923077 0.5841346153846154 0.18389423076923078 0.15865384615384615
3 0.8497596153846154 0.7536057692307693 0.1201923076923077 0.20552884615384615
3 0.4735576923076923 0.8209134615384616 0.21033653846153846 0.12259615384615384
0 0.33774038461538464 0.4230769230769231 0.10216346153846154 0.234375
16 0.23197115384615385 0.3425480769230769 0.17668269230769232 0.2776442307692308
10 0.34615384615384615 0.6237980769230769 0.1466346153846154 0.14903846153846154
10 0.20552884615384615 0.6430288461538461 0.14543269230769232 0.14783653846153846