13 0.7043269230769231 0.21634615384615385 0.35336538461538464 0.35697115384615385
13 0.6225961538461539 0.35336538461538464 0.3449519230769231 0.3605769230769231
13 0.7127403846153846 0.5925480769230769 0.37259615384615385 0.3329326923076923
16 0.875 0.42908653846153844 0.24759615384615385 0.25600961538461536
5 0.43509615384615385 0.38341346153846156 0.30288461538461536 0.265625
5 0.46153846153846156 0.5396634615384616 0.31490384615384615 0.26802884615384615
5 0.29927884615384615 0.5576923076923077 0.2776442307692308 0.23557692307692307
9 0.5685096153846154 0.7451923076923077 0.19951923076923078 0.1778846153846154
15 0.4026442307692308 0.6862980769230769 0.1622596153846154 0.04807692307692308
1 0.3858173076923077 0.7524038461538461 0.2247596153846154 0.125
1 0.41346153846153844 0.828125 0.2283653846153846 0.12379807692307693