13 0.20552884615384615 0.3713942307692308 0.375 0.34375
13 0.3605769230769231 0.2091346153846154 0.36899038461538464 0.35096153846153844
13 0.6105769230769231 0.1935096153846154 0.31850961538461536 0.3473557692307692
14 0.8377403846153846 0.27884615384615385 0.28966346153846156 0.31009615384615385
0 0.7932692307692307 0.3894230769230769 0.23076923076923078 0.21033653846153846
3 0.9314903846153846 0.5793269230769231 0.0889423076923077 0.1935096153846154
7 0.7632211538461539 0.4879807692307692 0.2956730769230769 0.2608173076923077
7 0.6105769230769231 0.45072115384615385 0.25721153846153844 0.29447115384615385
7 0.5757211538461539 0.5432692307692307 0.25721153846153844 0.29086538461538464
7 0.7860576923076923 0.7512019230769231 0.21153846153846154 0.3269230769230769
7 0.8569711538461539 0.6826923076923077 0.2512019230769231 0.30408653846153844
3 0.6995192307692307 0.9254807692307693 0.21153846153846154 0.12620192307692307
7 0.2704326923076923 0.7271634615384616 0.2091346153846154 0.328125
3 0.53125 0.8858173076923077 0.203125 0.17427884615384615
5 0.4639423076923077 0.7860576923076923 0.33533653846153844 0.36899038461538464
5 0.4098557692307692 0.5612980769230769 0.40625 0.3473557692307692
4 0.703125 0.7860576923076923 0.15985576923076922 0.20552884615384615