4 0.6141826923076923 0.7259615384615384 0.1658653846153846 0.1658653846153846
14 0.8209134615384616 0.59375 0.18389423076923078 0.17307692307692307
14 0.8401442307692307 0.42427884615384615 0.18389423076923078 0.17668269230769232
8 0.5685096153846154 0.6574519230769231 0.07451923076923077 0.07932692307692307
1 0.6622596153846154 0.6298076923076923 0.203125 0.2403846153846154
4 0.6286057692307693 0.4483173076923077 0.15264423076923078 0.1466346153846154
15 0.6862980769230769 0.4483173076923077 0.2848557692307692 0.32211538461538464
14 0.6346153846153846 0.28725961538461536 0.1622596153846154 0.1814903846153846
2 0.4963942307692308 0.5829326923076923 0.13221153846153846 0.10697115384615384
8 0.5120192307692307 0.484375 0.07211538461538461 0.07211538461538461
15 0.4651442307692308 0.7127403846153846 0.1778846153846154 0.2536057692307692
8 0.27884615384615385 0.7451923076923077 0.11298076923076923 0.12379807692307693
1 0.32572115384615385 0.6009615384615384 0.15264423076923078 0.2439903846153846
4 0.2127403846153846 0.6382211538461539 0.11538461538461539 0.14783653846153846
2 0.40625 0.5264423076923077 0.09134615384615384 0.12740384615384615
13 0.4423076923076923 0.33413461538461536 0.2980769230769231 0.25721153846153844
15 0.23076923076923078 0.38221153846153844 0.2247596153846154 0.3125