10 0.22355769230769232 0.2620192307692308 0.2800480769230769 0.26322115384615385
4 0.41947115384615385 0.33052884615384615 0.1466346153846154 0.21394230769230768
2 0.12379807692307693 0.40625 0.1622596153846154 0.1502403846153846
0 0.5120192307692307 0.34615384615384615 0.09375 0.23197115384615385
0 0.5973557692307693 0.31850961538461536 0.09134615384615384 0.23076923076923078
7 0.6790865384615384 0.31009615384615385 0.08173076923076923 0.18028846153846154
4 0.7836538461538461 0.31009615384615385 0.14783653846153846 0.2091346153846154
16 0.7427884615384616 0.5240384615384616 0.16466346153846154 0.21033653846153846
7 0.6153846153846154 0.5661057692307693 0.15384615384615385 0.1814903846153846
14 0.5673076923076923 0.7247596153846154 0.07692307692307693 0.23197115384615385
2 0.6622596153846154 0.7247596153846154 0.13942307692307693 0.14783653846153846
8 0.5793269230769231 0.8569711538461539 0.10576923076923077 0.06490384615384616
2 0.3894230769230769 0.7848557692307693 0.16706730769230768 0.17548076923076922
7 0.27163461538461536 0.8557692307692307 0.09375 0.1935096153846154
8 0.1045673076923077 0.9038461538461539 0.11538461538461539 0.078125
0 0.13822115384615385 0.7223557692307693 0.11778846153846154 0.2439903846153846
5 0.3629807692307692 0.5889423076923077 0.3641826923076923 0.27283653846153844