15 0.29447115384615385 0.5564903846153846 0.28966346153846156 0.3173076923076923
15 0.7908653846153846 0.3016826923076923 0.2764423076923077 0.3088942307692308
16 0.6370192307692307 0.3401442307692308 0.18870192307692307 0.21754807692307693
16 0.4230769230769231 0.7451923076923077 0.17908653846153846 0.15264423076923078
12 0.5721153846153846 0.42788461538461536 0.18269230769230768 0.22716346153846154
7 0.7415865384615384 0.5216346153846154 0.12740384615384615 0.18389423076923078
7 0.43028846153846156 0.43509615384615385 0.15384615384615385 0.17908653846153846
7 0.5336538461538461 0.5877403846153846 0.1658653846153846 0.17067307692307693
2 0.48197115384615385 0.5216346153846154 0.15264423076923078 0.1502403846153846
2 0.6610576923076923 0.6165865384615384 0.12139423076923077 0.15625
12 0.5997596153846154 0.7067307692307693 0.1201923076923077 0.07211538461538461
12 0.6141826923076923 0.7716346153846154 0.12379807692307693 0.07692307692307693
10 0.8173076923076923 0.7307692307692307 0.21514423076923078 0.21153846153846154
3 0.2956730769230769 0.8401442307692307 0.19591346153846154 0.1622596153846154
3 0.5024038461538461 0.8173076923076923 0.19110576923076922 0.07692307692307693