16 0.2439903846153846 0.2439903846153846 0.21634615384615385 0.2620192307692308
13 0.44471153846153844 0.24759615384615385 0.25841346153846156 0.328125
4 0.6670673076923077 0.21514423076923078 0.21634615384615385 0.18389423076923078
13 0.8629807692307693 0.2668269230769231 0.2439903846153846 0.2980769230769231
10 0.6538461538461539 0.4326923076923077 0.23918269230769232 0.23197115384615385
12 0.7956730769230769 0.4891826923076923 0.11658653846153846 0.08052884615384616
13 0.8353365384615384 0.6129807692307693 0.2824519230769231 0.25240384615384615
10 0.6021634615384616 0.6610576923076923 0.20432692307692307 0.23197115384615385
12 0.45552884615384615 0.4723557692307692 0.109375 0.14543269230769232
3 0.45552884615384615 0.6442307692307693 0.1310096153846154 0.18269230769230768
12 0.4362980769230769 0.7608173076923077 0.07692307692307693 0.1502403846153846
9 0.5228365384615384 0.8245192307692307 0.12259615384615384 0.17067307692307693
10 0.7872596153846154 0.8689903846153846 0.28365384615384615 0.25721153846153844
9 0.35336538461538464 0.5384615384615384 0.20192307692307693 0.1814903846153846
13 0.2548076923076923 0.78125 0.25 0.31009615384615385
3 0.17908653846153846 0.5504807692307693 0.18269230769230768 0.16947115384615385
9 0.140625 0.4230769230769231 0.20192307692307693 0.18269230769230768