15 0.7271634615384616 0.45552884615384615 0.22716346153846154 0.296875
15 0.8473557692307693 0.4879807692307692 0.22115384615384615 0.28725961538461536
16 0.546875 0.296875 0.2548076923076923 0.19951923076923078
16 0.3233173076923077 0.4026442307692308 0.22115384615384615 0.14783653846153846
16 0.28725961538461536 0.5576923076923077 0.23076923076923078 0.16346153846153846
4 0.4855769230769231 0.43028846153846156 0.14302884615384615 0.14423076923076922
4 0.5817307692307693 0.5180288461538461 0.14423076923076922 0.14543269230769232
4 0.4579326923076923 0.5685096153846154 0.14302884615384615 0.14543269230769232
7 0.5877403846153846 0.625 0.17548076923076922 0.09495192307692307
11 0.8100961538461539 0.6875 0.18990384615384615 0.16105769230769232
11 0.7548076923076923 0.7788461538461539 0.18389423076923078 0.09735576923076923
11 0.6394230769230769 0.7055288461538461 0.18389423076923078 0.1045673076923077
14 0.484375 0.7668269230769231 0.22596153846153846 0.1971153846153846
16 0.4098557692307692 0.6730769230769231 0.11538461538461539 0.109375
16 0.328125 0.7283653846153846 0.1141826923076923 0.12259615384615384
16 0.2608173076923077 0.7007211538461539 0.1141826923076923 0.12620192307692307
3 0.32572115384615385 0.8365384615384616 0.18990384615384615 0.06850961538461539