15 0.6658653846153846 0.24879807692307693 0.1502403846153846 0.13942307692307693
15 0.8305288461538461 0.5216346153846154 0.17427884615384615 0.056490384615384616
13 0.5 0.2776442307692308 0.27403846153846156 0.29927884615384615
10 0.7572115384615384 0.41466346153846156 0.2608173076923077 0.2668269230769231
8 0.6478365384615384 0.3137019230769231 0.10336538461538461 0.10336538461538461
10 0.5721153846153846 0.46274038461538464 0.22956730769230768 0.20552884615384615
0 0.3786057692307692 0.4387019230769231 0.11899038461538461 0.23677884615384615
10 0.26802884615384615 0.46875 0.20192307692307693 0.2403846153846154
0 0.29927884615384615 0.6610576923076923 0.22716346153846154 0.16947115384615385
0 0.53125 0.7776442307692307 0.23798076923076922 0.12379807692307693
13 0.4951923076923077 0.5997596153846154 0.29086538461538464 0.29447115384615385
13 0.7019230769230769 0.6514423076923077 0.29927884615384615 0.2668269230769231