9 0.25961538461538464 0.4026442307692308 0.13341346153846154 0.19591346153846154
3 0.2980769230769231 0.5324519230769231 0.19230769230769232 0.13701923076923078
16 0.44591346153846156 0.4543269230769231 0.11177884615384616 0.09375
3 0.09975961538461539 0.6598557692307693 0.0985576923076923 0.19951923076923078
7 0.3425480769230769 0.6213942307692307 0.15384615384615385 0.15745192307692307
7 0.48677884615384615 0.5793269230769231 0.13341346153846154 0.16466346153846154
7 0.5817307692307693 0.6189903846153846 0.11899038461538461 0.16706730769230768
5 0.7475961538461539 0.5492788461538461 0.25600961538461536 0.35697115384615385
8 0.19471153846153846 0.8100961538461539 0.12139423076923077 0.10096153846153846
8 0.25240384615384615 0.7800480769230769 0.10096153846153846 0.055288461538461536
8 0.3401442307692308 0.7764423076923077 0.08774038461538461 0.0889423076923077
16 0.35697115384615385 0.84375 0.11658653846153846 0.11899038461538461
9 0.49278846153846156 0.78125 0.19230769230769232 0.16947115384615385
3 0.6274038461538461 0.8653846153846154 0.18389423076923078 0.14423076923076922