14 0.4338942307692308 0.2824519230769231 0.22355769230769232 0.27163461538461536
13 0.23557692307692307 0.4963942307692308 0.2956730769230769 0.3245192307692308
13 0.6225961538461539 0.484375 0.37259615384615385 0.35096153846153844
0 0.39903846153846156 0.5408653846153846 0.13341346153846154 0.17067307692307693
11 0.18870192307692307 0.6899038461538461 0.14423076923076922 0.11177884615384616
11 0.6153846153846154 0.6514423076923077 0.12980769230769232 0.12860576923076922
11 0.625 0.7283653846153846 0.1310096153846154 0.12259615384615384
7 0.4375 0.6646634615384616 0.3112980769230769 0.1935096153846154
1 0.4338942307692308 0.7752403846153846 0.12620192307692307 0.10216346153846154
14 0.2848557692307692 0.859375 0.24759615384615385 0.19230769230769232
14 0.734375 0.8293269230769231 0.2704326923076923 0.23197115384615385