6 0.12860576923076922 0.31971153846153844 0.25721153846153844 0.31971153846153844
1 0.27403846153846156 0.18870192307692307 0.15865384615384615 0.24519230769230768
1 0.44591346153846156 0.203125 0.24759615384615385 0.17908653846153846
1 0.6502403846153846 0.28846153846153844 0.23918269230769232 0.171875
0 0.7536057692307693 0.41586538461538464 0.2403846153846154 0.31009615384615385
0 0.5576923076923077 0.5600961538461539 0.2512019230769231 0.30288461538461536
5 0.8701923076923077 0.5072115384615384 0.25841346153846156 0.32091346153846156
5 0.39783653846153844 0.4326923076923077 0.3076923076923077 0.2644230769230769
5 0.7103365384615384 0.8665865384615384 0.3076923076923077 0.2283653846153846
4 0.6586538461538461 0.6658653846153846 0.21634615384615385 0.13822115384615385
14 0.5216346153846154 0.8076923076923077 0.13942307692307693 0.1778846153846154
14 0.36177884615384615 0.8485576923076923 0.1658653846153846 0.125
1 0.8377403846153846 0.7223557692307693 0.051682692307692304 0.17548076923076922
1 0.3762019230769231 0.7139423076923077 0.14302884615384615 0.13701923076923078
7 0.33413461538461536 0.6658653846153846 0.16706730769230768 0.14903846153846154
10 0.1778846153846154 0.6237980769230769 0.2608173076923077 0.2824519230769231