12 0.125 0.5324519230769231 0.125 0.18389423076923078
2 0.23197115384615385 0.5240384615384616 0.09735576923076923 0.20673076923076922
10 0.3870192307692308 0.4807692307692308 0.2536057692307692 0.24639423076923078
6 0.5685096153846154 0.4879807692307692 0.24879807692307693 0.31490384615384615
6 0.8557692307692307 0.5697115384615384 0.24158653846153846 0.3161057692307692
6 0.4170673076923077 0.6935096153846154 0.3173076923076923 0.2403846153846154
10 0.6983173076923077 0.8461538461538461 0.28125 0.30649038461538464
16 0.39663461538461536 0.8353365384615384 0.1201923076923077 0.10096153846153846
16 0.28846153846153844 0.8425480769230769 0.12620192307692307 0.12740384615384615
12 0.203125 0.8581730769230769 0.14423076923076922 0.18389423076923078
16 0.20552884615384615 0.7223557692307693 0.11899038461538461 0.08533653846153846