13 0.5096153846153846 0.22716346153846154 0.2932692307692308 0.33413461538461536
13 0.203125 0.21634615384615385 0.3605769230769231 0.35216346153846156
13 0.125 0.46634615384615385 0.24759615384615385 0.33533653846153844
16 0.8329326923076923 0.2692307692307692 0.234375 0.19951923076923078
16 0.9254807692307693 0.44591346153846156 0.14423076923076922 0.203125
14 0.7512019230769231 0.47115384615384615 0.25600961538461536 0.2512019230769231
14 0.3894230769230769 0.8473557692307693 0.21875 0.24278846153846154
14 0.5360576923076923 0.6177884615384616 0.18269230769230768 0.20673076923076922
10 0.8209134615384616 0.7896634615384616 0.21514423076923078 0.23197115384615385
10 0.6394230769230769 0.6153846153846154 0.24639423076923078 0.21875
10 0.6009615384615384 0.8016826923076923 0.29086538461538464 0.28125
10 0.2403846153846154 0.7512019230769231 0.2644230769230769 0.2860576923076923
16 0.2692307692307692 0.5673076923076923 0.23918269230769232 0.2704326923076923
8 0.4951923076923077 0.41346153846153844 0.07932692307692307 0.11899038461538461
8 0.5769230769230769 0.47475961538461536 0.11658653846153846 0.0829326923076923
3 0.4026442307692308 0.43149038461538464 0.15865384615384615 0.1778846153846154
3 0.3786057692307692 0.3737980769230769 0.1971153846153846 0.1466346153846154
7 0.4182692307692308 0.6430288461538461 0.0985576923076923 0.19110576923076922