16 0.09134615384615384 0.21033653846153846 0.1814903846153846 0.2704326923076923
16 0.2512019230769231 0.1658653846153846 0.234375 0.27403846153846156
16 0.5252403846153846 0.12259615384615384 0.17067307692307693 0.24519230769230768
16 0.8617788461538461 0.2283653846153846 0.16826923076923078 0.25240384615384615
13 0.7163461538461539 0.2608173076923077 0.29447115384615385 0.3233173076923077
13 0.48197115384615385 0.30288461538461536 0.27163461538461536 0.33052884615384615
10 0.17548076923076922 0.4050480769230769 0.25721153846153844 0.20793269230769232
0 0.33653846153846156 0.38221153846153844 0.10336538461538461 0.3557692307692308
3 0.6237980769230769 0.46274038461538464 0.15985576923076922 0.17668269230769232
13 0.25721153846153844 0.6322115384615384 0.35697115384615385 0.3425480769230769
14 0.09495192307692307 0.6117788461538461 0.18990384615384615 0.25240384615384615
12 0.33774038461538464 0.8317307692307693 0.31971153846153844 0.10096153846153846
3 0.06370192307692307 0.875 0.0733173076923077 0.2091346153846154
3 0.13581730769230768 0.8798076923076923 0.06610576923076923 0.2127403846153846
12 0.4567307692307692 0.6165865384615384 0.1466346153846154 0.31490384615384615
16 0.6141826923076923 0.6947115384615384 0.16826923076923078 0.2536057692307692
5 0.8233173076923077 0.625 0.2692307692307692 0.35697115384615385
14 0.7776442307692307 0.8629807692307693 0.21394230769230768 0.18629807692307693