10 0.1346153846153846 0.24278846153846154 0.20673076923076922 0.20192307692307693
14 0.31009615384615385 0.21153846153846154 0.18629807692307693 0.15985576923076922
13 0.4483173076923077 0.30528846153846156 0.2860576923076923 0.23798076923076922
10 0.49038461538461536 0.109375 0.1971153846153846 0.20432692307692307
13 0.6394230769230769 0.15625 0.21153846153846154 0.3112980769230769
13 0.8533653846153846 0.18509615384615385 0.2920673076923077 0.3233173076923077
10 0.6995192307692307 0.390625 0.20552884615384615 0.21995192307692307
13 0.8401442307692307 0.5240384615384616 0.31490384615384615 0.30288461538461536
10 0.5949519230769231 0.6057692307692307 0.23076923076923078 0.2091346153846154
5 0.4266826923076923 0.5360576923076923 0.17908653846153846 0.2824519230769231
6 0.18269230769230768 0.453125 0.33413461538461536 0.27283653846153844
1 0.13221153846153846 0.6310096153846154 0.26322115384615385 0.21875
6 0.2668269230769231 0.7211538461538461 0.33413461538461536 0.2932692307692308
1 0.10817307692307693 0.8137019230769231 0.06129807692307692 0.18028846153846154
1 0.06610576923076923 0.8257211538461539 0.056490384615384616 0.1814903846153846
5 0.3786057692307692 0.875 0.30288461538461536 0.24158653846153846
6 0.6682692307692307 0.8245192307692307 0.2980769230769231 0.2403846153846154
13 0.875 0.7379807692307693 0.24759615384615385 0.2920673076923077