9 0.5132211538461539 0.14783653846153846 0.24278846153846154 0.2536057692307692
11 0.71875 0.32211538461538464 0.15264423076923078 0.16826923076923078
0 0.5757211538461539 0.35096153846153844 0.11658653846153846 0.24278846153846154
0 0.3942307692307692 0.31971153846153844 0.12139423076923077 0.2439903846153846
0 0.5012019230769231 0.4050480769230769 0.125 0.23918269230769232
11 0.28966346153846156 0.3701923076923077 0.11899038461538461 0.15865384615384615
10 0.8197115384615384 0.43149038461538464 0.1971153846153846 0.1971153846153846
14 0.6826923076923077 0.46875 0.13221153846153846 0.22956730769230768
14 0.30649038461538464 0.4723557692307692 0.23677884615384615 0.09975961538461539
1 0.39903846153846156 0.515625 0.1502403846153846 0.056490384615384616
9 0.21033653846153846 0.6622596153846154 0.2548076923076923 0.25
9 0.3942307692307692 0.6237980769230769 0.20192307692307693 0.19951923076923078
11 0.5673076923076923 0.6442307692307693 0.11899038461538461 0.1658653846153846
4 0.8028846153846154 0.7067307692307693 0.17548076923076922 0.25
7 0.3581730769230769 0.7403846153846154 0.17548076923076922 0.125
4 0.5360576923076923 0.828125 0.22716346153846154 0.1622596153846154