4 0.13581730769230768 0.12259615384615384 0.17908653846153846 0.24278846153846154
6 0.29086538461538464 0.234375 0.24158653846153846 0.33774038461538464
4 0.4483173076923077 0.18389423076923078 0.16466346153846154 0.2620192307692308
6 0.18389423076923078 0.44471153846153844 0.3112980769230769 0.34615384615384615
0 0.3786057692307692 0.38341346153846156 0.2283653846153846 0.18629807692307693
0 0.41466346153846156 0.47115384615384615 0.25 0.20072115384615385
4 0.5961538461538461 0.40625 0.25 0.2620192307692308
6 0.7704326923076923 0.2764423076923077 0.38100961538461536 0.4206730769230769
0 0.7163461538461539 0.53125 0.24759615384615385 0.13822115384615385
11 0.15745192307692307 0.6838942307692307 0.09495192307692307 0.20552884615384615
11 0.23677884615384615 0.6730769230769231 0.10817307692307693 0.20072115384615385
11 0.3161057692307692 0.6754807692307693 0.11057692307692307 0.21153846153846154
16 0.4519230769230769 0.5733173076923077 0.24759615384615385 0.22235576923076922
9 0.5084134615384616 0.6814903846153846 0.19831730769230768 0.18028846153846154
9 0.6237980769230769 0.6862980769230769 0.1502403846153846 0.20432692307692307
9 0.7319711538461539 0.6754807692307693 0.12980769230769232 0.21514423076923078
6 0.8100961538461539 0.7175480769230769 0.24879807692307693 0.34375
4 0.25600961538461536 0.8257211538461539 0.24639423076923078 0.16466346153846154
4 0.47716346153846156 0.8377403846153846 0.25721153846153844 0.20432692307692307
16 0.7079326923076923 0.9038461538461539 0.14302884615384615 0.125