4 0.35336538461538464 0.28365384615384615 0.23798076923076922 0.20192307692307693
4 0.4723557692307692 0.3425480769230769 0.26322115384615385 0.21634615384615385
4 0.5685096153846154 0.28125 0.14783653846153846 0.23557692307692307
11 0.7848557692307693 0.22716346153846154 0.11057692307692307 0.16105769230769232
11 0.8701923076923077 0.328125 0.13701923076923078 0.17307692307692307
11 0.828125 0.5889423076923077 0.11057692307692307 0.15504807692307693
16 0.7524038461538461 0.41346153846153844 0.2512019230769231 0.2536057692307692
16 0.5576923076923077 0.6826923076923077 0.21634615384615385 0.24879807692307693
7 0.38822115384615385 0.49759615384615385 0.33413461538461536 0.11177884615384616
7 0.4495192307692308 0.7019230769230769 0.1875 0.31850961538461536
10 0.3545673076923077 0.8245192307692307 0.19230769230769232 0.21634615384615385
10 0.7199519230769231 0.6814903846153846 0.20432692307692307 0.19591346153846154
4 0.2668269230769231 0.6610576923076923 0.18028846153846154 0.19471153846153846
8 0.8581730769230769 0.7211538461538461 0.09615384615384616 0.11899038461538461
8 0.7524038461538461 0.7800480769230769 0.10817307692307693 0.07211538461538461
8 0.6225961538461539 0.8269230769230769 0.12620192307692307 0.10697115384615384