16 0.22115384615384615 0.6370192307692307 0.23317307692307693 0.2247596153846154
5 0.2776442307692308 0.4411057692307692 0.328125 0.4026442307692308
6 0.8004807692307693 0.2776442307692308 0.24519230769230768 0.3161057692307692
7 0.6754807692307693 0.4375 0.2824519230769231 0.1935096153846154
2 0.8617788461538461 0.6237980769230769 0.16346153846153846 0.14543269230769232
2 0.734375 0.7668269230769231 0.1814903846153846 0.12980769230769232
4 0.6322115384615384 0.8774038461538461 0.15625 0.140625
8 0.5685096153846154 0.7415865384615384 0.04927884615384615 0.1201923076923077
14 0.4543269230769231 0.8257211538461539 0.20072115384615385 0.2283653846153846
0 0.46033653846153844 0.5264423076923077 0.16947115384615385 0.10817307692307693
5 0.40024038461538464 0.23798076923076922 0.38100961538461536 0.33052884615384615
6 0.578125 0.24158653846153846 0.3137019230769231 0.28846153846153844
7 0.5997596153846154 0.5877403846153846 0.15865384615384615 0.29447115384615385
7 0.7175480769230769 0.6021634615384616 0.21754807692307693 0.265625
16 0.31971153846153844 0.7956730769230769 0.234375 0.23317307692307693
0 0.49158653846153844 0.640625 0.17548076923076922 0.1466346153846154
16 0.8605769230769231 0.8197115384615384 0.20793269230769232 0.22956730769230768
8 0.5336538461538461 0.7355769230769231 0.04567307692307692 0.12139423076923077