4 0.3641826923076923 0.2127403846153846 0.16346153846153846 0.25240384615384615
4 0.6983173076923077 0.8149038461538461 0.23798076923076922 0.13701923076923078
9 0.4879807692307692 0.3088942307692308 0.15264423076923078 0.21995192307692307
9 0.2608173076923077 0.22355769230769232 0.14182692307692307 0.24879807692307693
14 0.15384615384615385 0.31971153846153844 0.21514423076923078 0.234375
14 0.3473557692307692 0.47596153846153844 0.20552884615384615 0.2283653846153846
14 0.796875 0.4723557692307692 0.19110576923076922 0.19110576923076922
10 0.7295673076923077 0.6490384615384616 0.2439903846153846 0.2091346153846154
10 0.6382211538461539 0.15264423076923078 0.2692307692307692 0.2512019230769231
10 0.3401442307692308 0.6706730769230769 0.23918269230769232 0.2439903846153846
8 0.4735576923076923 0.5048076923076923 0.13701923076923078 0.13221153846153846
8 0.48197115384615385 0.6225961538461539 0.08533653846153846 0.14423076923076922
8 0.5925480769230769 0.7007211538461539 0.07692307692307693 0.125
4 0.17067307692307693 0.5637019230769231 0.16346153846153846 0.23677884615384615
2 0.15865384615384615 0.7836538461538461 0.1045673076923077 0.125
2 0.5504807692307693 0.5997596153846154 0.09975961538461539 0.14182692307692307
6 0.42427884615384615 0.8377403846153846 0.3076923076923077 0.24759615384615385
8 0.27163461538461536 0.390625 0.09975961538461539 0.1310096153846154
6 0.6778846153846154 0.3485576923076923 0.3581730769230769 0.32211538461538464