6 0.23798076923076922 0.33533653846153844 0.2668269230769231 0.34975961538461536
16 0.4879807692307692 0.1935096153846154 0.25 0.171875
16 0.6983173076923077 0.25961538461538464 0.21153846153846154 0.24879807692307693
14 0.8449519230769231 0.2956730769230769 0.1466346153846154 0.20552884615384615
4 0.3870192307692308 0.34134615384615385 0.14182692307692307 0.16947115384615385
2 0.5288461538461539 0.3076923076923077 0.12980769230769232 0.11298076923076923
2 0.5024038461538461 0.38461538461538464 0.12379807692307693 0.1141826923076923
11 0.46875 0.44711538461538464 0.1346153846153846 0.10216346153846154
14 0.6081730769230769 0.4519230769230769 0.1346153846153846 0.23197115384615385
6 0.3245192307692308 0.5456730769230769 0.3485576923076923 0.18870192307692307
6 0.24519230769230768 0.7572115384615384 0.21875 0.3125
13 0.43990384615384615 0.6670673076923077 0.3016826923076923 0.23918269230769232
2 0.5492788461538461 0.5252403846153846 0.13942307692307693 0.10096153846153846
14 0.6742788461538461 0.6899038461538461 0.20432692307692307 0.14543269230769232
11 0.6923076923076923 0.4651442307692308 0.140625 0.17427884615384615
11 0.7728365384615384 0.42788461538461536 0.13581730769230768 0.17067307692307693
11 0.8786057692307693 0.4651442307692308 0.1141826923076923 0.17067307692307693
1 0.734375 0.5685096153846154 0.24519230769230768 0.16346153846153846