7 0.7944711538461539 0.4495192307692308 0.10096153846153846 0.234375
7 0.7103365384615384 0.4098557692307692 0.0985576923076923 0.23197115384615385
7 0.6225961538461539 0.39903846153846156 0.09134615384615384 0.23197115384615385
16 0.515625 0.28725961538461536 0.16826923076923078 0.23197115384615385
16 0.3293269230769231 0.39783653846153844 0.1935096153846154 0.23197115384615385
14 0.41466346153846156 0.5576923076923077 0.13581730769230768 0.18028846153846154
14 0.23677884615384615 0.6225961538461539 0.16706730769230768 0.19230769230769232
14 0.36538461538461536 0.671875 0.15144230769230768 0.17908653846153846
3 0.8677884615384616 0.6298076923076923 0.11658653846153846 0.19951923076923078
12 0.7620192307692307 0.6117788461538461 0.11899038461538461 0.15504807692307693
0 0.7295673076923077 0.6887019230769231 0.16706730769230768 0.27283653846153844
0 0.6310096153846154 0.6706730769230769 0.13581730769230768 0.28125
0 0.5180288461538461 0.6502403846153846 0.07932692307692307 0.2800480769230769
3 0.5144230769230769 0.8016826923076923 0.19951923076923078 0.078125