5 0.2536057692307692 0.5252403846153846 0.4266826923076923 0.4098557692307692
13 0.7235576923076923 0.4182692307692308 0.25600961538461536 0.18629807692307693
2 0.6538461538461539 0.5336538461538461 0.1466346153846154 0.10336538461538461
0 0.8088942307692307 0.5528846153846154 0.15625 0.10817307692307693
12 0.7632211538461539 0.7403846153846154 0.30649038461538464 0.09495192307692307
1 0.8016826923076923 0.8305288461538461 0.14783653846153846 0.04927884615384615
3 0.6742788461538461 0.8413461538461539 0.16706730769230768 0.1045673076923077
16 0.5444711538461539 0.7836538461538461 0.08533653846153846 0.12379807692307693
11 0.421875 0.7920673076923077 0.16706730769230768 0.14903846153846154
0 0.5348557692307693 0.6923076923076923 0.16346153846153846 0.09735576923076923
13 0.6790865384615384 0.21754807692307693 0.3016826923076923 0.2824519230769231
5 0.4651442307692308 0.31490384615384615 0.4254807692307692 0.36778846153846156
2 0.5961538461538461 0.6165865384615384 0.14423076923076922 0.11538461538461539
0 0.7524038461538461 0.640625 0.16346153846153846 0.13221153846153846
0 0.4807692307692308 0.5721153846153846 0.14423076923076922 0.15625
1 0.7103365384615384 0.7848557692307693 0.15745192307692307 0.051682692307692304
3 0.6802884615384616 0.9014423076923077 0.17067307692307693 0.11177884615384616
12 0.3233173076923077 0.8257211538461539 0.29447115384615385 0.2283653846153846