5 0.8173076923076923 0.6850961538461539 0.34375 0.4699519230769231
5 0.8918269230769231 0.2980769230769231 0.20432692307692307 0.28846153846153844
5 0.48677884615384615 0.8786057692307693 0.2824519230769231 0.1814903846153846
9 0.6574519230769231 0.4110576923076923 0.15264423076923078 0.21634615384615385
4 0.7415865384615384 0.16466346153846154 0.19471153846153846 0.2403846153846154
8 0.34615384615384615 0.8040865384615384 0.11778846153846154 0.1201923076923077
8 0.43990384615384615 0.7211538461538461 0.0985576923076923 0.12259615384615384
8 0.4891826923076923 0.6298076923076923 0.1141826923076923 0.1141826923076923
13 0.53125 0.3112980769230769 0.21754807692307693 0.25961538461538464
5 0.4699519230769231 0.44711538461538464 0.24879807692307693 0.2824519230769231
9 0.2764423076923077 0.7716346153846154 0.20192307692307693 0.2127403846153846
9 0.15384615384615385 0.7283653846153846 0.16105769230769232 0.18990384615384615
13 0.2439903846153846 0.5697115384615384 0.296875 0.23557692307692307
5 0.21634615384615385 0.2548076923076923 0.35697115384615385 0.4699519230769231