4 0.12259615384615384 0.18509615384615385 0.15985576923076922 0.23076923076923078
4 0.1658653846153846 0.4254807692307692 0.24639423076923078 0.17548076923076922
0 0.3125 0.31009615384615385 0.25721153846153844 0.3317307692307692
0 0.6334134615384616 0.23798076923076922 0.10817307692307693 0.36658653846153844
2 0.4026442307692308 0.234375 0.15504807692307693 0.15144230769230768
2 0.4831730769230769 0.30528846153846156 0.1622596153846154 0.13822115384615385
2 0.5252403846153846 0.4675480769230769 0.0889423076923077 0.14543269230769232
10 0.2920673076923077 0.5600961538461539 0.19471153846153846 0.18870192307692307
0 0.43028846153846156 0.5192307692307693 0.11298076923076923 0.2824519230769231
10 0.6262019230769231 0.5408653846153846 0.15504807692307693 0.15625
15 0.5288461538461539 0.65625 0.1935096153846154 0.1814903846153846
15 0.6033653846153846 0.7824519230769231 0.17908653846153846 0.16466346153846154
15 0.7752403846153846 0.8713942307692307 0.18509615384615385 0.19110576923076922
4 0.6983173076923077 0.6418269230769231 0.20673076923076922 0.24158653846153846
4 0.8305288461538461 0.6778846153846154 0.203125 0.2512019230769231
5 0.8209134615384616 0.265625 0.30649038461538464 0.4326923076923077
5 0.2692307692307692 0.7487980769230769 0.5036057692307693 0.4495192307692308