1 0.6694711538461539 0.15264423076923078 0.18629807692307693 0.22115384615384615
1 0.8040865384615384 0.22716346153846154 0.11177884615384616 0.2127403846153846
16 0.6274038461538461 0.29447115384615385 0.2091346153846154 0.21634615384615385
16 0.765625 0.4567307692307692 0.2920673076923077 0.1875
5 0.36899038461538464 0.27884615384615385 0.41346153846153844 0.3629807692307692
13 0.49278846153846156 0.4423076923076923 0.33052884615384615 0.28725961538461536
13 0.30288461538461536 0.5420673076923077 0.3161057692307692 0.27403846153846156
13 0.5721153846153846 0.6213942307692307 0.31971153846153844 0.21995192307692307
2 0.4795673076923077 0.6646634615384616 0.16706730769230768 0.12980769230769232
7 0.21153846153846154 0.6225961538461539 0.21394230769230768 0.27283653846153844
1 0.22596153846153846 0.7740384615384616 0.140625 0.13822115384615385
7 0.4579326923076923 0.7548076923076923 0.3016826923076923 0.10216346153846154
9 0.6730769230769231 0.7548076923076923 0.1502403846153846 0.15264423076923078
9 0.7427884615384616 0.6598557692307693 0.15985576923076922 0.15985576923076922
1 0.8521634615384616 0.6478365384615384 0.09735576923076923 0.12620192307692307
1 0.8064903846153846 0.8221153846153846 0.17668269230769232 0.24158653846153846