5 0.20192307692307693 0.33774038461538464 0.2800480769230769 0.3076923076923077
11 0.2800480769230769 0.2800480769230769 0.16706730769230768 0.16826923076923078
5 0.42427884615384615 0.27884615384615385 0.42908653846153844 0.3605769230769231
11 0.6274038461538461 0.21514423076923078 0.14302884615384615 0.16346153846153846
10 0.7235576923076923 0.3076923076923077 0.1935096153846154 0.19591346153846154
8 0.6802884615384616 0.4230769230769231 0.08653846153846154 0.06610576923076923
8 0.8449519230769231 0.36538461538461536 0.08653846153846154 0.0733173076923077
13 0.15384615384615385 0.6274038461538461 0.3016826923076923 0.3473557692307692
8 0.2644230769230769 0.5108173076923077 0.078125 0.06850961538461539
16 0.2860576923076923 0.5961538461538461 0.10336538461538461 0.11177884615384616
13 0.4567307692307692 0.515625 0.3389423076923077 0.24158653846153846
7 0.47115384615384615 0.6682692307692307 0.32572115384615385 0.11177884615384616
7 0.4206730769230769 0.7692307692307693 0.3269230769230769 0.10336538461538461
3 0.32091346153846156 0.8449519230769231 0.20552884615384615 0.06009615384615385
16 0.6141826923076923 0.7475961538461539 0.11057692307692307 0.125
7 0.6682692307692307 0.6045673076923077 0.1310096153846154 0.31850961538461536
13 0.8197115384615384 0.5841346153846154 0.23798076923076922 0.3004807692307692