9 0.5180288461538461 0.2512019230769231 0.3137019230769231 0.39302884615384615
9 0.3293269230769231 0.3641826923076923 0.3942307692307692 0.3762019230769231
7 0.5769230769230769 0.3605769230769231 0.13942307692307693 0.19110576923076922
1 0.4375 0.4411057692307692 0.09014423076923077 0.17307692307692307
14 0.8305288461538461 0.38461538461538464 0.12860576923076922 0.18269230769230768
14 0.7307692307692307 0.4483173076923077 0.15384615384615385 0.19471153846153846
13 0.26322115384615385 0.5288461538461539 0.24879807692307693 0.22956730769230768
13 0.2512019230769231 0.6971153846153846 0.2860576923076923 0.2247596153846154
7 0.5865384615384616 0.5721153846153846 0.18509615384615385 0.11899038461538461
1 0.7103365384615384 0.5841346153846154 0.16466346153846154 0.12379807692307693
9 0.71875 0.7019230769230769 0.24759615384615385 0.24519230769230768
1 0.46634615384615385 0.7235576923076923 0.140625 0.2403846153846154