12 0.33774038461538464 0.2536057692307692 0.1622596153846154 0.12379807692307693
12 0.41586538461538464 0.33774038461538464 0.12620192307692307 0.14903846153846154
12 0.32091346153846156 0.4182692307692308 0.13942307692307693 0.140625
7 0.25 0.6274038461538461 0.19230769230769232 0.32572115384615385
4 0.6454326923076923 0.22115384615384615 0.2439903846153846 0.20192307692307693
4 0.84375 0.3473557692307692 0.171875 0.2403846153846154
2 0.6310096153846154 0.3605769230769231 0.19230769230769232 0.19110576923076922
0 0.44591346153846156 0.5096153846153846 0.3112980769230769 0.25600961538461536
0 0.5192307692307693 0.5709134615384616 0.32211538461538464 0.22956730769230768
0 0.5889423076923077 0.6334134615384616 0.34615384615384615 0.18509615384615385
4 0.8701923076923077 0.6694711538461539 0.17067307692307693 0.2439903846153846
1 0.42427884615384615 0.7139423076923077 0.18509615384615385 0.06129807692307692
3 0.4050480769230769 0.765625 0.18870192307692307 0.09014423076923077
3 0.4831730769230769 0.8557692307692307 0.12860576923076922 0.1935096153846154
16 0.6586538461538461 0.7427884615384616 0.32091346153846156 0.234375