1 0.8401442307692307 0.19110576923076922 0.13942307692307693 0.22596153846153846
1 0.8329326923076923 0.3317307692307692 0.18509615384615385 0.24519230769230768
3 0.796875 0.44711538461538464 0.09615384615384616 0.18870192307692307
3 0.7223557692307693 0.5024038461538461 0.08052884615384616 0.19591346153846154
9 0.8040865384615384 0.640625 0.20432692307692307 0.19230769230769232
3 0.7307692307692307 0.703125 0.109375 0.14903846153846154
4 0.5769230769230769 0.8100961538461539 0.2403846153846154 0.19230769230769232
14 0.32091346153846156 0.8233173076923077 0.2283653846153846 0.19831730769230768
2 0.3762019230769231 0.6622596153846154 0.17548076923076922 0.19230769230769232
2 0.46875 0.5985576923076923 0.17548076923076922 0.18870192307692307
2 0.578125 0.5408653846153846 0.18509615384615385 0.18028846153846154
4 0.22355769230769232 0.5889423076923077 0.15144230769230768 0.22716346153846154
5 0.34615384615384615 0.3329326923076923 0.36658653846153844 0.421875
5 0.5997596153846154 0.25841346153846156 0.37740384615384615 0.42908653846153844
0 0.6298076923076923 0.6646634615384616 0.13701923076923078 0.171875