12 0.7704326923076923 0.38100961538461536 0.08653846153846154 0.3112980769230769
12 0.5949519230769231 0.4735576923076923 0.22716346153846154 0.28725961538461536
12 0.8028846153846154 0.8810096153846154 0.30528846153846156 0.22956730769230768
16 0.7524038461538461 0.7487980769230769 0.1875 0.2403846153846154
16 0.2668269230769231 0.23798076923076922 0.20432692307692307 0.27163461538461536
13 0.4723557692307692 0.31971153846153844 0.3557692307692308 0.34134615384615385
13 0.15745192307692307 0.4411057692307692 0.25 0.31490384615384615
13 0.6237980769230769 0.6358173076923077 0.33774038461538464 0.33774038461538464
0 0.4807692307692308 0.5096153846153846 0.1935096153846154 0.22235576923076922
4 0.3269230769230769 0.5925480769230769 0.19591346153846154 0.22355769230769232
4 0.4675480769230769 0.8870192307692307 0.19951923076923078 0.22115384615384615
3 0.19831730769230768 0.6947115384615384 0.10216346153846154 0.19591346153846154
3 0.19831730769230768 0.8064903846153846 0.1045673076923077 0.19230769230769232
14 0.3557692307692308 0.8425480769230769 0.09254807692307693 0.23918269230769232
14 0.4963942307692308 0.7451923076923077 0.20793269230769232 0.16947115384615385