16 0.21875 0.28365384615384615 0.3004807692307692 0.28846153846153844
16 0.5084134615384616 0.25841346153846156 0.22596153846153846 0.18870192307692307
16 0.6526442307692307 0.34375 0.22355769230769232 0.23677884615384615
4 0.8088942307692307 0.4387019230769231 0.19831730769230768 0.23798076923076922
4 0.6947115384615384 0.6334134615384616 0.22115384615384615 0.1346153846153846
8 0.7127403846153846 0.5504807692307693 0.10216346153846154 0.056490384615384616
8 0.6514423076923077 0.5396634615384616 0.10096153846153846 0.07451923076923077
8 0.5925480769230769 0.5420673076923077 0.09134615384615384 0.08533653846153846
12 0.4951923076923077 0.5120192307692307 0.0889423076923077 0.15865384615384615
12 0.4014423076923077 0.5516826923076923 0.08173076923076923 0.15504807692307693
0 0.32211538461538464 0.5973557692307693 0.15144230769230768 0.28365384615384615
4 0.20192307692307693 0.5865384615384616 0.24639423076923078 0.2668269230769231
12 0.13581730769230768 0.6899038461538461 0.10576923076923077 0.16346153846153846
16 0.24879807692307693 0.7728365384615384 0.11899038461538461 0.09495192307692307
16 0.4411057692307692 0.7908653846153846 0.1310096153846154 0.12620192307692307
4 0.6274038461538461 0.7764423076923077 0.24519230769230768 0.203125