13 0.25240384615384615 0.3125 0.3293269230769231 0.3798076923076923
14 0.5288461538461539 0.20673076923076922 0.1814903846153846 0.13942307692307693
1 0.5649038461538461 0.3581730769230769 0.203125 0.22716346153846154
8 0.46153846153846156 0.38100961538461536 0.11057692307692307 0.09495192307692307
8 0.34615384615384615 0.44711538461538464 0.078125 0.06971153846153846
8 0.3088942307692308 0.5324519230769231 0.07692307692307693 0.0829326923076923
8 0.37740384615384615 0.5324519230769231 0.07451923076923077 0.07692307692307693
3 0.49158653846153844 0.5228365384615384 0.1658653846153846 0.1814903846153846
16 0.2512019230769231 0.671875 0.20673076923076922 0.25721153846153844
2 0.41225961538461536 0.6322115384615384 0.1875 0.1875
14 0.5324519230769231 0.671875 0.1875 0.17548076923076922
1 0.640625 0.7644230769230769 0.24639423076923078 0.21754807692307693
3 0.8125 0.6358173076923077 0.057692307692307696 0.1875
15 0.6899038461538461 0.5300480769230769 0.25841346153846156 0.19831730769230768
14 0.84375 0.4579326923076923 0.14903846153846154 0.18389423076923078
3 0.7295673076923077 0.28125 0.17067307692307693 0.1778846153846154