16 0.7043269230769231 0.3293269230769231 0.25721153846153844 0.21514423076923078
4 0.4951923076923077 0.3858173076923077 0.25 0.22115384615384615
5 0.2860576923076923 0.35096153846153844 0.4987980769230769 0.5108173076923077
2 0.609375 0.5516826923076923 0.15264423076923078 0.140625
7 0.7367788461538461 0.49399038461538464 0.2548076923076923 0.1658653846153846
2 0.7980769230769231 0.7067307692307693 0.17908653846153846 0.10817307692307693
15 0.5697115384615384 0.8004807692307693 0.27884615384615385 0.19591346153846154
16 0.4110576923076923 0.5769230769230769 0.2536057692307692 0.21754807692307693
2 0.578125 0.6382211538461539 0.17067307692307693 0.15865384615384615
2 0.7824519230769231 0.6165865384615384 0.17307692307692307 0.1045673076923077
15 0.35697115384615385 0.7475961538461539 0.2932692307692308 0.22235576923076922