2 0.5384615384615384 0.3004807692307692 0.1502403846153846 0.10697115384615384
10 0.765625 0.2704326923076923 0.19471153846153846 0.19471153846153846
4 0.7451923076923077 0.39302884615384615 0.20552884615384615 0.09375
16 0.7091346153846154 0.49399038461538464 0.203125 0.14903846153846154
2 0.5504807692307693 0.6033653846153846 0.13581730769230768 0.16947115384615385
10 0.7139423076923077 0.6670673076923077 0.1658653846153846 0.19591346153846154
16 0.8990384615384616 0.6502403846153846 0.09134615384615384 0.11538461538461539
10 0.7211538461538461 0.8329326923076923 0.15745192307692307 0.16105769230769232
8 0.578125 0.9026442307692307 0.10697115384615384 0.08533653846153846
8 0.3701923076923077 0.8942307692307693 0.12259615384615384 0.11778846153846154
8 0.20793269230769232 0.8161057692307693 0.11057692307692307 0.12259615384615384
0 0.42788461538461536 0.7728365384615384 0.3798076923076923 0.10576923076923077
16 0.10096153846153846 0.7043269230769231 0.11899038461538461 0.08774038461538461
2 0.20432692307692307 0.6418269230769231 0.1658653846153846 0.14182692307692307
10 0.3918269230769231 0.6526442307692307 0.19591346153846154 0.1971153846153846
10 0.24879807692307693 0.5336538461538461 0.19831730769230768 0.19831730769230768