5 0.8509615384615384 0.6069711538461539 0.29447115384615385 0.4543269230769231
5 0.7740384615384616 0.22956730769230768 0.3545673076923077 0.45072115384615385
6 0.5432692307692307 0.19110576923076922 0.25961538461538464 0.2980769230769231
6 0.5973557692307693 0.4050480769230769 0.2548076923076923 0.2980769230769231
13 0.3870192307692308 0.33533653846153844 0.2860576923076923 0.3293269230769231
13 0.22115384615384615 0.328125 0.27163461538461536 0.2764423076923077
7 0.2980769230769231 0.5540865384615384 0.24639423076923078 0.11177884615384616
7 0.22956730769230768 0.6358173076923077 0.2608173076923077 0.11899038461538461
5 0.5925480769230769 0.6598557692307693 0.47596153846153844 0.4411057692307692
13 0.1622596153846154 0.7319711538461539 0.2980769230769231 0.2704326923076923
13 0.3701923076923077 0.8052884615384616 0.24519230769230768 0.28846153846153844
13 0.5757211538461539 0.8401442307692307 0.33052884615384615 0.24879807692307693