3 0.9050480769230769 0.5 0.109375 0.2247596153846154
3 0.8269230769230769 0.5120192307692307 0.1045673076923077 0.2127403846153846
3 0.765625 0.6418269230769231 0.14302884615384615 0.20552884615384615
16 0.7247596153846154 0.22235576923076922 0.14783653846153846 0.1045673076923077
16 0.7728365384615384 0.3293269230769231 0.15384615384615385 0.14783653846153846
16 0.6237980769230769 0.35216346153846156 0.12980769230769232 0.13701923076923078
0 0.7788461538461539 0.46634615384615385 0.23557692307692307 0.27283653846153844
0 0.6802884615384616 0.4951923076923077 0.296875 0.20552884615384615
0 0.6274038461538461 0.5324519230769231 0.2956730769230769 0.20072115384615385
9 0.5180288461538461 0.35096153846153844 0.12620192307692307 0.2247596153846154
0 0.5841346153846154 0.609375 0.359375 0.24879807692307693
7 0.7403846153846154 0.796875 0.2512019230769231 0.24278846153846154
0 0.453125 0.6694711538461539 0.4026442307692308 0.16346153846153846
11 0.515625 0.7608173076923077 0.2620192307692308 0.10576923076923077
11 0.4326923076923077 0.8293269230769231 0.2608173076923077 0.18509615384615385
9 0.27163461538461536 0.5733173076923077 0.27524038461538464 0.18269230769230768
10 0.24879807692307693 0.4206730769230769 0.2920673076923077 0.25721153846153844
10 0.39302884615384615 0.23918269230769232 0.24639423076923078 0.24879807692307693