16 0.31490384615384615 0.34134615384615385 0.1935096153846154 0.23197115384615385
16 0.24879807692307693 0.5240384615384616 0.23076923076923078 0.23918269230769232
0 0.35216346153846156 0.5685096153846154 0.17908653846153846 0.24158653846153846
2 0.4675480769230769 0.40625 0.18509615384615385 0.19230769230769232
7 0.5612980769230769 0.2776442307692308 0.18629807692307693 0.17908653846153846
2 0.6045673076923077 0.4699519230769231 0.17908653846153846 0.19230769230769232
2 0.7019230769230769 0.3858173076923077 0.171875 0.1935096153846154
1 0.7283653846153846 0.21995192307692307 0.2247596153846154 0.14302884615384615
1 0.8125 0.42427884615384615 0.17067307692307693 0.24879807692307693
1 0.8557692307692307 0.35096153846153844 0.1935096153846154 0.2620192307692308
5 0.7632211538461539 0.7043269230769231 0.44471153846153844 0.44350961538461536
7 0.546875 0.7596153846153846 0.14182692307692307 0.20072115384615385
0 0.5036057692307693 0.6165865384615384 0.22716346153846154 0.21754807692307693
12 0.4723557692307692 0.7668269230769231 0.1045673076923077 0.14302884615384615
4 0.35336538461538464 0.7668269230769231 0.2403846153846154 0.2692307692307692