7 0.6586538461538461 0.3942307692307692 0.19230769230769232 0.10096153846153846
16 0.5228365384615384 0.43149038461538464 0.1201923076923077 0.12860576923076922
1 0.7307692307692307 0.49278846153846156 0.11177884615384616 0.140625
1 0.6790865384615384 0.5096153846153846 0.10096153846153846 0.14182692307692307
8 0.6550480769230769 0.5612980769230769 0.1045673076923077 0.12980769230769232
7 0.5805288461538461 0.5649038461538461 0.14903846153846154 0.18990384615384615
10 0.4098557692307692 0.5240384615384616 0.19110576923076922 0.1875
16 0.5120192307692307 0.6105769230769231 0.11057692307692307 0.11899038461538461
10 0.40384615384615385 0.6971153846153846 0.3137019230769231 0.27283653846153844
16 0.6622596153846154 0.6862980769230769 0.1141826923076923 0.125
8 0.6105769230769231 0.7439903846153846 0.0985576923076923 0.12860576923076922