13 0.3016826923076923 0.31490384615384615 0.23677884615384615 0.2920673076923077
13 0.49399038461538464 0.25961538461538464 0.3269230769230769 0.35336538461538464
10 0.6658653846153846 0.31009615384615385 0.2091346153846154 0.21514423076923078
10 0.7992788461538461 0.3389423076923077 0.19471153846153846 0.22235576923076922
3 0.22596153846153846 0.5420673076923077 0.15745192307692307 0.19951923076923078
3 0.3401442307692308 0.5180288461538461 0.1502403846153846 0.18269230769230768
3 0.3269230769230769 0.6370192307692307 0.21514423076923078 0.15264423076923078
4 0.5180288461538461 0.5288461538461539 0.234375 0.1502403846153846
4 0.7932692307692307 0.5084134615384616 0.24879807692307693 0.16105769230769232
6 0.26802884615384615 0.7728365384615384 0.2860576923076923 0.23076923076923078
6 0.46274038461538464 0.7427884615384616 0.2920673076923077 0.21754807692307693
14 0.6322115384615384 0.7367788461538461 0.13341346153846154 0.19591346153846154
14 0.7980769230769231 0.6634615384615384 0.19591346153846154 0.13581730769230768
14 0.765625 0.7463942307692307 0.19110576923076922 0.1466346153846154