4 0.22355769230769232 0.33413461538461536 0.17307692307692307 0.234375
4 0.33413461538461536 0.3713942307692308 0.16706730769230768 0.23197115384615385
4 0.47475961538461536 0.3004807692307692 0.14543269230769232 0.23076923076923078
4 0.59375 0.3269230769230769 0.15144230769230768 0.22716346153846154
0 0.6778846153846154 0.35336538461538464 0.10817307692307693 0.28365384615384615
13 0.8365384615384616 0.42908653846153844 0.32091346153846156 0.2980769230769231
4 0.25 0.65625 0.22956730769230768 0.25240384615384615
4 0.4014423076923077 0.6394230769230769 0.22956730769230768 0.2548076923076923
1 0.5228365384615384 0.46875 0.13942307692307693 0.06490384615384616
1 0.5228365384615384 0.5048076923076923 0.13942307692307693 0.06971153846153846
1 0.49038461538461536 0.5324519230769231 0.13581730769230768 0.07692307692307693
14 0.5673076923076923 0.6105769230769231 0.15985576923076922 0.15865384615384615
14 0.5841346153846154 0.7307692307692307 0.16346153846153846 0.1310096153846154
13 0.7572115384615384 0.671875 0.24639423076923078 0.30408653846153844