16 0.6947115384615384 0.7776442307692307 0.17548076923076922 0.23076923076923078
16 0.5649038461538461 0.8389423076923077 0.1778846153846154 0.22956730769230768
4 0.20192307692307693 0.7692307692307693 0.1935096153846154 0.11177884615384616
4 0.21754807692307693 0.6153846153846154 0.17427884615384615 0.20192307692307693
16 0.5036057692307693 0.6117788461538461 0.23677884615384615 0.22716346153846154
1 0.30408653846153844 0.5276442307692307 0.24639423076923078 0.22355769230769232
6 0.20673076923076922 0.3641826923076923 0.30649038461538464 0.23557692307692307
1 0.5384615384615384 0.16826923076923078 0.16466346153846154 0.2439903846153846
4 0.46153846153846156 0.36658653846153844 0.17668269230769232 0.23557692307692307
4 0.5793269230769231 0.42427884615384615 0.17427884615384615 0.22956730769230768
4 0.7367788461538461 0.46274038461538464 0.22355769230769232 0.16706730769230768