7 0.6790865384615384 0.42908653846153844 0.203125 0.3112980769230769
7 0.5276442307692307 0.5132211538461539 0.18990384615384615 0.3016826923076923
4 0.7463942307692307 0.5072115384615384 0.21033653846153846 0.2439903846153846
4 0.43990384615384615 0.5685096153846154 0.19591346153846154 0.25
4 0.2824519230769231 0.59375 0.23317307692307693 0.234375
16 0.4987980769230769 0.7199519230769231 0.07932692307692307 0.10697115384615384
16 0.31490384615384615 0.8125 0.1201923076923077 0.13581730769230768
16 0.39903846153846156 0.6959134615384616 0.1201923076923077 0.125
16 0.39903846153846156 0.4050480769230769 0.078125 0.11057692307692307
16 0.5865384615384616 0.4050480769230769 0.10697115384615384 0.11778846153846154
13 0.6862980769230769 0.7391826923076923 0.31971153846153844 0.2956730769230769
13 0.2776442307692308 0.3449519230769231 0.20552884615384615 0.2824519230769231
13 0.5144230769230769 0.21153846153846154 0.3269230769230769 0.328125
11 0.4735576923076923 0.3245192307692308 0.17908653846153846 0.1622596153846154