15 0.8209134615384616 0.6213942307692307 0.2932692307692308 0.30288461538461536
11 0.7067307692307693 0.6346153846153846 0.1045673076923077 0.15384615384615385
12 0.6081730769230769 0.6802884615384616 0.10697115384615384 0.1201923076923077
12 0.5384615384615384 0.6742788461538461 0.09615384615384616 0.12259615384615384
11 0.4735576923076923 0.6502403846153846 0.13341346153846154 0.16105769230769232
15 0.328125 0.7199519230769231 0.3112980769230769 0.29447115384615385
0 0.5949519230769231 0.5528846153846154 0.125 0.16346153846153846
14 0.71875 0.4567307692307692 0.16947115384615385 0.19831730769230768
6 0.6706730769230769 0.3245192307692308 0.19230769230769232 0.28365384615384615
0 0.49278846153846156 0.3245192307692308 0.17307692307692307 0.10817307692307693
4 0.4987980769230769 0.46875 0.17067307692307693 0.22235576923076922
6 0.33413461538461536 0.43149038461538464 0.21754807692307693 0.2980769230769231