13 0.21153846153846154 0.2776442307692308 0.2403846153846154 0.30288461538461536
10 0.39783653846153844 0.26322115384615385 0.203125 0.20192307692307693
13 0.17668269230769232 0.5420673076923077 0.30528846153846156 0.29086538461538464
0 0.4098557692307692 0.4579326923076923 0.2776442307692308 0.31971153846153844
0 0.5745192307692307 0.4170673076923077 0.28725961538461536 0.3137019230769231
2 0.6286057692307693 0.5685096153846154 0.16346153846153846 0.1971153846153846
13 0.7752403846153846 0.41466346153846156 0.20552884615384615 0.25961538461538464
5 0.8125 0.7944711538461539 0.29447115384615385 0.39903846153846156
3 0.5180288461538461 0.8161057692307693 0.17548076923076922 0.0829326923076923
0 0.40865384615384615 0.7728365384615384 0.15144230769230768 0.17668269230769232
2 0.35096153846153844 0.6826923076923077 0.18028846153846154 0.20432692307692307
10 0.22355769230769232 0.8040865384615384 0.22716346153846154 0.23557692307692307
3 0.39663461538461536 0.8822115384615384 0.17427884615384615 0.109375
0 0.5276442307692307 0.20552884615384615 0.12379807692307693 0.16706730769230768