3 0.8100961538461539 0.7175480769230769 0.17908653846153846 0.1622596153846154
15 0.6838942307692307 0.6995192307692307 0.2512019230769231 0.24639423076923078
15 0.6466346153846154 0.7920673076923077 0.23557692307692307 0.1658653846153846
3 0.8617788461538461 0.5757211538461539 0.2091346153846154 0.1466346153846154
3 0.7103365384615384 0.5432692307692307 0.1935096153846154 0.1201923076923077
2 0.5721153846153846 0.6105769230769231 0.0985576923076923 0.11057692307692307
2 0.47115384615384615 0.7451923076923077 0.15504807692307693 0.12860576923076922
2 0.42788461538461536 0.6442307692307693 0.15144230769230768 0.1045673076923077
15 0.3137019230769231 0.8052884615384616 0.24158653846153846 0.17067307692307693
9 0.25961538461538464 0.6298076923076923 0.17427884615384615 0.21514423076923078
11 0.40865384615384615 0.5588942307692307 0.1935096153846154 0.08533653846153846
2 0.4495192307692308 0.49278846153846156 0.15144230769230768 0.10697115384615384
10 0.21754807692307693 0.43028846153846156 0.24519230769230768 0.2800480769230769
10 0.4266826923076923 0.30408653846153844 0.23557692307692307 0.21754807692307693
10 0.6526442307692307 0.24278846153846154 0.23197115384615385 0.25841346153846156
2 0.5961538461538461 0.3629807692307692 0.11177884615384616 0.11538461538461539
12 0.6550480769230769 0.43509615384615385 0.08533653846153846 0.15384615384615385
12 0.5637019230769231 0.48197115384615385 0.0985576923076923 0.14783653846153846
3 0.8004807692307693 0.3918269230769231 0.17908653846153846 0.20432692307692307