7 0.13701923076923078 0.28125 0.11778846153846154 0.3088942307692308
7 0.6766826923076923 0.71875 0.27524038461538464 0.21153846153846154
16 0.2800480769230769 0.25600961538461536 0.21875 0.16466346153846154
16 0.8233173076923077 0.22956730769230768 0.20552884615384615 0.1502403846153846
16 0.8629807692307693 0.6574519230769231 0.23557692307692307 0.2091346153846154
12 0.46033653846153844 0.42788461538461536 0.16706730769230768 0.2920673076923077
12 0.5444711538461539 0.40865384615384615 0.16826923076923078 0.28846153846153844
12 0.3557692307692308 0.4699519230769231 0.0829326923076923 0.30649038461538464
6 0.6875 0.4411057692307692 0.31971153846153844 0.3557692307692308
6 0.23317307692307693 0.7259615384615384 0.33413461538461536 0.28365384615384615
9 0.2439903846153846 0.42908653846153844 0.2247596153846154 0.22956730769230768
9 0.16105769230769232 0.5745192307692307 0.23076923076923078 0.22596153846153846
9 0.4375 0.6923076923076923 0.23197115384615385 0.23557692307692307
11 0.5649038461538461 0.7355769230769231 0.13221153846153846 0.11177884615384616
11 0.35216346153846156 0.9086538461538461 0.057692307692307696 0.13942307692307693
11 0.4831730769230769 0.8942307692307693 0.16346153846153846 0.15504807692307693
1 0.5949519230769231 0.8521634615384616 0.0985576923076923 0.16947115384615385
1 0.15745192307692307 0.8846153846153846 0.17908653846153846 0.0625
1 0.5276442307692307 0.5745192307692307 0.16706730769230768 0.06129807692307692
14 0.7487980769230769 0.8689903846153846 0.24278846153846154 0.10096153846153846