16 0.12379807692307693 0.2608173076923077 0.18028846153846154 0.2548076923076923
16 0.34975961538461536 0.2512019230769231 0.2548076923076923 0.2620192307692308
16 0.23677884615384615 0.36538461538461536 0.11177884615384616 0.12259615384615384
16 0.23677884615384615 0.4963942307692308 0.11057692307692307 0.12860576923076922
16 0.16706730769230768 0.5552884615384616 0.13221153846153846 0.11057692307692307
14 0.14182692307692307 0.671875 0.20793269230769232 0.19230769230769232
14 0.2668269230769231 0.6887019230769231 0.1935096153846154 0.20072115384615385
7 0.3870192307692308 0.4567307692307692 0.12259615384615384 0.25240384615384615
14 0.453125 0.5252403846153846 0.12740384615384615 0.25600961538461536
4 0.43509615384615385 0.7524038461538461 0.17307692307692307 0.25721153846153844
10 0.5649038461538461 0.3545673076923077 0.20072115384615385 0.20552884615384615
11 0.6478365384615384 0.3016826923076923 0.09615384615384616 0.20793269230769232
16 0.7055288461538461 0.2860576923076923 0.06850961538461539 0.12139423076923077
11 0.7860576923076923 0.33413461538461536 0.16105769230769232 0.18269230769230768
10 0.5841346153846154 0.5444711538461539 0.20793269230769232 0.20072115384615385
16 0.8004807692307693 0.46634615384615385 0.13701923076923078 0.11658653846153846
10 0.8112980769230769 0.6117788461538461 0.203125 0.20072115384615385
11 0.5540865384615384 0.7908653846153846 0.11177884615384616 0.22596153846153846
4 0.7163461538461539 0.7908653846153846 0.2644230769230769 0.20793269230769232