10 0.3389423076923077 0.2956730769230769 0.20673076923076922 0.20673076923076922
10 0.5480769230769231 0.296875 0.20432692307692307 0.1971153846153846
10 0.14903846153846154 0.4206730769230769 0.25721153846153844 0.23076923076923078
10 0.14182692307692307 0.6105769230769231 0.25961538461538464 0.21153846153846154
10 0.5288461538461539 0.5228365384615384 0.22956730769230768 0.29447115384615385
6 0.328125 0.5324519230769231 0.19230769230769232 0.2956730769230769
6 0.828125 0.578125 0.2824519230769231 0.27524038461538464
7 0.6634615384615384 0.6322115384615384 0.09375 0.33413461538461536
7 0.20192307692307693 0.7367788461538461 0.3401442307692308 0.12860576923076922
7 0.3786057692307692 0.8100961538461539 0.15384615384615385 0.33774038461538464
10 0.5360576923076923 0.7259615384615384 0.2127403846153846 0.18028846153846154
10 0.5180288461538461 0.9038461538461539 0.2536057692307692 0.18990384615384615
10 0.7980769230769231 0.8473557692307693 0.2439903846153846 0.265625