11 0.0829326923076923 0.4230769230769231 0.12620192307692307 0.16706730769230768
2 0.078125 0.609375 0.1466346153846154 0.1814903846153846
15 0.13341346153846154 0.7956730769230769 0.125 0.07211538461538461
14 0.18509615384615385 0.6189903846153846 0.1310096153846154 0.35336538461538464
5 0.4110576923076923 0.40865384615384615 0.38461538461538464 0.29086538461538464
11 0.3161057692307692 0.65625 0.1622596153846154 0.12379807692307693
3 0.2764423076923077 0.7668269230769231 0.1658653846153846 0.11538461538461539
3 0.38221153846153844 0.7403846153846154 0.13341346153846154 0.17668269230769232
13 0.7367788461538461 0.4987980769230769 0.30649038461538464 0.23918269230769232
13 0.7175480769230769 0.7463942307692307 0.25841346153846156 0.30649038461538464
14 0.39903846153846156 0.8088942307692307 0.1622596153846154 0.21754807692307693
14 0.46153846153846156 0.828125 0.171875 0.20793269230769232
14 0.5348557692307693 0.8305288461538461 0.17548076923076922 0.2091346153846154