5 0.7584134615384616 0.40024038461538464 0.4735576923076923 0.53125
5 0.7163461538461539 0.671875 0.4543269230769231 0.5180288461538461
1 0.8786057692307693 0.7872596153846154 0.09014423076923077 0.1875
14 0.5697115384615384 0.19471153846153846 0.3161057692307692 0.28725961538461536
16 0.44350961538461536 0.27283653846153844 0.1935096153846154 0.21634615384615385
1 0.36899038461538464 0.2776442307692308 0.11538461538461539 0.17908653846153846
2 0.3137019230769231 0.359375 0.10336538461538461 0.16105769230769232
2 0.19230769230769232 0.3918269230769231 0.13341346153846154 0.17307692307692307
15 0.0889423076923077 0.4026442307692308 0.09615384615384616 0.13581730769230768
15 0.17908653846153846 0.5108173076923077 0.0985576923076923 0.13942307692307693
16 0.2764423076923077 0.6658653846153846 0.15504807692307693 0.21754807692307693
2 0.39783653846153844 0.7319711538461539 0.16346153846153846 0.109375
1 0.16826923076923078 0.8209134615384616 0.21394230769230768 0.2668269230769231
1 0.14903846153846154 0.21634615384615385 0.25600961538461536 0.1875
5 0.42788461538461536 0.5360576923076923 0.21153846153846154 0.29086538461538464