16 0.8822115384615384 0.7752403846153846 0.15745192307692307 0.24639423076923078
11 0.6778846153846154 0.8052884615384616 0.15865384615384615 0.11658653846153846
11 0.5300480769230769 0.8641826923076923 0.16826923076923078 0.1502403846153846
11 0.35336538461538464 0.8545673076923077 0.16105769230769232 0.1201923076923077
11 0.7127403846153846 0.7247596153846154 0.19591346153846154 0.10216346153846154
11 0.5120192307692307 0.7776442307692307 0.18269230769230768 0.1502403846153846
2 0.6502403846153846 0.6550480769230769 0.18509615384615385 0.13581730769230768
7 0.40384615384615385 0.7271634615384616 0.24158653846153846 0.11538461538461539
4 0.20192307692307693 0.765625 0.1935096153846154 0.2548076923076923
14 0.11298076923076923 0.5829326923076923 0.17908653846153846 0.19471153846153846
14 0.17908653846153846 0.5228365384615384 0.16706730769230768 0.16947115384615385
16 0.33533653846153844 0.6021634615384616 0.16105769230769232 0.24158653846153846
16 0.49278846153846156 0.5600961538461539 0.1466346153846154 0.2247596153846154
2 0.12740384615384615 0.35216346153846156 0.09735576923076923 0.17548076923076922
7 0.22115384615384615 0.35336538461538464 0.09975961538461539 0.23677884615384615
2 0.36778846153846156 0.38822115384615385 0.18509615384615385 0.16706730769230768
5 0.5216346153846154 0.22716346153846154 0.4855769230769231 0.4543269230769231
5 0.7668269230769231 0.42788461538461536 0.4651442307692308 0.47115384615384615