1 0.6826923076923077 0.796875 0.16105769230769232 0.11177884615384616
4 0.3088942307692308 0.8449519230769231 0.2403846153846154 0.15865384615384615
7 0.8713942307692307 0.5552884615384616 0.1201923076923077 0.3449519230769231
4 0.7487980769230769 0.515625 0.14783653846153846 0.24278846153846154
8 0.6610576923076923 0.6370192307692307 0.10817307692307693 0.10576923076923077
8 0.6105769230769231 0.6574519230769231 0.0985576923076923 0.11057692307692307
1 0.5552884615384616 0.6850961538461539 0.09375 0.12980769230769232
1 0.5180288461538461 0.7043269230769231 0.10096153846153846 0.12980769230769232
1 0.4675480769230769 0.7163461538461539 0.0985576923076923 0.1310096153846154
4 0.5721153846153846 0.5120192307692307 0.21394230769230768 0.23918269230769232
12 0.46634615384615385 0.5240384615384616 0.09375 0.17908653846153846
12 0.4326923076923077 0.5637019230769231 0.09134615384615384 0.17427884615384615
14 0.3605769230769231 0.5901442307692307 0.12620192307692307 0.3581730769230769
14 0.25841346153846156 0.6117788461538461 0.13701923076923078 0.3557692307692308
14 0.19110576923076922 0.5841346153846154 0.11778846153846154 0.3629807692307692
12 0.7235576923076923 0.2644230769230769 0.15745192307692307 0.30528846153846156
12 0.5901442307692307 0.2764423076923077 0.13822115384615385 0.3112980769230769
12 0.5096153846153846 0.26322115384615385 0.10336538461538461 0.3125
16 0.3449519230769231 0.27283653846153844 0.15985576923076922 0.25
16 0.20072115384615385 0.25961538461538464 0.17307692307692307 0.24639423076923078