16 0.2127403846153846 0.17668269230769232 0.23677884615384615 0.20793269230769232
9 0.453125 0.14783653846153846 0.25600961538461536 0.24639423076923078
7 0.5060096153846154 0.3245192307692308 0.1502403846153846 0.1875
9 0.22956730769230768 0.37740384615384615 0.23557692307692307 0.23557692307692307
7 0.10576923076923077 0.5877403846153846 0.11177884615384616 0.1971153846153846
11 0.24759615384615385 0.5625 0.13581730769230768 0.12620192307692307
2 0.08774038461538461 0.7860576923076923 0.16826923076923078 0.16105769230769232
0 0.2091346153846154 0.7103365384615384 0.11778846153846154 0.17908653846153846
16 0.27403846153846156 0.8966346153846154 0.21514423076923078 0.1622596153846154
11 0.38822115384615385 0.4855769230769231 0.12379807692307693 0.11177884615384616
11 0.3076923076923077 0.6959134615384616 0.06850961538461539 0.1310096153846154
11 0.3713942307692308 0.6478365384615384 0.06850961538461539 0.13341346153846154
7 0.44591346153846156 0.5877403846153846 0.09615384615384616 0.1875
2 0.44350961538461536 0.734375 0.16826923076923078 0.13341346153846154
16 0.5697115384615384 0.8293269230769231 0.2091346153846154 0.171875
11 0.5925480769230769 0.3317307692307692 0.11899038461538461 0.1346153846153846
11 0.6430288461538461 0.3762019230769231 0.12139423076923077 0.12620192307692307
9 0.7524038461538461 0.2776442307692308 0.2439903846153846 0.24759615384615385
5 0.7115384615384616 0.5709134615384616 0.3581730769230769 0.375