6 0.27884615384615385 0.3581730769230769 0.2800480769230769 0.3629807692307692
6 0.5096153846153846 0.2848557692307692 0.23677884615384615 0.31971153846153844
6 0.6971153846153846 0.28125 0.27524038461538464 0.33774038461538464
10 0.5805288461538461 0.45913461538461536 0.28365384615384615 0.28125
7 0.19951923076923078 0.6598557692307693 0.125 0.24759615384615385
7 0.296875 0.6502403846153846 0.15264423076923078 0.2439903846153846
7 0.38822115384615385 0.6262019230769231 0.14423076923076922 0.24158653846153846
14 0.5300480769230769 0.6610576923076923 0.12379807692307693 0.19591346153846154
14 0.6334134615384616 0.6514423076923077 0.10817307692307693 0.17668269230769232
14 0.7560096153846154 0.6201923076923077 0.125 0.18028846153846154
15 0.8413461538461539 0.5564903846153846 0.18028846153846154 0.25600961538461536
15 0.8028846153846154 0.7644230769230769 0.2620192307692308 0.18990384615384615