10 0.6887019230769231 0.3329326923076923 0.2692307692307692 0.2608173076923077
10 0.4387019230769231 0.3401442307692308 0.24879807692307693 0.265625
10 0.2956730769230769 0.6033653846153846 0.2800480769230769 0.2956730769230769
2 0.5889423076923077 0.46033653846153844 0.16706730769230768 0.14903846153846154
2 0.6923076923076923 0.5120192307692307 0.15264423076923078 0.1622596153846154
2 0.6237980769230769 0.6550480769230769 0.15504807692307693 0.10336538461538461
0 0.5120192307692307 0.5252403846153846 0.22716346153846154 0.17908653846153846
4 0.45913461538461536 0.5949519230769231 0.1971153846153846 0.17427884615384615
11 0.8509615384615384 0.4831730769230769 0.12980769230769232 0.1310096153846154
11 0.7439903846153846 0.5673076923076923 0.12259615384615384 0.1310096153846154
11 0.78125 0.6237980769230769 0.12620192307692307 0.13341346153846154
7 0.8161057692307693 0.7067307692307693 0.16826923076923078 0.18870192307692307
7 0.6430288461538461 0.7379807692307693 0.18389423076923078 0.09014423076923077
3 0.4050480769230769 0.7355769230769231 0.17668269230769232 0.17908653846153846
3 0.8401442307692307 0.7956730769230769 0.18870192307692307 0.18629807692307693
3 0.6274038461538461 0.8701923076923077 0.20072115384615385 0.12740384615384615
3 0.5060096153846154 0.8257211538461539 0.1971153846153846 0.10216346153846154