5 0.20673076923076922 0.2824519230769231 0.3317307692307692 0.4206730769230769
5 0.44350961538461536 0.24278846153846154 0.33774038461538464 0.4266826923076923
5 0.7079326923076923 0.28966346153846156 0.46274038461538464 0.42908653846153844
16 0.8329326923076923 0.2860576923076923 0.31490384615384615 0.22596153846153846
10 0.8329326923076923 0.46153846153846156 0.20673076923076922 0.15865384615384615
5 0.3173076923076923 0.6382211538461539 0.484375 0.5180288461538461
5 0.5300480769230769 0.5588942307692307 0.45913461538461536 0.33413461538461536
16 0.20072115384615385 0.7295673076923077 0.24519230769230768 0.32572115384615385
10 0.6262019230769231 0.8052884615384616 0.17908653846153846 0.15865384615384615
10 0.8149038461538461 0.6634615384615384 0.16105769230769232 0.17908653846153846
3 0.7884615384615384 0.8052884615384616 0.20552884615384615 0.20432692307692307
3 0.9074519230769231 0.6959134615384616 0.12139423076923077 0.2091346153846154