14 0.18028846153846154 0.24278846153846154 0.125 0.359375
5 0.39783653846153844 0.27884615384615385 0.30408653846153844 0.4495192307692308
5 0.6045673076923077 0.28365384615384615 0.3245192307692308 0.4483173076923077
4 0.8269230769230769 0.20552884615384615 0.20793269230769232 0.22115384615384615
4 0.8545673076923077 0.3233173076923077 0.18269230769230768 0.23557692307692307
14 0.8557692307692307 0.5036057692307693 0.15745192307692307 0.20192307692307693
3 0.9254807692307693 0.6754807692307693 0.09375 0.19471153846153846
3 0.8365384615384616 0.6862980769230769 0.09254807692307693 0.1935096153846154
4 0.84375 0.8569711538461539 0.2283653846153846 0.14423076923076922
5 0.6838942307692307 0.6610576923076923 0.2536057692307692 0.390625
5 0.5096153846153846 0.6790865384615384 0.15865384615384615 0.38341346153846156
5 0.3629807692307692 0.6838942307692307 0.23076923076923078 0.3858173076923077
8 0.2127403846153846 0.8557692307692307 0.11298076923076923 0.06370192307692307
13 0.16466346153846154 0.6634615384615384 0.26322115384615385 0.296875
11 0.11899038461538461 0.4495192307692308 0.09495192307692307 0.12740384615384615
11 0.21754807692307693 0.4651442307692308 0.12259615384615384 0.08052884615384616