6 0.21995192307692307 0.4014423076923077 0.28125 0.36658653846153844
2 0.4110576923076923 0.31850961538461536 0.1346153846153846 0.17668269230769232
4 0.5012019230769231 0.1814903846153846 0.1935096153846154 0.0985576923076923
10 0.6286057692307693 0.3389423076923077 0.20673076923076922 0.25
4 0.7668269230769231 0.39302884615384615 0.11057692307692307 0.18870192307692307
11 0.4963942307692308 0.41947115384615385 0.09975961538461539 0.1310096153846154
11 0.4266826923076923 0.5012019230769231 0.09375 0.12980769230769232
2 0.3545673076923077 0.5625 0.15264423076923078 0.171875
11 0.28846153846153844 0.7283653846153846 0.07932692307692307 0.13341346153846154
4 0.5973557692307693 0.49278846153846156 0.1875 0.1201923076923077
10 0.546875 0.5985576923076923 0.21875 0.21754807692307693
16 0.796875 0.5769230769230769 0.23317307692307693 0.17307692307692307
16 0.609375 0.7487980769230769 0.24158653846153846 0.2403846153846154
16 0.7247596153846154 0.8100961538461539 0.23557692307692307 0.25