5 0.7536057692307693 0.21875 0.49038461538461536 0.4098557692307692
10 0.4675480769230769 0.24879807692307693 0.2848557692307692 0.2848557692307692
9 0.29447115384615385 0.28725961538461536 0.19471153846153846 0.1935096153846154
9 0.17067307692307693 0.33653846153846156 0.2127403846153846 0.20072115384615385
9 0.28846153846153844 0.4375 0.1875 0.17548076923076922
2 0.14903846153846154 0.5024038461538461 0.16466346153846154 0.15985576923076922
9 0.20072115384615385 0.5913461538461539 0.20673076923076922 0.1875
0 0.4951923076923077 0.45552884615384615 0.34615384615384615 0.1814903846153846
2 0.36778846153846156 0.5817307692307693 0.15504807692307693 0.109375
3 0.33413461538461536 0.6478365384615384 0.20072115384615385 0.08052884615384616
8 0.3557692307692308 0.6995192307692307 0.13942307692307693 0.09495192307692307
1 0.1466346153846154 0.8016826923076923 0.25 0.14543269230769232
9 0.3701923076923077 0.7932692307692307 0.20793269230769232 0.1346153846153846
9 0.5552884615384616 0.7920673076923077 0.16466346153846154 0.21033653846153846
10 0.6346153846153846 0.5925480769230769 0.27884615384615385 0.27283653846153844
10 0.859375 0.5769230769230769 0.2620192307692308 0.234375
9 0.7980769230769231 0.7644230769230769 0.20793269230769232 0.20072115384615385