10 0.24759615384615385 0.16826923076923078 0.21033653846153846 0.2091346153846154
10 0.32211538461538464 0.35096153846153844 0.21033653846153846 0.20192307692307693
13 0.12860576923076922 0.3870192307692308 0.2439903846153846 0.3641826923076923
13 0.26802884615384615 0.5492788461538461 0.3125 0.33653846153846156
13 0.38341346153846156 0.6033653846153846 0.22956730769230768 0.30288461538461536
5 0.38822115384615385 0.8401442307692307 0.42427884615384615 0.2956730769230769
5 0.6129807692307693 0.6899038461538461 0.3233173076923077 0.39783653846153844
13 0.5240384615384616 0.43028846153846156 0.22596153846153846 0.27163461538461536
13 0.5492788461538461 0.21033653846153846 0.31490384615384615 0.26322115384615385
13 0.7632211538461539 0.22596153846153846 0.3173076923076923 0.33052884615384615
3 0.9278846153846154 0.36899038461538464 0.10216346153846154 0.20432692307692307
3 0.9290865384615384 0.5396634615384616 0.13822115384615385 0.20192307692307693
3 0.8317307692307693 0.8713942307692307 0.20552884615384615 0.171875
7 0.6983173076923077 0.5216346153846154 0.18990384615384615 0.32211538461538464
7 0.8016826923076923 0.5444711538461539 0.1971153846153846 0.328125
7 0.8617788461538461 0.47716346153846156 0.17427884615384615 0.33052884615384615
1 0.9134615384615384 0.6911057692307693 0.08653846153846154 0.13942307692307693
1 0.8149038461538461 0.7415865384615384 0.13341346153846154 0.09975961538461539
1 0.8269230769230769 0.7836538461538461 0.14302884615384615 0.08774038461538461