6 0.7067307692307693 0.3076923076923077 0.26322115384615385 0.3293269230769231
6 0.4795673076923077 0.3112980769230769 0.23918269230769232 0.3713942307692308
6 0.3449519230769231 0.35336538461538464 0.265625 0.328125
0 0.6983173076923077 0.5060096153846154 0.29447115384615385 0.1045673076923077
7 0.5492788461538461 0.6021634615384616 0.1201923076923077 0.18389423076923078
1 0.4483173076923077 0.6322115384615384 0.0985576923076923 0.16706730769230768
3 0.7055288461538461 0.6730769230769231 0.1622596153846154 0.21033653846153846
3 0.765625 0.6165865384615384 0.18269230769230768 0.16346153846153846
14 0.3088942307692308 0.5973557692307693 0.23317307692307693 0.22235576923076922
14 0.4206730769230769 0.7944711538461539 0.1622596153846154 0.203125
14 0.5612980769230769 0.7836538461538461 0.16346153846153846 0.22235576923076922