13 0.75 0.2980769230769231 0.27283653846153844 0.2512019230769231
5 0.34134615384615385 0.24639423076923078 0.5276442307692307 0.4266826923076923
5 0.6057692307692307 0.24278846153846154 0.3737980769230769 0.4495192307692308
5 0.2860576923076923 0.46274038461538464 0.3954326923076923 0.29927884615384615
3 0.9230769230769231 0.3269230769230769 0.12379807692307693 0.20072115384615385
3 0.7764423076923077 0.5372596153846154 0.15625 0.20673076923076922
7 0.7043269230769231 0.53125 0.13221153846153846 0.19110576923076922
13 0.5588942307692307 0.5528846153846154 0.28725961538461536 0.3269230769230769
13 0.33774038461538464 0.5829326923076923 0.3004807692307692 0.31850961538461536
4 0.10576923076923077 0.5949519230769231 0.19110576923076922 0.18990384615384615
4 0.20192307692307693 0.7271634615384616 0.15865384615384615 0.17067307692307693
1 0.8509615384615384 0.7163461538461539 0.17427884615384615 0.21995192307692307
4 0.7079326923076923 0.7439903846153846 0.10576923076923077 0.22115384615384615
4 0.5540865384615384 0.8197115384615384 0.19951923076923078 0.140625
14 0.39302884615384615 0.8088942307692307 0.21033653846153846 0.15264423076923078