6 0.8293269230769231 0.7644230769230769 0.2247596153846154 0.3137019230769231
16 0.6983173076923077 0.7271634615384616 0.1201923076923077 0.12139423076923077
10 0.6177884615384616 0.8449519230769231 0.2776442307692308 0.28125
16 0.4855769230769231 0.9098557692307693 0.10216346153846154 0.09615384615384616
0 0.40384615384615385 0.8233173076923077 0.109375 0.16947115384615385
3 0.453125 0.7427884615384616 0.11298076923076923 0.19831730769230768
10 0.25961538461538464 0.7848557692307693 0.19230769230769232 0.19230769230769232
6 0.8064903846153846 0.5252403846153846 0.3016826923076923 0.2980769230769231
6 0.8317307692307693 0.22716346153846154 0.27163461538461536 0.3112980769230769
5 0.6177884615384616 0.5456730769230769 0.35216346153846156 0.45072115384615385
0 0.38822115384615385 0.6105769230769231 0.15384615384615385 0.14783653846153846
4 0.4050480769230769 0.3954326923076923 0.21033653846153846 0.25721153846153844
10 0.20793269230769232 0.578125 0.2920673076923077 0.296875
5 0.5576923076923077 0.22355769230769232 0.4495192307692308 0.4014423076923077
5 0.2920673076923077 0.4074519230769231 0.38461538461538464 0.37259615384615385