3 0.5048076923076923 0.3425480769230769 0.09254807692307693 0.20432692307692307
3 0.44471153846153844 0.4254807692307692 0.11778846153846154 0.19591346153846154
3 0.5480769230769231 0.3737980769230769 0.0829326923076923 0.1875
10 0.6658653846153846 0.3245192307692308 0.21153846153846154 0.21153846153846154
7 0.7632211538461539 0.4699519230769231 0.11538461538461539 0.3269230769230769
10 0.3581730769230769 0.48197115384615385 0.21033653846153846 0.1971153846153846
11 0.6418269230769231 0.5108173076923077 0.171875 0.17067307692307693
11 0.5733173076923077 0.5516826923076923 0.18028846153846154 0.15625
7 0.49759615384615385 0.6466346153846154 0.296875 0.1814903846153846
3 0.7247596153846154 0.6862980769230769 0.11778846153846154 0.18629807692307693
10 0.28846153846153844 0.6658653846153846 0.20432692307692307 0.19951923076923078
16 0.45072115384615385 0.7427884615384616 0.21995192307692307 0.19230769230769232
3 0.6081730769230769 0.75 0.16947115384615385 0.18028846153846154