15 0.09615384615384616 0.4182692307692308 0.1875 0.25721153846153844
12 0.22956730769230768 0.2548076923076923 0.08533653846153846 0.3233173076923077
6 0.46153846153846156 0.16826923076923078 0.29447115384615385 0.22235576923076922
7 0.33052884615384615 0.41225961538461536 0.2668269230769231 0.23798076923076922
4 0.8269230769230769 0.25841346153846156 0.21754807692307693 0.2091346153846154
0 0.49278846153846156 0.41586538461538464 0.1310096153846154 0.2403846153846154
0 0.578125 0.43028846153846156 0.13581730769230768 0.2403846153846154
7 0.671875 0.453125 0.10216346153846154 0.3173076923076923
4 0.7740384615384616 0.4338942307692308 0.13701923076923078 0.1658653846153846
4 0.8665865384615384 0.5685096153846154 0.18870192307692307 0.15264423076923078
6 0.23798076923076922 0.6466346153846154 0.27884615384615385 0.21033653846153846
6 0.5204326923076923 0.7235576923076923 0.27403846153846156 0.32091346153846156
11 0.6899038461538461 0.7223557692307693 0.13822115384615385 0.171875
11 0.8004807692307693 0.8629807692307693 0.15625 0.17668269230769232