16 0.6237980769230769 0.8449519230769231 0.2247596153846154 0.1622596153846154
16 0.8100961538461539 0.7271634615384616 0.20552884615384615 0.14783653846153846
13 0.4098557692307692 0.859375 0.19110576923076922 0.2512019230769231
10 0.7163461538461539 0.5276442307692307 0.18509615384615385 0.1971153846153846
10 0.8629807692307693 0.5697115384615384 0.21394230769230768 0.2536057692307692
5 0.8737980769230769 0.32091346153846156 0.17067307692307693 0.3088942307692308
5 0.7019230769230769 0.29447115384615385 0.18028846153846154 0.2956730769230769
14 0.30288461538461536 0.43990384615384615 0.21995192307692307 0.25721153846153844
0 0.43990384615384615 0.7139423076923077 0.359375 0.109375
10 0.27524038461538464 0.10336538461538461 0.24759615384615385 0.20673076923076922
10 0.16706730769230768 0.2247596153846154 0.19831730769230768 0.18990384615384615
16 0.3701923076923077 0.16466346153846154 0.18389423076923078 0.21754807692307693
16 0.1141826923076923 0.4387019230769231 0.15144230769230768 0.19230769230769232
5 0.5024038461538461 0.2512019230769231 0.21995192307692307 0.2824519230769231
5 0.12139423076923077 0.6754807692307693 0.24278846153846154 0.28846153846153844
13 0.22596153846153846 0.84375 0.21634615384615385 0.29086538461538464
0 0.3918269230769231 0.6117788461538461 0.3545673076923077 0.1045673076923077
16 0.8677884615384616 0.8689903846153846 0.22956730769230768 0.16466346153846154
13 0.53125 0.46274038461538464 0.19230769230769232 0.23798076923076922