14 0.5769230769230769 0.2247596153846154 0.2439903846153846 0.2608173076923077
4 0.6634615384615384 0.3245192307692308 0.29086538461538464 0.23557692307692307
10 0.8076923076923077 0.453125 0.3137019230769231 0.3076923076923077
14 0.8653846153846154 0.6682692307692307 0.23317307692307693 0.2439903846153846
7 0.7175480769230769 0.6201923076923077 0.11899038461538461 0.17908653846153846
0 0.6322115384615384 0.6033653846153846 0.13221153846153846 0.17427884615384615
0 0.5372596153846154 0.5889423076923077 0.10096153846153846 0.17067307692307693
7 0.4639423076923077 0.5228365384615384 0.1201923076923077 0.17427884615384615
15 0.38221153846153844 0.29086538461538464 0.11538461538461539 0.1201923076923077
16 0.4170673076923077 0.36177884615384615 0.23798076923076922 0.22596153846153846
10 0.203125 0.30288461538461536 0.3016826923076923 0.28846153846153844
15 0.19591346153846154 0.43028846153846156 0.1658653846153846 0.10697115384615384
4 0.2692307692307692 0.5132211538461539 0.2776442307692308 0.12860576923076922
16 0.30408653846153844 0.6286057692307693 0.2283653846153846 0.19110576923076922
4 0.109375 0.6850961538461539 0.21634615384615385 0.24278846153846154
10 0.35096153846153844 0.8076923076923077 0.2704326923076923 0.25
7 0.47115384615384615 0.6983173076923077 0.16105769230769232 0.0985576923076923
14 0.6862980769230769 0.765625 0.18269230769230768 0.2247596153846154