5 0.4495192307692308 0.296875 0.4014423076923077 0.33774038461538464
6 0.7752403846153846 0.3762019230769231 0.23076923076923078 0.3112980769230769
6 0.7932692307692307 0.6189903846153846 0.3233173076923077 0.28365384615384615
5 0.4699519230769231 0.5480769230769231 0.36658653846153844 0.2704326923076923
2 0.1935096153846154 0.4855769230769231 0.1346153846153846 0.12620192307692307
3 0.14903846153846154 0.6478365384615384 0.11057692307692307 0.1935096153846154
3 0.15865384615384615 0.8269230769230769 0.11298076923076923 0.1935096153846154
3 0.3076923076923077 0.7836538461538461 0.19110576923076922 0.12620192307692307
3 0.32572115384615385 0.6875 0.19471153846153846 0.13221153846153846
16 0.4651442307692308 0.7175480769230769 0.09735576923076923 0.1141826923076923
16 0.5540865384615384 0.6778846153846154 0.11177884615384616 0.0889423076923077
3 0.49278846153846156 0.8341346153846154 0.18028846153846154 0.15625
3 0.7548076923076923 0.8653846153846154 0.1875 0.13822115384615385