13 0.6201923076923077 0.16706730769230768 0.30408653846153844 0.25
13 0.30528846153846156 0.25841346153846156 0.35697115384615385 0.31971153846153844
16 0.8197115384615384 0.34615384615384615 0.1971153846153846 0.22235576923076922
16 0.5865384615384616 0.3485576923076923 0.20192307692307693 0.1658653846153846
10 0.3942307692307692 0.4423076923076923 0.2439903846153846 0.2512019230769231
16 0.17908653846153846 0.546875 0.17067307692307693 0.28125
10 0.8377403846153846 0.5528846153846154 0.24639423076923078 0.25240384615384615
10 0.6418269230769231 0.5060096153846154 0.22235576923076922 0.19831730769230768
10 0.3737980769230769 0.6490384615384616 0.23918269230769232 0.2439903846153846
7 0.5925480769230769 0.6478365384615384 0.24158653846153846 0.1310096153846154
7 0.5564903846153846 0.7584134615384616 0.22956730769230768 0.17668269230769232
7 0.7584134615384616 0.7379807692307693 0.23677884615384615 0.1778846153846154
8 0.5564903846153846 0.8413461538461539 0.13581730769230768 0.11778846153846154
0 0.8185096153846154 0.8088942307692307 0.2824519230769231 0.16706730769230768
14 0.31490384615384615 0.7692307692307693 0.1935096153846154 0.125
14 0.41586538461538464 0.8918269230769231 0.19951923076923078 0.15985576923076922
12 0.19230769230769232 0.7956730769230769 0.14543269230769232 0.21153846153846154