12 0.10336538461538461 0.3485576923076923 0.14302884615384615 0.31009615384615385
16 0.27163461538461536 0.19591346153846154 0.21394230769230768 0.2403846153846154
7 0.35096153846153844 0.3137019230769231 0.21394230769230768 0.2848557692307692
16 0.5985576923076923 0.234375 0.22716346153846154 0.234375
1 0.4074519230769231 0.36177884615384615 0.13221153846153846 0.1141826923076923
0 0.46634615384615385 0.39903846153846156 0.2247596153846154 0.171875
14 0.2091346153846154 0.5036057692307693 0.19951923076923078 0.15504807692307693
14 0.2848557692307692 0.6117788461538461 0.13221153846153846 0.18629807692307693
11 0.3269230769230769 0.7584134615384616 0.09615384615384616 0.13221153846153846
1 0.33052884615384615 0.8978365384615384 0.0985576923076923 0.140625
3 0.5264423076923077 0.8834134615384616 0.20793269230769232 0.1141826923076923
11 0.4675480769230769 0.7644230769230769 0.12620192307692307 0.0829326923076923
0 0.38341346153846156 0.6009615384615384 0.09975961538461539 0.2403846153846154
0 0.47596153846153844 0.6105769230769231 0.09615384615384616 0.23798076923076922
6 0.6454326923076923 0.671875 0.25841346153846156 0.28966346153846156
6 0.7920673076923077 0.5240384615384616 0.2860576923076923 0.32091346153846156
16 0.8942307692307693 0.7932692307692307 0.15865384615384615 0.20432692307692307