6 0.6286057692307693 0.24759615384615385 0.3112980769230769 0.24519230769230768
11 0.6225961538461539 0.3894230769230769 0.125 0.13221153846153846
12 0.7271634615384616 0.4423076923076923 0.0889423076923077 0.16105769230769232
14 0.7908653846153846 0.4795673076923077 0.16826923076923078 0.20072115384615385
0 0.5612980769230769 0.4387019230769231 0.20673076923076922 0.22115384615384615
0 0.49158653846153844 0.49759615384615385 0.20552884615384615 0.2283653846153846
0 0.3701923076923077 0.5120192307692307 0.17307692307692307 0.23317307692307693
11 0.31850961538461536 0.5793269230769231 0.11177884615384616 0.13942307692307693
11 0.36899038461538464 0.6887019230769231 0.1346153846153846 0.12379807692307693
2 0.5072115384615384 0.7163461538461539 0.16947115384615385 0.1346153846153846
8 0.5132211538461539 0.6262019230769231 0.12259615384615384 0.0733173076923077
8 0.609375 0.6586538461538461 0.0889423076923077 0.1201923076923077
3 0.6646634615384616 0.7055288461538461 0.17668269230769232 0.17427884615384615
12 0.6502403846153846 0.5432692307692307 0.13701923076923078 0.12379807692307693
12 0.7019230769230769 0.5877403846153846 0.13701923076923078 0.12379807692307693