16 0.6875 0.45913461538461536 0.203125 0.21875
16 0.7956730769230769 0.7019230769230769 0.22115384615384615 0.13221153846153846
16 0.6790865384615384 0.8293269230769231 0.21514423076923078 0.17307692307692307
9 0.5552884615384616 0.6670673076923077 0.19591346153846154 0.21394230769230768
8 0.5180288461538461 0.3918269230769231 0.11177884615384616 0.0733173076923077
5 0.34615384615384615 0.25961538461538464 0.4723557692307692 0.4423076923076923
16 0.38100961538461536 0.4699519230769231 0.21394230769230768 0.19831730769230768
16 0.21634615384615385 0.6298076923076923 0.18870192307692307 0.22355769230769232
8 0.3954326923076923 0.6021634615384616 0.11658653846153846 0.11658653846153846
2 0.4675480769230769 0.6790865384615384 0.1141826923076923 0.11899038461538461
2 0.3858173076923077 0.7091346153846154 0.1141826923076923 0.11899038461538461
9 0.2439903846153846 0.765625 0.21514423076923078 0.12620192307692307
8 0.36538461538461536 0.8365384615384616 0.11778846153846154 0.125