13 0.30528846153846156 0.36538461538461536 0.3425480769230769 0.3233173076923077
13 0.5228365384615384 0.21394230769230768 0.32091346153846156 0.3581730769230769
13 0.7584134615384616 0.2704326923076923 0.2920673076923077 0.3737980769230769
2 0.49158653846153844 0.4543269230769231 0.15865384615384615 0.16466346153846154
2 0.6334134615384616 0.43990384615384615 0.171875 0.17307692307692307
7 0.7824519230769231 0.4951923076923077 0.2091346153846154 0.11778846153846154
16 0.33533653846153844 0.5637019230769231 0.26802884615384615 0.21875
16 0.3449519230769231 0.7139423076923077 0.25 0.19230769230769232
16 0.5300480769230769 0.5625 0.12740384615384615 0.1045673076923077
16 0.5276442307692307 0.6310096153846154 0.13221153846153846 0.10336538461538461
16 0.6478365384615384 0.5661057692307693 0.13221153846153846 0.10576923076923077
15 0.6442307692307693 0.7103365384615384 0.2824519230769231 0.2403846153846154