6 0.6454326923076923 0.24879807692307693 0.3088942307692308 0.2644230769230769
16 0.36778846153846156 0.46875 0.18028846153846154 0.21514423076923078
16 0.3581730769230769 0.7115384615384616 0.18028846153846154 0.22716346153846154
4 0.5396634615384616 0.7788461538461539 0.18870192307692307 0.19951923076923078
4 0.6502403846153846 0.7367788461538461 0.16706730769230768 0.17668269230769232
3 0.7007211538461539 0.8269230769230769 0.18389423076923078 0.11177884615384616
3 0.8389423076923077 0.8064903846153846 0.16706730769230768 0.1622596153846154
3 0.7235576923076923 0.6802884615384616 0.12620192307692307 0.19831730769230768
3 0.8257211538461539 0.6730769230769231 0.1045673076923077 0.1971153846153846
3 0.796875 0.5637019230769231 0.1875 0.13701923076923078
3 0.8978365384615384 0.6141826923076923 0.10096153846153846 0.17668269230769232
2 0.5925480769230769 0.6105769230769231 0.09375 0.15264423076923078
2 0.48677884615384615 0.5805288461538461 0.13581730769230768 0.15625
8 0.6850961538461539 0.5372596153846154 0.11057692307692307 0.08774038461538461
8 0.7860576923076923 0.47475961538461536 0.08173076923076923 0.10697115384615384
8 0.7043269230769231 0.4375 0.07692307692307693 0.11177884615384616
2 0.6105769230769231 0.4362980769230769 0.11658653846153846 0.15504807692307693
2 0.5 0.42788461538461536 0.1141826923076923 0.15745192307692307