10 0.44591346153846156 0.25600961538461536 0.19471153846153846 0.19831730769230768
10 0.6358173076923077 0.2920673076923077 0.20072115384615385 0.19951923076923078
9 0.3293269230769231 0.49038461538461536 0.14182692307692307 0.21754807692307693
10 0.5084134615384616 0.39783653846153844 0.25600961538461536 0.21514423076923078
10 0.765625 0.40384615384615385 0.2692307692307692 0.27163461538461536
7 0.609375 0.5432692307692307 0.19110576923076922 0.1346153846153846
14 0.2776442307692308 0.6682692307692307 0.13221153846153846 0.1971153846153846
14 0.43509615384615385 0.6129807692307693 0.18028846153846154 0.20432692307692307
14 0.4387019230769231 0.7644230769230769 0.21995192307692307 0.19471153846153846
7 0.6911057692307693 0.6045673076923077 0.31971153846153844 0.1658653846153846
7 0.6923076923076923 0.6935096153846154 0.31490384615384615 0.17668269230769232
7 0.7692307692307693 0.7524038461538461 0.30288461538461536 0.2127403846153846
1 0.8365384615384616 0.7908653846153846 0.23197115384615385 0.203125