5 0.09975961538461539 0.2403846153846154 0.19831730769230768 0.28365384615384615
13 0.4567307692307692 0.14302884615384615 0.3870192307692308 0.2848557692307692
5 0.7584134615384616 0.2439903846153846 0.4831730769230769 0.4206730769230769
4 0.34375 0.3088942307692308 0.2439903846153846 0.171875
16 0.3954326923076923 0.4411057692307692 0.2127403846153846 0.21153846153846154
5 0.49278846153846156 0.46274038461538464 0.24759615384615385 0.3173076923076923
5 0.2824519230769231 0.4567307692307692 0.28125 0.23076923076923078
16 0.6899038461538461 0.45552884615384615 0.21754807692307693 0.19471153846153846
2 0.8473557692307693 0.5372596153846154 0.12620192307692307 0.171875
16 0.6802884615384616 0.625 0.20072115384615385 0.21033653846153846
1 0.7620192307692307 0.6778846153846154 0.15745192307692307 0.12980769230769232
2 0.5925480769230769 0.7043269230769231 0.18629807692307693 0.20072115384615385
13 0.8257211538461539 0.8137019230769231 0.3473557692307692 0.3713942307692308
5 0.6141826923076923 0.9026442307692307 0.30649038461538464 0.19471153846153846
5 0.4026442307692308 0.75 0.3004807692307692 0.22235576923076922
5 0.23076923076923078 0.7211538461538461 0.46153846153846156 0.5288461538461539