4 0.7379807692307693 0.6189903846153846 0.140625 0.17908653846153846
16 0.6983173076923077 0.3605769230769231 0.11298076923076923 0.09375
16 0.7415865384615384 0.23798076923076922 0.08533653846153846 0.11899038461538461
16 0.6598557692307693 0.27884615384615385 0.0889423076923077 0.1201923076923077
14 0.5564903846153846 0.65625 0.07451923076923077 0.2439903846153846
14 0.48677884615384615 0.6923076923076923 0.08052884615384616 0.234375
14 0.38822115384615385 0.7055288461538461 0.10336538461538461 0.23918269230769232
1 0.5961538461538461 0.4326923076923077 0.1466346153846154 0.203125
1 0.4807692307692308 0.5168269230769231 0.15985576923076922 0.20072115384615385
12 0.35336538461538464 0.515625 0.125 0.30408653846153844
5 0.5012019230769231 0.2536057692307692 0.27884615384615385 0.39903846153846156
5 0.3173076923076923 0.31971153846153844 0.2932692307692308 0.4014423076923077