16 0.8545673076923077 0.1935096153846154 0.15865384615384615 0.25
16 0.7151442307692307 0.19951923076923078 0.1658653846153846 0.24759615384615385
13 0.5360576923076923 0.15384615384615385 0.23677884615384615 0.28846153846153844
12 0.8882211538461539 0.5492788461538461 0.10216346153846154 0.3233173076923077
6 0.71875 0.5144230769230769 0.2860576923076923 0.35697115384615385
8 0.7716346153846154 0.7620192307692307 0.12620192307692307 0.0733173076923077
3 0.5612980769230769 0.7283653846153846 0.20673076923076922 0.15985576923076922
3 0.5576923076923077 0.6117788461538461 0.20673076923076922 0.15384615384615385
13 0.44711538461538464 0.4110576923076923 0.2668269230769231 0.33413461538461536
12 0.3389423076923077 0.2920673076923077 0.0625 0.18509615384615385
12 0.28725961538461536 0.2644230769230769 0.07692307692307693 0.18990384615384615
12 0.21514423076923078 0.30528846153846156 0.21514423076923078 0.2920673076923077
3 0.21995192307692307 0.453125 0.18509615384615385 0.19110576923076922
13 0.38461538461538464 0.7331730769230769 0.29086538461538464 0.328125
13 0.20793269230769232 0.7524038461538461 0.3088942307692308 0.3485576923076923