13 0.7956730769230769 0.2920673076923077 0.24519230769230768 0.3088942307692308
13 0.28365384615384615 0.7043269230769231 0.35096153846153844 0.3641826923076923
13 0.44711538461538464 0.6213942307692307 0.3401442307692308 0.33653846153846156
0 0.5877403846153846 0.7908653846153846 0.20793269230769232 0.15264423076923078
0 0.6850961538461539 0.6802884615384616 0.1778846153846154 0.12139423076923077
12 0.7307692307692307 0.6105769230769231 0.17307692307692307 0.10336538461538461
9 0.5144230769230769 0.5528846153846154 0.15264423076923078 0.1778846153846154
9 0.5757211538461539 0.4699519230769231 0.18509615384615385 0.17427884615384615
9 0.7439903846153846 0.5192307692307693 0.21033653846153846 0.17908653846153846
13 0.6009615384615384 0.2956730769230769 0.296875 0.3137019230769231
5 0.3389423076923077 0.296875 0.41586538461538464 0.5084134615384616