1 0.25 0.4831730769230769 0.10817307692307693 0.13581730769230768
1 0.27884615384615385 0.37740384615384615 0.04807692307692308 0.14543269230769232
3 0.34615384615384615 0.36899038461538464 0.09975961538461539 0.203125
3 0.4795673076923077 0.2980769230769231 0.1466346153846154 0.2091346153846154
14 0.4338942307692308 0.39903846153846156 0.14543269230769232 0.2247596153846154
3 0.7067307692307693 0.2620192307692308 0.09254807692307693 0.20673076923076922
10 0.6237980769230769 0.39302884615384615 0.14783653846153846 0.14543269230769232
2 0.6947115384615384 0.5 0.13221153846153846 0.12860576923076922
12 0.5985576923076923 0.5192307692307693 0.15985576923076922 0.15745192307692307
2 0.5408653846153846 0.5829326923076923 0.08052884615384616 0.11899038461538461
10 0.4495192307692308 0.5709134615384616 0.14182692307692307 0.14783653846153846
2 0.36177884615384615 0.6225961538461539 0.12139423076923077 0.12139423076923077
4 0.25 0.7007211538461539 0.2512019230769231 0.2091346153846154
12 0.4675480769230769 0.7067307692307693 0.15144230769230768 0.16826923076923078
4 0.5721153846153846 0.7487980769230769 0.24879807692307693 0.27403846153846156