16 0.546875 0.21153846153846154 0.15384615384615385 0.203125
16 0.4074519230769231 0.25240384615384615 0.15745192307692307 0.20432692307692307
16 0.28365384615384615 0.2848557692307692 0.16826923076923078 0.20673076923076922
9 0.6189903846153846 0.3629807692307692 0.21754807692307693 0.1346153846153846
4 0.6442307692307693 0.45072115384615385 0.19951923076923078 0.10697115384615384
12 0.21754807692307693 0.5360576923076923 0.15144230769230768 0.3137019230769231
12 0.6466346153846154 0.6454326923076923 0.09615384615384616 0.31009615384615385
12 0.578125 0.7079326923076923 0.09495192307692307 0.31009615384615385
7 0.3088942307692308 0.53125 0.1466346153846154 0.33774038461538464
7 0.40865384615384615 0.5024038461538461 0.140625 0.33774038461538464
7 0.49038461538461536 0.5456730769230769 0.1346153846153846 0.33533653846153844
15 0.7740384615384616 0.6177884615384616 0.09254807692307693 0.12379807692307693
14 0.4387019230769231 0.7764423076923077 0.234375 0.19831730769230768
4 0.2860576923076923 0.7800480769230769 0.11778846153846154 0.20192307692307693