10 0.2668269230769231 0.4338942307692308 0.203125 0.23918269230769232
10 0.3870192307692308 0.45552884615384615 0.2668269230769231 0.24759615384615385
10 0.31850961538461536 0.6490384615384616 0.22596153846153846 0.2548076923076923
7 0.5456730769230769 0.41466346153846156 0.11778846153846154 0.3233173076923077
7 0.6298076923076923 0.4326923076923077 0.10576923076923077 0.3293269230769231
9 0.7259615384615384 0.40865384615384615 0.13341346153846154 0.13221153846153846
9 0.7728365384615384 0.5288461538461539 0.1466346153846154 0.14543269230769232
7 0.49038461538461536 0.6706730769230769 0.1778846153846154 0.09254807692307693
14 0.6646634615384616 0.6754807692307693 0.18870192307692307 0.15625
12 0.7980769230769231 0.6478365384615384 0.09375 0.16346153846153846
12 0.8545673076923077 0.6610576923076923 0.13221153846153846 0.15144230769230768
1 0.4963942307692308 0.7908653846153846 0.23677884615384615 0.17908653846153846
11 0.6983173076923077 0.7908653846153846 0.125 0.09375