10 0.27403846153846156 0.35096153846153844 0.22716346153846154 0.19230769230769232
10 0.5913461538461539 0.29086538461538464 0.21754807692307693 0.203125
9 0.8293269230769231 0.2956730769230769 0.20072115384615385 0.2283653846153846
9 0.7560096153846154 0.38100961538461536 0.16346153846153846 0.22235576923076922
16 0.23677884615384615 0.5564903846153846 0.12740384615384615 0.1346153846153846
0 0.3485576923076923 0.49278846153846156 0.1935096153846154 0.27283653846153844
0 0.41466346153846156 0.5132211538461539 0.17548076923076922 0.28365384615384615
7 0.5949519230769231 0.43028846153846156 0.25721153846153844 0.1346153846153846
0 0.65625 0.5360576923076923 0.3762019230769231 0.1310096153846154
7 0.890625 0.5564903846153846 0.12620192307692307 0.24519230769230768
0 0.59375 0.6394230769230769 0.37740384615384615 0.12740384615384615
0 0.6754807692307693 0.7211538461538461 0.3737980769230769 0.18389423076923078
12 0.21875 0.7415865384615384 0.2247596153846154 0.31009615384615385
12 0.33653846153846156 0.7908653846153846 0.2283653846153846 0.3112980769230769
9 0.4254807692307692 0.7704326923076923 0.1935096153846154 0.22716346153846154
12 0.6141826923076923 0.8016826923076923 0.21514423076923078 0.10576923076923077
12 0.6310096153846154 0.8425480769230769 0.21153846153846154 0.11057692307692307
7 0.8221153846153846 0.8016826923076923 0.15985576923076922 0.25240384615384615