12 0.6478365384615384 0.23918269230769232 0.13221153846153846 0.31490384615384615
3 0.8509615384615384 0.40865384615384615 0.09014423076923077 0.19110576923076922
3 0.37740384615384615 0.3245192307692308 0.1622596153846154 0.12740384615384615
3 0.2920673076923077 0.5120192307692307 0.11298076923076923 0.19110576923076922
16 0.6959134615384616 0.5432692307692307 0.08774038461538461 0.11057692307692307
16 0.7548076923076923 0.6598557692307693 0.11778846153846154 0.08533653846153846
1 0.8028846153846154 0.5745192307692307 0.07451923076923077 0.13581730769230768
1 0.8329326923076923 0.7608173076923077 0.09495192307692307 0.14543269230769232
12 0.7367788461538461 0.421875 0.08173076923076923 0.2091346153846154
4 0.5300480769230769 0.22235576923076922 0.17548076923076922 0.23557692307692307
12 0.234375 0.3762019230769231 0.12139423076923077 0.32572115384615385
12 0.23798076923076922 0.6430288461538461 0.1622596153846154 0.18629807692307693
12 0.27283653846153844 0.7728365384615384 0.20793269230769232 0.14423076923076922
5 0.47115384615384615 0.6141826923076923 0.41225961538461536 0.4807692307692308