5 0.21153846153846154 0.5108173076923077 0.41586538461538464 0.5168269230769231
9 0.5096153846153846 0.3557692307692308 0.33052884615384615 0.3293269230769231
9 0.6334134615384616 0.24879807692307693 0.2548076923076923 0.38822115384615385
9 0.8197115384615384 0.2704326923076923 0.25961538461538464 0.36778846153846156
13 0.48197115384615385 0.6262019230769231 0.2283653846153846 0.2776442307692308
13 0.6550480769230769 0.6129807692307693 0.19831730769230768 0.296875
13 0.8401442307692307 0.5625 0.21995192307692307 0.31009615384615385
4 0.40625 0.8016826923076923 0.16826923076923078 0.1466346153846154
8 0.6081730769230769 0.7740384615384616 0.09014423076923077 0.08653846153846154
1 0.6442307692307693 0.8509615384615384 0.22716346153846154 0.18629807692307693
11 0.8269230769230769 0.7728365384615384 0.12980769230769232 0.08413461538461539