16 0.34615384615384615 0.3918269230769231 0.2548076923076923 0.28365384615384615
16 0.44711538461538464 0.2776442307692308 0.24639423076923078 0.2800480769230769
16 0.5877403846153846 0.19591346153846154 0.234375 0.2764423076923077
4 0.7896634615384616 0.3557692307692308 0.21754807692307693 0.23557692307692307
4 0.6322115384615384 0.40384615384615385 0.24879807692307693 0.2091346153846154
4 0.4831730769230769 0.578125 0.2860576923076923 0.25600961538461536
4 0.2091346153846154 0.5745192307692307 0.29447115384615385 0.23677884615384615
4 0.3389423076923077 0.7055288461538461 0.20793269230769232 0.23918269230769232
7 0.578125 0.6899038461538461 0.15625 0.1814903846153846
4 0.7079326923076923 0.5721153846153846 0.23918269230769232 0.23918269230769232
15 0.8257211538461539 0.6850961538461539 0.20432692307692307 0.21394230769230768
15 0.6838942307692307 0.7403846153846154 0.19230769230769232 0.2091346153846154
15 0.5516826923076923 0.8317307692307693 0.20192307692307693 0.18629807692307693