16 0.5685096153846154 0.33653846153846156 0.16706730769230768 0.21033653846153846
16 0.3605769230769231 0.47115384615384615 0.23677884615384615 0.20673076923076922
16 0.6947115384615384 0.5408653846153846 0.19951923076923078 0.15504807692307693
16 0.5540865384615384 0.5372596153846154 0.10817307692307693 0.21153846153846154
14 0.8365384615384616 0.7163461538461539 0.11778846153846154 0.35697115384615385
4 0.7331730769230769 0.7740384615384616 0.1346153846153846 0.22355769230769232
16 0.5865384615384616 0.7439903846153846 0.18269230769230768 0.2091346153846154
16 0.44711538461538464 0.6790865384615384 0.14783653846153846 0.20673076923076922
11 0.4639423076923077 0.8112980769230769 0.12740384615384615 0.078125
9 0.4387019230769231 0.8894230769230769 0.19951923076923078 0.12379807692307693
11 0.328125 0.7019230769230769 0.10576923076923077 0.12139423076923077
11 0.33653846153846156 0.6165865384615384 0.09254807692307693 0.12620192307692307
16 0.18028846153846154 0.6069711538461539 0.21634615384615385 0.15745192307692307
5 0.23677884615384615 0.3016826923076923 0.4735576923076923 0.4723557692307692