4 0.18028846153846154 0.23798076923076922 0.22716346153846154 0.25600961538461536
4 0.421875 0.28725961538461536 0.28846153846153844 0.30649038461538464
4 0.5360576923076923 0.15144230769230768 0.29447115384615385 0.29927884615384615
11 0.13581730769230768 0.40625 0.13221153846153846 0.09495192307692307
15 0.06850961538461539 0.4795673076923077 0.04447115384615385 0.12379807692307693
0 0.09975961538461539 0.6526442307692307 0.10336538461538461 0.18389423076923078
15 0.08774038461538461 0.7572115384615384 0.09254807692307693 0.05048076923076923
10 0.19591346153846154 0.6959134615384616 0.1935096153846154 0.19831730769230768
15 0.20432692307692307 0.8401442307692307 0.07572115384615384 0.1201923076923077
6 0.24639423076923078 0.45913461538461536 0.24639423076923078 0.2980769230769231
7 0.3713942307692308 0.484375 0.09495192307692307 0.18269230769230768
4 0.5961538461538461 0.41346153846153844 0.1310096153846154 0.16105769230769232
4 0.7439903846153846 0.5384615384615384 0.14302884615384615 0.18629807692307693
7 0.4014423076923077 0.6153846153846154 0.21033653846153846 0.20432692307692307
7 0.546875 0.6045673076923077 0.19831730769230768 0.21634615384615385
4 0.7103365384615384 0.6911057692307693 0.16826923076923078 0.1935096153846154
0 0.5685096153846154 0.6947115384615384 0.15264423076923078 0.15384615384615385
14 0.33052884615384615 0.7596153846153846 0.21875 0.17908653846153846
14 0.3713942307692308 0.8052884615384616 0.2283653846153846 0.15865384615384615
14 0.5504807692307693 0.8028846153846154 0.23317307692307693 0.15264423076923078