13 0.5048076923076923 0.2956730769230769 0.3485576923076923 0.3581730769230769
13 0.7331730769230769 0.5120192307692307 0.27283653846153844 0.3137019230769231
13 0.5721153846153846 0.8521634615384616 0.31850961538461536 0.25961538461538464
11 0.8882211538461539 0.3425480769230769 0.13701923076923078 0.07692307692307693
11 0.5817307692307693 0.44350961538461536 0.13581730769230768 0.12259615384615384
11 0.8569711538461539 0.6935096153846154 0.14302884615384615 0.13221153846153846
6 0.5048076923076923 0.6298076923076923 0.20673076923076922 0.2644230769230769
4 0.32211538461538464 0.5288461538461539 0.13341346153846154 0.15264423076923078
14 0.22115384615384615 0.31490384615384615 0.14302884615384615 0.18629807692307693
14 0.1045673076923077 0.5817307692307693 0.14182692307692307 0.1971153846153846
14 0.07692307692307693 0.8810096153846154 0.12860576923076922 0.17908653846153846
4 0.26322115384615385 0.8125 0.23677884615384615 0.21634615384615385