7 0.6430288461538461 0.3449519230769231 0.16947115384615385 0.31490384615384615
7 0.5853365384615384 0.4495192307692308 0.17668269230769232 0.3125
7 0.46875 0.3293269230769231 0.125 0.3233173076923077
10 0.328125 0.3786057692307692 0.18389423076923078 0.16706730769230768
9 0.7764423076923077 0.42427884615384615 0.17668269230769232 0.21634615384615385
14 0.7788461538461539 0.5769230769230769 0.22596153846153846 0.1971153846153846
14 0.7043269230769231 0.7235576923076923 0.15745192307692307 0.20673076923076922
1 0.8569711538461539 0.7524038461538461 0.203125 0.234375
10 0.5360576923076923 0.7223557692307693 0.24879807692307693 0.2127403846153846
10 0.4338942307692308 0.5637019230769231 0.23918269230769232 0.22596153846153846
10 0.24158653846153846 0.5673076923076923 0.18990384615384615 0.17668269230769232
14 0.1971153846153846 0.7740384615384616 0.15384615384615385 0.19951923076923078
7 0.34375 0.7584134615384616 0.15625 0.1875