16 0.09615384615384616 0.5 0.18990384615384615 0.22355769230769232
14 0.171875 0.36658653846153844 0.13221153846153846 0.25600961538461536
16 0.3401442307692308 0.11538461538461539 0.2247596153846154 0.22596153846153846
16 0.34615384615384615 0.28966346153846156 0.25600961538461536 0.21394230769230768
2 0.4387019230769231 0.37259615384615385 0.1658653846153846 0.14302884615384615
16 0.40865384615384615 0.49759615384615385 0.23677884615384615 0.18870192307692307
2 0.3004807692307692 0.5528846153846154 0.13221153846153846 0.20793269230769232
14 0.2620192307692308 0.6310096153846154 0.15264423076923078 0.24759615384615385
2 0.44350961538461536 0.6370192307692307 0.1502403846153846 0.19951923076923078
7 0.5709134615384616 0.6081730769230769 0.1201923076923077 0.3389423076923077
14 0.609375 0.8221153846153846 0.24759615384615385 0.203125
14 0.7512019230769231 0.24519230769230768 0.23677884615384615 0.1778846153846154
16 0.7295673076923077 0.3762019230769231 0.23557692307692307 0.17548076923076922
16 0.7295673076923077 0.5600961538461539 0.234375 0.25841346153846156
4 0.8112980769230769 0.7139423076923077 0.3016826923076923 0.32091346153846156