3 0.6153846153846154 0.5973557692307693 0.15745192307692307 0.16346153846153846
3 0.5132211538461539 0.6430288461538461 0.11177884615384616 0.20192307692307693
3 0.44711538461538464 0.5925480769230769 0.15264423076923078 0.18509615384615385
3 0.6298076923076923 0.4375 0.1310096153846154 0.18509615384615385
3 0.5516826923076923 0.4651442307692308 0.16706730769230768 0.15504807692307693
3 0.5204326923076923 0.5072115384615384 0.18389423076923078 0.15865384615384615
9 0.7728365384615384 0.5637019230769231 0.17427884615384615 0.16105769230769232
9 0.39302884615384615 0.41947115384615385 0.18509615384615385 0.18389423076923078
16 0.31971153846153844 0.5432692307692307 0.22596153846153846 0.18870192307692307
11 0.6622596153846154 0.6778846153846154 0.20192307692307693 0.11298076923076923
11 0.578125 0.7860576923076923 0.15985576923076922 0.13942307692307693
1 0.41346153846153844 0.7367788461538461 0.13822115384615385 0.1346153846153846