14 0.4326923076923077 0.09014423076923077 0.15384615384615385 0.17908653846153846
14 0.5805288461538461 0.1935096153846154 0.2247596153846154 0.20432692307692307
11 0.4387019230769231 0.2403846153846154 0.15625 0.16105769230769232
7 0.125 0.296875 0.14543269230769232 0.23918269230769232
4 0.2800480769230769 0.38221153846153844 0.25841346153846156 0.21995192307692307
11 0.3245192307692308 0.4831730769230769 0.1658653846153846 0.14182692307692307
14 0.2848557692307692 0.6466346153846154 0.20192307692307693 0.23918269230769232
4 0.17307692307692307 0.8149038461538461 0.25961538461538464 0.21394230769230768
14 0.4483173076923077 0.7992788461538461 0.18269230769230768 0.140625
4 0.6478365384615384 0.6454326923076923 0.25240384615384615 0.2403846153846154
7 0.75 0.7151442307692307 0.2439903846153846 0.15504807692307693
11 0.5132211538461539 0.6165865384615384 0.18269230769230768 0.15264423076923078
11 0.5132211538461539 0.5216346153846154 0.16466346153846154 0.17427884615384615
11 0.41225961538461536 0.5336538461538461 0.14423076923076922 0.1875
12 0.6081730769230769 0.44711538461538464 0.13701923076923078 0.14543269230769232
4 0.6911057692307693 0.34134615384615385 0.25 0.24879807692307693
14 0.8677884615384616 0.49278846153846156 0.21754807692307693 0.2644230769230769