5 0.5084134615384616 0.3245192307692308 0.4206730769230769 0.29086538461538464
5 0.6730769230769231 0.23677884615384615 0.28966346153846156 0.38221153846153844
5 0.7776442307692307 0.4362980769230769 0.38221153846153844 0.42427884615384615
14 0.5637019230769231 0.53125 0.21754807692307693 0.2127403846153846
14 0.6634615384615384 0.6478365384615384 0.18028846153846154 0.16826923076923078
14 0.5012019230769231 0.6730769230769231 0.19471153846153846 0.22115384615384615
3 0.39302884615384615 0.7259615384615384 0.19951923076923078 0.10216346153846154
3 0.43028846153846156 0.7980769230769231 0.1935096153846154 0.09134615384615384
7 0.33413461538461536 0.5697115384615384 0.13221153846153846 0.234375
7 0.40625 0.5132211538461539 0.13341346153846154 0.23918269230769232
12 0.6754807692307693 0.7355769230769231 0.171875 0.0829326923076923
12 0.640625 0.8004807692307693 0.16706730769230768 0.09134615384615384
12 0.7199519230769231 0.8293269230769231 0.15985576923076922 0.1201923076923077