4 0.6826923076923077 0.7896634615384616 0.25600961538461536 0.20673076923076922
16 0.8798076923076923 0.5108173076923077 0.23798076923076922 0.265625
7 0.27524038461538464 0.7512019230769231 0.2860576923076923 0.24519230769230768
8 0.16706730769230768 0.7608173076923077 0.11899038461538461 0.09495192307692307
8 0.1346153846153846 0.6177884615384616 0.09254807692307693 0.109375
7 0.41947115384615385 0.6346153846153846 0.3269230769230769 0.1141826923076923
7 0.6911057692307693 0.5769230769230769 0.2439903846153846 0.28365384615384615
7 0.4411057692307692 0.5324519230769231 0.2956730769230769 0.17307692307692307
8 0.3137019230769231 0.5841346153846154 0.09254807692307693 0.10576923076923077
14 0.2548076923076923 0.4543269230769231 0.109375 0.24278846153846154
10 0.13701923076923078 0.4338942307692308 0.20432692307692307 0.19591346153846154
9 0.20432692307692307 0.28846153846153844 0.15144230769230768 0.14543269230769232
16 0.18509615384615385 0.14783653846153846 0.2764423076923077 0.21875
7 0.3581730769230769 0.37740384615384615 0.15264423076923078 0.3245192307692308
9 0.47836538461538464 0.2776442307692308 0.1310096153846154 0.13701923076923078
9 0.4675480769230769 0.4110576923076923 0.14302884615384615 0.13581730769230768
4 0.6081730769230769 0.2848557692307692 0.13822115384615385 0.22115384615384615
11 0.6802884615384616 0.4375 0.18509615384615385 0.15745192307692307
10 0.7704326923076923 0.2776442307692308 0.19591346153846154 0.1935096153846154