13 0.12139423076923077 0.3737980769230769 0.23197115384615385 0.31971153846153844
4 0.30408653846153844 0.4026442307692308 0.17067307692307693 0.18028846153846154
10 0.6213942307692307 0.44471153846153844 0.28365384615384615 0.26802884615384615
10 0.8569711538461539 0.3401442307692308 0.2764423076923077 0.2764423076923077
15 0.8185096153846154 0.5997596153846154 0.18028846153846154 0.18629807692307693
15 0.7043269230769231 0.8233173076923077 0.18028846153846154 0.18990384615384615
4 0.8737980769230769 0.8112980769230769 0.16947115384615385 0.23317307692307693
4 0.46153846153846156 0.8677884615384616 0.22956730769230768 0.15745192307692307
15 0.20192307692307693 0.8858173076923077 0.16466346153846154 0.1346153846153846
12 0.3954326923076923 0.6995192307692307 0.2932692307692308 0.22956730769230768
10 0.12860576923076922 0.7115384615384616 0.20673076923076922 0.22596153846153846
4 0.3329326923076923 0.5420673076923077 0.21634615384615385 0.23677884615384615
0 0.49038461538461536 0.5 0.140625 0.16826923076923078
4 0.65625 0.6105769230769231 0.15985576923076922 0.1814903846153846