5 0.21394230769230768 0.4567307692307692 0.27163461538461536 0.3762019230769231
5 0.47475961538461536 0.1875 0.38341346153846156 0.2848557692307692
16 0.8028846153846154 0.25841346153846156 0.26802884615384615 0.24759615384615385
2 0.37259615384615385 0.5252403846153846 0.1141826923076923 0.1971153846153846
2 0.48677884615384615 0.3737980769230769 0.17548076923076922 0.15384615384615385
2 0.5036057692307693 0.5144230769230769 0.18269230769230768 0.13942307692307693
0 0.5865384615384616 0.45913461538461536 0.1658653846153846 0.15985576923076922
0 0.6610576923076923 0.6057692307692307 0.17427884615384615 0.14182692307692307
0 0.4963942307692308 0.6189903846153846 0.17067307692307693 0.11899038461538461
10 0.6959134615384616 0.36538461538461536 0.27524038461538464 0.21875
10 0.7920673076923077 0.4987980769230769 0.27163461538461536 0.24879807692307693
3 0.8473557692307693 0.5913461538461539 0.18269230769230768 0.15504807692307693
3 0.9014423076923077 0.6201923076923077 0.18990384615384615 0.16466346153846154
16 0.21394230769230768 0.7956730769230769 0.18269230769230768 0.25240384615384615
10 0.3545673076923077 0.7211538461538461 0.22716346153846154 0.22235576923076922
7 0.6574519230769231 0.7163461538461539 0.3449519230769231 0.11658653846153846
7 0.5600961538461539 0.8245192307692307 0.34134615384615385 0.12620192307692307
3 0.7115384615384616 0.8485576923076923 0.14182692307692307 0.1875