13 0.78125 0.41346153846153844 0.30649038461538464 0.2644230769230769
13 0.5685096153846154 0.6526442307692307 0.3425480769230769 0.33413461538461536
14 0.6382211538461539 0.2536057692307692 0.25600961538461536 0.2512019230769231
14 0.40384615384615385 0.3269230769230769 0.2091346153846154 0.20192307692307693
14 0.44471153846153844 0.5 0.23918269230769232 0.25721153846153844
9 0.5408653846153846 0.39903846153846156 0.140625 0.22115384615384615
11 0.6370192307692307 0.45072115384615385 0.10096153846153846 0.19471153846153846
11 0.7584134615384616 0.5997596153846154 0.1346153846153846 0.18509615384615385
8 0.7067307692307693 0.7427884615384616 0.10096153846153846 0.08173076923076923
0 0.375 0.6923076923076923 0.18990384615384615 0.22235576923076922
8 0.25961538461538464 0.5793269230769231 0.1045673076923077 0.10697115384615384
0 0.2776442307692308 0.484375 0.21394230769230768 0.20072115384615385
8 0.7752403846153846 0.18269230769230768 0.1201923076923077 0.11538461538461539