1 0.10576923076923077 0.3942307692307692 0.10576923076923077 0.15745192307692307
1 0.14903846153846154 0.39302884615384615 0.10336538461538461 0.1466346153846154
12 0.21754807692307693 0.29447115384615385 0.09735576923076923 0.13822115384615385
14 0.29086538461538464 0.2668269230769231 0.07091346153846154 0.23677884615384615
16 0.3918269230769231 0.23317307692307693 0.15865384615384615 0.21634615384615385
7 0.4987980769230769 0.296875 0.15264423076923078 0.3317307692307692
7 0.5877403846153846 0.33533653846153844 0.14903846153846154 0.33533653846153844
9 0.7451923076923077 0.3473557692307692 0.3389423076923077 0.39903846153846156
7 0.2283653846153846 0.5180288461538461 0.25961538461538464 0.2932692307692308
10 0.40384615384615385 0.5372596153846154 0.19110576923076922 0.21875
7 0.24158653846153846 0.65625 0.18870192307692307 0.3112980769230769
10 0.3269230769230769 0.7235576923076923 0.16947115384615385 0.2127403846153846
9 0.4567307692307692 0.6947115384615384 0.13221153846153846 0.21153846153846154
9 0.5745192307692307 0.5997596153846154 0.12980769230769232 0.20793269230769232
6 0.8088942307692307 0.7127403846153846 0.37259615384615385 0.421875
10 0.5661057692307693 0.7992788461538461 0.21394230769230768 0.234375