13 0.7872596153846154 0.21634615384615385 0.2247596153846154 0.3016826923076923
13 0.6490384615384616 0.2127403846153846 0.2091346153846154 0.27163461538461536
13 0.4807692307692308 0.14783653846153846 0.18990384615384615 0.2920673076923077
13 0.35336538461538464 0.1814903846153846 0.19951923076923078 0.3016826923076923
13 0.24158653846153846 0.22596153846153846 0.24278846153846154 0.28846153846153844
5 0.2091346153846154 0.5204326923076923 0.32572115384615385 0.36538461538461536
5 0.19951923076923078 0.625 0.3317307692307692 0.2848557692307692
5 0.23918269230769232 0.78125 0.38221153846153844 0.2247596153846154
7 0.44711538461538464 0.36899038461538464 0.3088942307692308 0.1935096153846154
7 0.47475961538461536 0.4326923076923077 0.30649038461538464 0.19110576923076922
7 0.5576923076923077 0.5096153846153846 0.3125 0.1875
7 0.5637019230769231 0.5841346153846154 0.3125 0.18629807692307693
13 0.8293269230769231 0.4831730769230769 0.21875 0.2824519230769231
4 0.8353365384615384 0.6959134615384616 0.23798076923076922 0.18990384615384615
4 0.6550480769230769 0.7055288461538461 0.22956730769230768 0.13581730769230768
6 0.5324519230769231 0.8028846153846154 0.33413461538461536 0.27163461538461536
1 0.8004807692307693 0.8365384615384616 0.14783653846153846 0.0829326923076923
8 0.7524038461538461 0.9098557692307693 0.10817307692307693 0.06610576923076923