4 0.22596153846153846 0.19591346153846154 0.18509615384615385 0.24158653846153846
4 0.21875 0.39302884615384615 0.21754807692307693 0.1622596153846154
13 0.1658653846153846 0.6334134615384616 0.30288461538461536 0.34134615384615385
16 0.31009615384615385 0.8377403846153846 0.2247596153846154 0.19471153846153846
7 0.34615384615384615 0.4879807692307692 0.19471153846153846 0.10697115384615384
3 0.37259615384615385 0.3581730769230769 0.10336538461538461 0.18509615384615385
4 0.5300480769230769 0.27524038461538464 0.22235576923076922 0.15144230769230768
9 0.6826923076923077 0.23557692307692307 0.1346153846153846 0.18509615384615385
13 0.8425480769230769 0.3389423076923077 0.23317307692307693 0.3293269230769231
3 0.6153846153846154 0.4182692307692308 0.12980769230769232 0.18990384615384615
9 0.5132211538461539 0.4483173076923077 0.1875 0.14182692307692307
3 0.44471153846153844 0.6009615384615384 0.1141826923076923 0.1814903846153846
12 0.5516826923076923 0.6442307692307693 0.0829326923076923 0.14182692307692307
7 0.6502403846153846 0.5997596153846154 0.12379807692307693 0.18629807692307693
3 0.7632211538461539 0.5480769230769231 0.12980769230769232 0.19831730769230768
7 0.8389423076923077 0.6550480769230769 0.18990384615384615 0.14783653846153846
9 0.7235576923076923 0.7475961538461539 0.1814903846153846 0.17548076923076922