6 0.203125 0.23918269230769232 0.2548076923076923 0.2848557692307692
7 0.3942307692307692 0.3137019230769231 0.23677884615384615 0.2956730769230769
7 0.41225961538461536 0.4254807692307692 0.25600961538461536 0.28125
2 0.6045673076923077 0.33653846153846156 0.16105769230769232 0.14543269230769232
7 0.7055288461538461 0.16826923076923078 0.13942307692307693 0.33533653846153844
6 0.8401442307692307 0.17307692307692307 0.19591346153846154 0.3076923076923077
4 0.7932692307692307 0.39302884615384615 0.23557692307692307 0.15625
16 0.5060096153846154 0.4795673076923077 0.11538461538461539 0.09134615384615384
0 0.6850961538461539 0.5865384615384616 0.09014423076923077 0.2932692307692308
6 0.8473557692307693 0.5985576923076923 0.30408653846153844 0.28846153846153844
6 0.5012019230769231 0.5793269230769231 0.3004807692307692 0.20673076923076922
10 0.1814903846153846 0.4338942307692308 0.18389423076923078 0.19230769230769232
2 0.25 0.5793269230769231 0.12620192307692307 0.125
15 0.10336538461538461 0.6418269230769231 0.12139423076923077 0.1201923076923077
2 0.1502403846153846 0.734375 0.17548076923076922 0.140625
6 0.375 0.71875 0.3016826923076923 0.2548076923076923
4 0.27884615384615385 0.8629807692307693 0.2548076923076923 0.21995192307692307
10 0.5444711538461539 0.8810096153846154 0.19591346153846154 0.21634615384615385
10 0.7956730769230769 0.8581730769230769 0.19591346153846154 0.21394230769230768