13 0.6887019230769231 0.7139423076923077 0.3161057692307692 0.30288461538461536
13 0.5300480769230769 0.25721153846153844 0.28365384615384615 0.32572115384615385
13 0.29086538461538464 0.28966346153846156 0.2980769230769231 0.3245192307692308
0 0.6009615384615384 0.41225961538461536 0.13942307692307693 0.17908653846153846
12 0.6490384615384616 0.5372596153846154 0.14182692307692307 0.12379807692307693
12 0.49278846153846156 0.6454326923076923 0.1346153846153846 0.11177884615384616
6 0.4014423076923077 0.7668269230769231 0.30649038461538464 0.28365384615384615
6 0.7067307692307693 0.2980769230769231 0.27884615384615385 0.31971153846153844
16 0.28365384615384615 0.5745192307692307 0.20432692307692307 0.21995192307692307
16 0.7980769230769231 0.49399038461538464 0.25721153846153844 0.21634615384615385
7 0.45072115384615385 0.4579326923076923 0.3125 0.2091346153846154
7 0.4639423076923077 0.5612980769230769 0.29927884615384615 0.18990384615384615