16 0.7139423076923077 0.234375 0.22956730769230768 0.21033653846153846
16 0.7872596153846154 0.3762019230769231 0.20552884615384615 0.22956730769230768
16 0.6754807692307693 0.4579326923076923 0.1971153846153846 0.21514423076923078
4 0.49278846153846156 0.2512019230769231 0.22235576923076922 0.1658653846153846
4 0.3954326923076923 0.4014423076923077 0.2439903846153846 0.18990384615384615
3 0.21634615384615385 0.5757211538461539 0.18028846153846154 0.14302884615384615
3 0.19951923076923078 0.6850961538461539 0.18028846153846154 0.1658653846153846
3 0.25721153846153844 0.7872596153846154 0.19951923076923078 0.08052884615384616
3 0.3894230769230769 0.8497596153846154 0.19831730769230768 0.06129807692307692
2 0.8894230769230769 0.7800480769230769 0.14302884615384615 0.17548076923076922
2 0.6923076923076923 0.7235576923076923 0.15865384615384615 0.14783653846153846
13 0.484375 0.5552884615384616 0.29086538461538464 0.3088942307692308
13 0.8269230769230769 0.5552884615384616 0.31850961538461536 0.28725961538461536
13 0.5805288461538461 0.6670673076923077 0.3088942307692308 0.2920673076923077
7 0.7211538461538461 0.7980769230769231 0.27163461538461536 0.22716346153846154
1 0.7992788461538461 0.8774038461538461 0.12860576923076922 0.07211538461538461
8 0.47115384615384615 0.8870192307692307 0.08173076923076923 0.09735576923076923
7 0.4074519230769231 0.734375 0.2692307692307692 0.2668269230769231