6 0.3473557692307692 0.16947115384615385 0.3088942307692308 0.18269230769230768
6 0.6298076923076923 0.18269230769230768 0.28125 0.2536057692307692
5 0.8305288461538461 0.265625 0.3389423076923077 0.484375
5 0.18990384615384615 0.31971153846153844 0.3798076923076923 0.5048076923076923
14 0.33653846153846156 0.40024038461538464 0.1141826923076923 0.2283653846153846
7 0.46033653846153844 0.36538461538461536 0.18990384615384615 0.1045673076923077
6 0.5120192307692307 0.48677884615384615 0.31971153846153844 0.2283653846153846
4 0.7319711538461539 0.546875 0.265625 0.22596153846153846
4 0.47836538461538464 0.7055288461538461 0.25600961538461536 0.21995192307692307
6 0.19471153846153846 0.5829326923076923 0.28846153846153844 0.21995192307692307
4 0.12980769230769232 0.8028846153846154 0.21754807692307693 0.24158653846153846
16 0.2932692307692308 0.8161057692307693 0.15144230769230768 0.23798076923076922
9 0.7283653846153846 0.7175480769230769 0.22235576923076922 0.14543269230769232
16 0.8401442307692307 0.8497596153846154 0.20673076923076922 0.27524038461538464
15 0.6069711538461539 0.8449519230769231 0.078125 0.12259615384615384
15 0.6622596153846154 0.9038461538461539 0.12139423076923077 0.08173076923076923