16 0.38341346153846156 0.25961538461538464 0.21033653846153846 0.17307692307692307
16 0.5769230769230769 0.25961538461538464 0.2091346153846154 0.1658653846153846
16 0.7680288461538461 0.39663461538461536 0.23677884615384615 0.22716346153846154
16 0.2848557692307692 0.7271634615384616 0.1875 0.25721153846153844
10 0.8581730769230769 0.5889423076923077 0.23076923076923078 0.2439903846153846
10 0.6826923076923077 0.5805288461538461 0.22956730769230768 0.19471153846153846
4 0.46033653846153844 0.640625 0.2548076923076923 0.23076923076923078
3 0.8016826923076923 0.8221153846153846 0.16826923076923078 0.18870192307692307
3 0.7307692307692307 0.8052884615384616 0.1622596153846154 0.18389423076923078
3 0.6502403846153846 0.7067307692307693 0.17307692307692307 0.16947115384615385
1 0.578125 0.7067307692307693 0.1346153846153846 0.0889423076923077
1 0.5612980769230769 0.6694711538461539 0.14783653846153846 0.10697115384615384
16 0.7079326923076923 0.7379807692307693 0.12980769230769232 0.1346153846153846
16 0.6237980769230769 0.8161057692307693 0.13221153846153846 0.13341346153846154
10 0.46274038461538464 0.8545673076923077 0.28725961538461536 0.2776442307692308
0 0.41225961538461536 0.43990384615384615 0.10336538461538461 0.17427884615384615
0 0.5408653846153846 0.4807692307692308 0.19591346153846154 0.10576923076923077
0 0.5733173076923077 0.3737980769230769 0.18870192307692307 0.11778846153846154
16 0.6658653846153846 0.46875 0.109375 0.13701923076923078
5 0.24879807692307693 0.4543269230769231 0.28966346153846156 0.38100961538461536