5 0.47716346153846156 0.2127403846153846 0.36538461538461536 0.26322115384615385
16 0.71875 0.2848557692307692 0.14903846153846154 0.1935096153846154
16 0.8317307692307693 0.4014423076923077 0.21153846153846154 0.21394230769230768
0 0.5144230769230769 0.3870192307692308 0.234375 0.1045673076923077
0 0.7007211538461539 0.49158653846153844 0.19951923076923078 0.21875
10 0.8653846153846154 0.6117788461538461 0.22355769230769232 0.2536057692307692
7 0.6045673076923077 0.5108173076923077 0.15985576923076922 0.18028846153846154
7 0.45913461538461536 0.5180288461538461 0.17908653846153846 0.08413461538461539
5 0.23918269230769232 0.45913461538461536 0.33052884615384615 0.40024038461538464
16 0.2403846153846154 0.6766826923076923 0.16706730769230768 0.20072115384615385
12 0.4014423076923077 0.6165865384615384 0.0673076923076923 0.1201923076923077
11 0.46875 0.6189903846153846 0.07211538461538461 0.12139423076923077
3 0.6021634615384616 0.6021634615384616 0.18389423076923078 0.0889423076923077
3 0.5456730769230769 0.6802884615384616 0.09254807692307693 0.16826923076923078
2 0.6430288461538461 0.6887019230769231 0.15625 0.1045673076923077
10 0.7728365384615384 0.7728365384615384 0.29927884615384615 0.2692307692307692
10 0.5901442307692307 0.8473557692307693 0.23677884615384615 0.21033653846153846
16 0.375 0.8293269230769231 0.21514423076923078 0.19951923076923078