16 0.26322115384615385 0.453125 0.19110576923076922 0.24278846153846154
16 0.4098557692307692 0.328125 0.24278846153846154 0.22596153846153846
16 0.5805288461538461 0.22115384615384615 0.24278846153846154 0.23076923076923078
14 0.6862980769230769 0.3557692307692308 0.2283653846153846 0.22235576923076922
16 0.7944711538461539 0.5324519230769231 0.26322115384615385 0.25721153846153844
4 0.6045673076923077 0.5456730769230769 0.22115384615384615 0.265625
16 0.7391826923076923 0.6778846153846154 0.11899038461538461 0.12860576923076922
16 0.6201923076923077 0.7367788461538461 0.11177884615384616 0.12740384615384615
2 0.5084134615384616 0.4074519230769231 0.1622596153846154 0.14783653846153846
2 0.41346153846153844 0.5120192307692307 0.1346153846153846 0.16947115384615385
2 0.3545673076923077 0.6117788461538461 0.12980769230769232 0.171875
3 0.5108173076923077 0.6502403846153846 0.18028846153846154 0.17067307692307693
3 0.49038461538461536 0.7055288461538461 0.171875 0.17668269230769232
16 0.5120192307692307 0.8545673076923077 0.12860576923076922 0.12379807692307693
1 0.44350961538461536 0.7391826923076923 0.11658653846153846 0.12980769230769232
8 0.38461538461538464 0.7403846153846154 0.08533653846153846 0.1045673076923077
3 0.3545673076923077 0.7824519230769231 0.17668269230769232 0.15504807692307693