13 0.4050480769230769 0.2692307692307692 0.29447115384615385 0.32091346153846156
13 0.5829326923076923 0.19831730769230768 0.3112980769230769 0.3425480769230769
13 0.7620192307692307 0.2704326923076923 0.3641826923076923 0.3581730769230769
12 0.19471153846153846 0.4891826923076923 0.14543269230769232 0.33533653846153844
12 0.29447115384615385 0.5252403846153846 0.17067307692307693 0.3329326923076923
10 0.3737980769230769 0.4651442307692308 0.18509615384615385 0.17668269230769232
10 0.5685096153846154 0.4699519230769231 0.16826923076923078 0.17427884615384615
10 0.7307692307692307 0.47596153846153844 0.16947115384615385 0.17307692307692307
12 0.359375 0.7620192307692307 0.32572115384615385 0.11899038461538461
4 0.4951923076923077 0.6021634615384616 0.27524038461538464 0.2668269230769231
0 0.6262019230769231 0.6225961538461539 0.18269230769230768 0.15625
9 0.8401442307692307 0.5408653846153846 0.31490384615384615 0.38341346153846156
3 0.265625 0.8293269230769231 0.2247596153846154 0.1466346153846154
3 0.5588942307692307 0.8257211538461539 0.23197115384615385 0.09975961538461539
1 0.4014423076923077 0.8245192307692307 0.15985576923076922 0.0733173076923077
3 0.6213942307692307 0.7211538461538461 0.12860576923076922 0.1622596153846154
3 0.7367788461538461 0.7319711538461539 0.171875 0.18028846153846154