4 0.17427884615384615 0.4987980769230769 0.11057692307692307 0.14182692307692307
4 0.30528846153846156 0.4699519230769231 0.12139423076923077 0.1502403846153846
4 0.8269230769230769 0.6790865384615384 0.13942307692307693 0.11899038461538461
13 0.8701923076923077 0.515625 0.25961538461538464 0.2920673076923077
13 0.41466346153846156 0.3088942307692308 0.3317307692307692 0.24639423076923078
13 0.6286057692307693 0.5576923076923077 0.2800480769230769 0.32091346153846156
6 0.5625 0.5685096153846154 0.24759615384615385 0.2980769230769231
6 0.4495192307692308 0.7019230769230769 0.18990384615384615 0.2668269230769231
6 0.2512019230769231 0.6622596153846154 0.28125 0.31850961538461536
12 0.4651442307692308 0.41586538461538464 0.25 0.25841346153846156
4 0.6538461538461539 0.8569711538461539 0.2403846153846154 0.23557692307692307