13 0.140625 0.25841346153846156 0.2512019230769231 0.30408653846153844
13 0.35697115384615385 0.5240384615384616 0.35216346153846156 0.328125
16 0.3870192307692308 0.21153846153846154 0.23076923076923078 0.21634615384615385
4 0.8088942307692307 0.23918269230769232 0.13581730769230768 0.2283653846153846
4 0.6790865384615384 0.18990384615384615 0.13221153846153846 0.21995192307692307
4 0.7704326923076923 0.46634615384615385 0.13822115384615385 0.22355769230769232
4 0.6586538461538461 0.4050480769230769 0.13341346153846154 0.22115384615384615
4 0.5588942307692307 0.17307692307692307 0.14182692307692307 0.22355769230769232
7 0.5504807692307693 0.40024038461538464 0.10817307692307693 0.234375
4 0.8882211538461539 0.46274038461538464 0.13581730769230768 0.22716346153846154
16 0.40384615384615385 0.3894230769230769 0.23677884615384615 0.22355769230769232
16 0.6057692307692307 0.6057692307692307 0.21754807692307693 0.17067307692307693
16 0.11658653846153846 0.5360576923076923 0.1778846153846154 0.1971153846153846
0 0.14182692307692307 0.703125 0.10096153846153846 0.17307692307692307
2 0.2668269230769231 0.6923076923076923 0.1622596153846154 0.1466346153846154
2 0.4026442307692308 0.7319711538461539 0.15745192307692307 0.15144230769230768