12 0.765625 0.30288461538461536 0.16706730769230768 0.19110576923076922
4 0.6850961538461539 0.45072115384615385 0.2247596153846154 0.25600961538461536
5 0.41346153846153844 0.3581730769230769 0.44711538461538464 0.4026442307692308
12 0.23076923076923078 0.5612980769230769 0.15504807692307693 0.19471153846153846
4 0.3918269230769231 0.6550480769230769 0.13942307692307693 0.2247596153846154
1 0.5612980769230769 0.65625 0.1466346153846154 0.06490384615384616
12 0.6394230769230769 0.7103365384615384 0.20673076923076922 0.109375
1 0.765625 0.5733173076923077 0.1045673076923077 0.13221153846153846
8 0.6213942307692307 0.6201923076923077 0.07692307692307693 0.078125
8 0.5540865384615384 0.5733173076923077 0.0733173076923077 0.078125
8 0.5096153846153846 0.5252403846153846 0.07211538461538461 0.07572115384615384