16 0.65625 0.32211538461538464 0.14423076923076922 0.234375
12 0.7475961538461539 0.4735576923076923 0.13701923076923078 0.125
12 0.5925480769230769 0.4639423076923077 0.1466346153846154 0.08173076923076923
11 0.49158653846153844 0.390625 0.14543269230769232 0.16346153846153846
11 0.39302884615384615 0.3137019230769231 0.15865384615384615 0.109375
8 0.36899038461538464 0.43028846153846156 0.08533653846153846 0.11778846153846154
8 0.28365384615384615 0.5144230769230769 0.12259615384615384 0.09495192307692307
11 0.24879807692307693 0.39302884615384615 0.17548076923076922 0.13822115384615385
12 0.7355769230769231 0.7572115384615384 0.13581730769230768 0.32091346153846156
6 0.5300480769230769 0.7199519230769231 0.2512019230769231 0.33653846153846156
16 0.36899038461538464 0.6766826923076923 0.21033653846153846 0.328125
16 0.20072115384615385 0.6706730769230769 0.17427884615384615 0.22956730769230768