4 0.17427884615384615 0.0985576923076923 0.19471153846153846 0.19591346153846154
16 0.3016826923076923 0.14423076923076922 0.25841346153846156 0.26802884615384615
12 0.3545673076923077 0.24879807692307693 0.2536057692307692 0.28725961538461536
4 0.5432692307692307 0.25961538461538464 0.2692307692307692 0.25600961538461536
16 0.6634615384615384 0.39903846153846156 0.24278846153846154 0.27524038461538464
7 0.8305288461538461 0.47115384615384615 0.234375 0.17307692307692307
11 0.8293269230769231 0.5925480769230769 0.171875 0.11778846153846154
4 0.7632211538461539 0.7067307692307693 0.15504807692307693 0.15865384615384615
12 0.6153846153846154 0.5384615384615384 0.2824519230769231 0.23918269230769232
11 0.5757211538461539 0.6418269230769231 0.16466346153846154 0.12620192307692307
4 0.3954326923076923 0.5168269230769231 0.18389423076923078 0.13822115384615385
7 0.30528846153846156 0.6923076923076923 0.19230769230769232 0.24519230769230768