4 0.8485576923076923 0.5396634615384616 0.15865384615384615 0.1622596153846154
4 0.4110576923076923 0.3245192307692308 0.16947115384615385 0.18629807692307693
8 0.5540865384615384 0.3389423076923077 0.11177884615384616 0.12139423076923077
8 0.7668269230769231 0.4495192307692308 0.11778846153846154 0.1141826923076923
0 0.5997596153846154 0.546875 0.1045673076923077 0.16346153846153846
0 0.23197115384615385 0.42908653846153844 0.14182692307692307 0.171875
4 0.45552884615384615 0.5769230769230769 0.18629807692307693 0.13581730769230768
15 0.6610576923076923 0.3762019230769231 0.19591346153846154 0.19471153846153846
15 0.5 0.703125 0.14543269230769232 0.23798076923076922
15 0.5973557692307693 0.8245192307692307 0.25600961538461536 0.1971153846153846
15 0.6959134615384616 0.53125 0.20552884615384615 0.24759615384615385
10 0.8425480769230769 0.22235576923076922 0.22355769230769232 0.2512019230769231
10 0.27283653846153844 0.7692307692307693 0.2512019230769231 0.24639423076923078
4 0.3173076923076923 0.453125 0.10576923076923077 0.18870192307692307
15 0.5612980769230769 0.22716346153846154 0.1814903846153846 0.16105769230769232