16 0.7944711538461539 0.4411057692307692 0.19831730769230768 0.2127403846153846
16 0.23918269230769232 0.5504807692307693 0.14903846153846154 0.1875
2 0.6502403846153846 0.4567307692307692 0.12620192307692307 0.16346153846153846
2 0.5348557692307693 0.47716346153846156 0.12259615384615384 0.16105769230769232
2 0.5913461538461539 0.6129807692307693 0.16105769230769232 0.1201923076923077
7 0.44471153846153844 0.5108173076923077 0.13341346153846154 0.3269230769230769
7 0.359375 0.5132211538461539 0.11538461538461539 0.32572115384615385
11 0.7163461538461539 0.5697115384615384 0.10576923076923077 0.13341346153846154
11 0.7560096153846154 0.6225961538461539 0.12139423076923077 0.1310096153846154
3 0.7896634615384616 0.6959134615384616 0.20192307692307693 0.16466346153846154
3 0.5913461538461539 0.7307692307692307 0.18629807692307693 0.1141826923076923
14 0.6790865384615384 0.8317307692307693 0.19471153846153846 0.15625
14 0.4675480769230769 0.8028846153846154 0.18629807692307693 0.1466346153846154
12 0.4411057692307692 0.703125 0.12620192307692307 0.08774038461538461
4 0.2764423076923077 0.7175480769230769 0.21394230769230768 0.1346153846153846