14 0.7776442307692307 0.796875 0.24639423076923078 0.20552884615384615
4 0.5384615384615384 0.8365384615384616 0.22596153846153846 0.1971153846153846
16 0.7956730769230769 0.5805288461538461 0.2247596153846154 0.22956730769230768
7 0.5757211538461539 0.7079326923076923 0.2860576923076923 0.15384615384615385
16 0.6021634615384616 0.5456730769230769 0.16947115384615385 0.1971153846153846
16 0.640625 0.3557692307692308 0.171875 0.20432692307692307
0 0.46875 0.6334134615384616 0.09615384615384616 0.16947115384615385
11 0.3557692307692308 0.6418269230769231 0.1201923076923077 0.15865384615384615
16 0.3786057692307692 0.44471153846153844 0.14302884615384615 0.18870192307692307
14 0.2800480769230769 0.8221153846153846 0.24879807692307693 0.19831730769230768
0 0.27403846153846156 0.5637019230769231 0.09495192307692307 0.171875
4 0.12740384615384615 0.578125 0.18389423076923078 0.22716346153846154