7 0.18269230769230768 0.2920673076923077 0.1502403846153846 0.24759615384615385
7 0.30408653846153844 0.27163461538461536 0.11778846153846154 0.24759615384615385
11 0.4543269230769231 0.20192307692307693 0.08413461538461539 0.12980769230769232
6 0.5913461538461539 0.28365384615384615 0.2608173076923077 0.3161057692307692
5 0.8016826923076923 0.22956730769230768 0.3713942307692308 0.42427884615384615
5 0.6971153846153846 0.5709134615384616 0.42788461538461536 0.29086538461538464
0 0.4074519230769231 0.3137019230769231 0.15745192307692307 0.23677884615384615
7 0.2932692307692308 0.45913461538461536 0.22716346153846154 0.19951923076923078
14 0.421875 0.6069711538461539 0.1875 0.23076923076923078
11 0.29447115384615385 0.5661057692307693 0.13221153846153846 0.12860576923076922
14 0.1658653846153846 0.5384615384615384 0.17908653846153846 0.20793269230769232
4 0.28365384615384615 0.6911057692307693 0.2704326923076923 0.2512019230769231
14 0.4855769230769231 0.8293269230769231 0.07932692307692307 0.25
9 0.6274038461538461 0.8004807692307693 0.21514423076923078 0.12980769230769232
11 0.34134615384615385 0.8557692307692307 0.15745192307692307 0.12980769230769232