4 0.5060096153846154 0.328125 0.14302884615384615 0.14903846153846154
4 0.4338942307692308 0.4495192307692308 0.14302884615384615 0.14543269230769232
8 0.6045673076923077 0.33774038461538464 0.09254807692307693 0.09975961538461539
8 0.6478365384615384 0.36177884615384615 0.10336538461538461 0.10216346153846154
14 0.7776442307692307 0.31009615384615385 0.19591346153846154 0.16105769230769232
14 0.8221153846153846 0.4362980769230769 0.16947115384615385 0.1875
11 0.7079326923076923 0.453125 0.12259615384615384 0.09134615384615384
8 0.6165865384615384 0.4699519230769231 0.09735576923076923 0.10576923076923077
8 0.7223557692307693 0.5240384615384616 0.10096153846153846 0.11177884615384616
11 0.5709134615384616 0.5036057692307693 0.11298076923076923 0.1141826923076923
11 0.5192307692307693 0.5396634615384616 0.125 0.09975961538461539
8 0.6778846153846154 0.5901442307692307 0.10697115384615384 0.11057692307692307
14 0.7824519230769231 0.6274038461538461 0.18389423076923078 0.1935096153846154
11 0.6201923076923077 0.6502403846153846 0.15144230769230768 0.16346153846153846
14 0.6430288461538461 0.7668269230769231 0.22596153846153846 0.10216346153846154
7 0.4879807692307692 0.7355769230769231 0.09375 0.3317307692307692
7 0.38822115384615385 0.6899038461538461 0.12379807692307693 0.3269230769230769
16 0.2608173076923077 0.7019230769230769 0.19110576923076922 0.23076923076923078