7 0.09495192307692307 0.4230769230769231 0.1045673076923077 0.30288461538461536
7 0.30528846153846156 0.3449519230769231 0.2439903846153846 0.28365384615384615
16 0.4963942307692308 0.3389423076923077 0.23798076923076922 0.25
14 0.6742788461538461 0.3918269230769231 0.22235576923076922 0.32211538461538464
2 0.5925480769230769 0.4639423076923077 0.11658653846153846 0.1310096153846154
2 0.5204326923076923 0.5408653846153846 0.10697115384615384 0.12980769230769232
14 0.4579326923076923 0.6021634615384616 0.0985576923076923 0.3545673076923077
7 0.34134615384615385 0.6334134615384616 0.16947115384615385 0.296875
16 0.23798076923076922 0.6117788461538461 0.22716346153846154 0.2536057692307692
2 0.38221153846153844 0.8293269230769231 0.16706730769230768 0.18509615384615385
2 0.30649038461538464 0.8713942307692307 0.12980769230769232 0.13942307692307693