7 0.39302884615384615 0.3016826923076923 0.11538461538461539 0.3317307692307692
7 0.28846153846153844 0.31971153846153844 0.14543269230769232 0.328125
14 0.16346153846153846 0.35336538461538464 0.18509615384615385 0.125
14 0.6742788461538461 0.40024038461538464 0.15985576923076922 0.19471153846153846
11 0.35697115384615385 0.5180288461538461 0.1622596153846154 0.12740384615384615
11 0.5228365384615384 0.5925480769230769 0.15865384615384615 0.15745192307692307
11 0.6418269230769231 0.6802884615384616 0.1622596153846154 0.16826923076923078
4 0.3161057692307692 0.6466346153846154 0.22596153846153846 0.15264423076923078
4 0.4951923076923077 0.7920673076923077 0.1814903846153846 0.16466346153846154
4 0.3329326923076923 0.8016826923076923 0.17067307692307693 0.1814903846153846
4 0.17067307692307693 0.8497596153846154 0.18990384615384615 0.2127403846153846