13 0.21033653846153846 0.4651442307692308 0.25961538461538464 0.296875
11 0.421875 0.5480769230769231 0.17548076923076922 0.09134615384615384
2 0.5829326923076923 0.49158653846153844 0.1875 0.16826923076923078
4 0.2980769230769231 0.7439903846153846 0.25841346153846156 0.27524038461538464
4 0.8185096153846154 0.5528846153846154 0.22355769230769232 0.2439903846153846
3 0.7608173076923077 0.7139423076923077 0.21394230769230768 0.0889423076923077
14 0.8401442307692307 0.8161057692307693 0.19471153846153846 0.17067307692307693
11 0.6574519230769231 0.8329326923076923 0.16105769230769232 0.15625
13 0.41225961538461536 0.3389423076923077 0.3161057692307692 0.2860576923076923
13 0.671875 0.2403846153846154 0.29447115384615385 0.3016826923076923
4 0.828125 0.38100961538461536 0.2091346153846154 0.23557692307692307
2 0.6478365384615384 0.4050480769230769 0.19110576923076922 0.17548076923076922
11 0.7151442307692307 0.5973557692307693 0.15384615384615385 0.18629807692307693
2 0.6394230769230769 0.6538461538461539 0.1778846153846154 0.19471153846153846
4 0.5108173076923077 0.8016826923076923 0.2644230769230769 0.27163461538461536
11 0.44350961538461536 0.640625 0.18028846153846154 0.10576923076923077