13 0.2512019230769231 0.15384615384615385 0.3545673076923077 0.30288461538461536
9 0.06370192307692307 0.2800480769230769 0.125 0.1971153846153846
5 0.328125 0.3317307692307692 0.30649038461538464 0.21634615384615385
2 0.5673076923076923 0.27283653846153844 0.09495192307692307 0.13341346153846154
9 0.10216346153846154 0.48197115384615385 0.14783653846153846 0.2091346153846154
9 0.22115384615384615 0.5480769230769231 0.12379807692307693 0.20673076923076922
1 0.0733173076923077 0.6778846153846154 0.12740384615384615 0.24158653846153846
13 0.5192307692307693 0.5036057692307693 0.25721153846153844 0.2980769230769231
8 0.3016826923076923 0.5841346153846154 0.08173076923076923 0.13581730769230768
8 0.18990384615384615 0.6634615384615384 0.13701923076923078 0.07932692307692307
2 0.3762019230769231 0.5889423076923077 0.10336538461538461 0.16346153846153846
2 0.3425480769230769 0.6911057692307693 0.13221153846153846 0.10096153846153846
12 0.19591346153846154 0.7872596153846154 0.08774038461538461 0.18870192307692307
9 0.2980769230769231 0.7932692307692307 0.15504807692307693 0.17427884615384615
9 0.5252403846153846 0.7199519230769231 0.1814903846153846 0.20673076923076922
12 0.453125 0.8052884615384616 0.17067307692307693 0.07572115384615384
12 0.4483173076923077 0.8677884615384616 0.17067307692307693 0.0733173076923077
8 0.5805288461538461 0.8521634615384616 0.078125 0.13701923076923078
5 0.7572115384615384 0.32572115384615385 0.375 0.5072115384615384
5 0.7956730769230769 0.7391826923076923 0.34975961538461536 0.4723557692307692