3 0.13341346153846154 0.3161057692307692 0.18990384615384615 0.20793269230769232
10 0.34375 0.23197115384615385 0.2764423076923077 0.29086538461538464
10 0.5264423076923077 0.34134615384615385 0.27884615384615385 0.24639423076923078
7 0.7415865384615384 0.34375 0.171875 0.15504807692307693
13 0.8305288461538461 0.484375 0.3233173076923077 0.28966346153846156
16 0.8197115384615384 0.7103365384615384 0.19230769230769232 0.2548076923076923
2 0.6814903846153846 0.6959134615384616 0.16706730769230768 0.17427884615384615
10 0.7788461538461539 0.8930288461538461 0.26802884615384615 0.21153846153846154
8 0.5504807692307693 0.828125 0.07572115384615384 0.11778846153846154
10 0.3858173076923077 0.7259615384615384 0.2439903846153846 0.26802884615384615
8 0.24158653846153846 0.8377403846153846 0.11658653846153846 0.10336538461538461
3 0.1622596153846154 0.7475961538461539 0.19951923076923078 0.15144230769230768
3 0.1658653846153846 0.6802884615384616 0.203125 0.1466346153846154
3 0.17307692307692307 0.5961538461538461 0.18269230769230768 0.15985576923076922
2 0.23197115384615385 0.44350961538461536 0.17548076923076922 0.1658653846153846
7 0.39903846153846156 0.5480769230769231 0.1971153846153846 0.13942307692307693
3 0.41586538461538464 0.47475961538461536 0.2127403846153846 0.1141826923076923