16 0.7271634615384616 0.2091346153846154 0.17067307692307693 0.22596153846153846
16 0.5024038461538461 0.22716346153846154 0.15504807692307693 0.2127403846153846
14 0.21634615384615385 0.20673076923076922 0.25961538461538464 0.2692307692307692
7 0.8004807692307693 0.31971153846153844 0.33052884615384615 0.13221153846153846
7 0.4987980769230769 0.42908653846153844 0.32572115384615385 0.12379807692307693
0 0.28846153846153844 0.3161057692307692 0.13822115384615385 0.23918269230769232
1 0.3629807692307692 0.28966346153846156 0.07572115384615384 0.14903846153846154
14 0.44350961538461536 0.3629807692307692 0.2403846153846154 0.09134615384615384
14 0.1658653846153846 0.3858173076923077 0.14903846153846154 0.234375
7 0.8786057692307693 0.43028846153846156 0.15625 0.1658653846153846
10 0.8100961538461539 0.5228365384615384 0.22235576923076922 0.21754807692307693
7 0.6286057692307693 0.5024038461538461 0.16947115384615385 0.10216346153846154
7 0.5913461538461539 0.5853365384615384 0.1622596153846154 0.10817307692307693
7 0.2800480769230769 0.5288461538461539 0.16706730769230768 0.15144230769230768
0 0.34615384615384615 0.5889423076923077 0.22235576923076922 0.1935096153846154
14 0.4699519230769231 0.6430288461538461 0.25841346153846156 0.24278846153846154
6 0.1466346153846154 0.6935096153846154 0.2932692307692308 0.3870192307692308
10 0.5228365384615384 0.84375 0.18990384615384615 0.21754807692307693