12 0.7475961538461539 0.36899038461538464 0.11057692307692307 0.171875
7 0.6334134615384616 0.359375 0.1310096153846154 0.2536057692307692
7 0.5420673076923077 0.4098557692307692 0.10697115384615384 0.2512019230769231
7 0.6550480769230769 0.5420673076923077 0.23557692307692307 0.19230769230769232
10 0.4110576923076923 0.41466346153846156 0.20192307692307693 0.21754807692307693
11 0.4411057692307692 0.5637019230769231 0.16947115384615385 0.10817307692307693
0 0.3112980769230769 0.5697115384615384 0.109375 0.18509615384615385
11 0.40024038461538464 0.7115384615384616 0.17668269230769232 0.15745192307692307
2 0.7836538461538461 0.5841346153846154 0.1778846153846154 0.16466346153846154
3 0.5408653846153846 0.6923076923076923 0.057692307692307696 0.21394230769230768
3 0.6598557692307693 0.7127403846153846 0.19110576923076922 0.15865384615384615
16 0.7572115384615384 0.7752403846153846 0.2776442307692308 0.27403846153846156