4 0.24639423076923078 0.3762019230769231 0.22235576923076922 0.2439903846153846
16 0.4567307692307692 0.2704326923076923 0.21514423076923078 0.22115384615384615
16 0.6201923076923077 0.234375 0.22956730769230768 0.2403846153846154
16 0.7980769230769231 0.3088942307692308 0.171875 0.21394230769230768
2 0.4026442307692308 0.4651442307692308 0.12379807692307693 0.16706730769230768
4 0.5336538461538461 0.5204326923076923 0.17307692307692307 0.23197115384615385
4 0.30408653846153844 0.6009615384615384 0.2512019230769231 0.20793269230769232
14 0.8617788461538461 0.4699519230769231 0.1502403846153846 0.1778846153846154
7 0.6814903846153846 0.5625 0.14302884615384615 0.16826923076923078
7 0.75 0.49759615384615385 0.1346153846153846 0.15625
14 0.8161057692307693 0.5997596153846154 0.17548076923076922 0.1622596153846154
14 0.5324519230769231 0.6598557692307693 0.24278846153846154 0.07572115384615384
14 0.4206730769230769 0.7283653846153846 0.25841346153846156 0.07211538461538461
14 0.40384615384615385 0.7944711538461539 0.2439903846153846 0.0733173076923077
3 0.7163461538461539 0.7091346153846154 0.1971153846153846 0.07692307692307693
3 0.6346153846153846 0.7824519230769231 0.22115384615384615 0.07572115384615384
8 0.8485576923076923 0.7127403846153846 0.10216346153846154 0.11658653846153846
8 0.8497596153846154 0.8209134615384616 0.07451923076923077 0.12259615384615384
8 0.765625 0.8509615384615384 0.11899038461538461 0.10336538461538461