10 0.38100961538461536 0.33533653846153844 0.20192307692307693 0.20552884615384615
10 0.5697115384615384 0.24879807692307693 0.203125 0.2091346153846154
13 0.8016826923076923 0.28846153846153844 0.234375 0.3112980769230769
7 0.5853365384615384 0.37259615384615385 0.33413461538461536 0.17668269230769232
7 0.4362980769230769 0.5324519230769231 0.33052884615384615 0.19831730769230768
13 0.20432692307692307 0.5120192307692307 0.24639423076923078 0.3016826923076923
7 0.6574519230769231 0.44471153846153844 0.18870192307692307 0.13942307692307693
7 0.65625 0.5360576923076923 0.18269230769230768 0.13942307692307693
7 0.5036057692307693 0.6081730769230769 0.1778846153846154 0.14182692307692307
12 0.40384615384615385 0.6802884615384616 0.1466346153846154 0.078125
12 0.27884615384615385 0.7463942307692307 0.21875 0.23677884615384615
12 0.6370192307692307 0.6262019230769231 0.25 0.16826923076923078
13 0.8365384615384616 0.5709134615384616 0.25 0.31971153846153844
12 0.5540865384615384 0.734375 0.25600961538461536 0.16706730769230768
3 0.4098557692307692 0.8040865384615384 0.1778846153846154 0.20072115384615385
3 0.5853365384615384 0.8269230769230769 0.2091346153846154 0.1935096153846154
8 0.7295673076923077 0.7860576923076923 0.12860576923076922 0.12860576923076922
8 0.7692307692307693 0.8461538461538461 0.12620192307692307 0.13221153846153846
8 0.8040865384615384 0.7307692307692307 0.13822115384615385 0.11899038461538461