10 0.7992788461538461 0.1778846153846154 0.20072115384615385 0.20072115384615385
1 0.6177884615384616 0.171875 0.1971153846153846 0.2127403846153846
1 0.4639423076923077 0.18629807692307693 0.1971153846153846 0.14543269230769232
10 0.25961538461538464 0.19230769230769232 0.1935096153846154 0.19230769230769232
13 0.7908653846153846 0.44471153846153844 0.22355769230769232 0.30408653846153844
13 0.5961538461538461 0.40024038461538464 0.25961538461538464 0.3016826923076923
3 0.44350961538461536 0.43509615384615385 0.15264423076923078 0.1875
3 0.375 0.3581730769230769 0.1971153846153846 0.17427884615384615
16 0.23798076923076922 0.3870192307692308 0.1141826923076923 0.11658653846153846
10 0.7019230769230769 0.671875 0.19831730769230768 0.20192307692307693
13 0.49399038461538464 0.6634615384615384 0.24519230769230768 0.31971153846153844
12 0.3605769230769231 0.6033653846153846 0.07692307692307693 0.171875
4 0.22115384615384615 0.625 0.11658653846153846 0.19951923076923078
3 0.35096153846153844 0.7908653846153846 0.19471153846153846 0.15384615384615385
3 0.2512019230769231 0.8004807692307693 0.15865384615384615 0.18269230769230768
3 0.1971153846153846 0.8329326923076923 0.125 0.19471153846153846