15 0.7163461538461539 0.8149038461538461 0.3004807692307692 0.18269230769230768
15 0.4519230769230769 0.8028846153846154 0.20432692307692307 0.36658653846153844
1 0.7596153846153846 0.7115384615384616 0.17908653846153846 0.051682692307692304
3 0.7331730769230769 0.625 0.18269230769230768 0.09014423076923077
3 0.8858173076923077 0.5204326923076923 0.09375 0.2127403846153846
3 0.8774038461538461 0.23918269230769232 0.06129807692307692 0.20793269230769232
10 0.7175480769230769 0.5709134615384616 0.14423076923076922 0.15264423076923078
13 0.7403846153846154 0.36778846153846156 0.35697115384615385 0.3329326923076923
16 0.5192307692307693 0.46274038461538464 0.23557692307692307 0.15384615384615385
16 0.7439903846153846 0.1466346153846154 0.23798076923076922 0.17668269230769232
15 0.21875 0.8028846153846154 0.34375 0.26802884615384615
5 0.27283653846153844 0.5480769230769231 0.38341346153846156 0.4254807692307692
16 0.3317307692307692 0.30288461538461536 0.234375 0.26802884615384615
13 0.5060096153846154 0.21875 0.3112980769230769 0.34375
9 0.23918269230769232 0.22355769230769232 0.2704326923076923 0.375
13 0.5024038461538461 0.6706730769230769 0.27163461538461536 0.33653846153846156