8 0.20552884615384615 0.3713942307692308 0.10576923076923077 0.06129807692307692
9 0.23076923076923078 0.5 0.15985576923076922 0.15384615384615385
2 0.6586538461538461 0.4362980769230769 0.12740384615384615 0.16466346153846154
2 0.7271634615384616 0.6045673076923077 0.18629807692307693 0.18509615384615385
2 0.5336538461538461 0.578125 0.10817307692307693 0.1814903846153846
2 0.3798076923076923 0.5673076923076923 0.1658653846153846 0.1814903846153846
2 0.41586538461538464 0.6995192307692307 0.1778846153846154 0.09615384615384616
9 0.6153846153846154 0.7427884615384616 0.20072115384615385 0.14182692307692307
2 0.15985576923076922 0.7175480769230769 0.1346153846153846 0.13341346153846154
15 0.15745192307692307 0.8100961538461539 0.0985576923076923 0.12259615384615384
3 0.25721153846153844 0.8149038461538461 0.09254807692307693 0.18870192307692307
8 0.36538461538461536 0.8257211538461539 0.10336538461538461 0.054086538461538464
3 0.46033653846153844 0.8834134615384616 0.18870192307692307 0.08774038461538461