13 0.6177884615384616 0.16826923076923078 0.2800480769230769 0.33533653846153844
13 0.7920673076923077 0.19951923076923078 0.3317307692307692 0.29447115384615385
13 0.4723557692307692 0.22716346153846154 0.33413461538461536 0.38341346153846156
6 0.4074519230769231 0.4891826923076923 0.40384615384615385 0.4074519230769231
5 0.5504807692307693 0.5408653846153846 0.39663461538461536 0.3293269230769231
5 0.7560096153846154 0.46274038461538464 0.3918269230769231 0.4639423076923077
6 0.3016826923076923 0.20673076923076922 0.2692307692307692 0.3425480769230769
9 0.20192307692307693 0.3269230769230769 0.34615384615384615 0.328125
6 0.2512019230769231 0.5540865384615384 0.2920673076923077 0.26802884615384615
9 0.2668269230769231 0.7872596153846154 0.4375 0.39903846153846156
7 0.49759615384615385 0.7115384615384616 0.18870192307692307 0.11538461538461539
7 0.5877403846153846 0.765625 0.19230769230769232 0.12620192307692307
0 0.5540865384615384 0.8641826923076923 0.171875 0.125
0 0.7067307692307693 0.8341346153846154 0.12860576923076922 0.18028846153846154
7 0.8100961538461539 0.7872596153846154 0.12860576923076922 0.20072115384615385
6 0.8569711538461539 0.6081730769230769 0.23317307692307693 0.33653846153846156
3 0.9362980769230769 0.8605769230769231 0.10817307692307693 0.20673076923076922
3 0.8894230769230769 0.8473557692307693 0.11177884615384616 0.20432692307692307
3 0.8125 0.890625 0.14302884615384615 0.18990384615384615