4 0.3858173076923077 0.1778846153846154 0.20072115384615385 0.19591346153846154
4 0.6310096153846154 0.2439903846153846 0.15264423076923078 0.18028846153846154
4 0.8112980769230769 0.5637019230769231 0.21153846153846154 0.20793269230769232
10 0.8557692307692307 0.3401442307692308 0.28125 0.28365384615384615
10 0.6057692307692307 0.4579326923076923 0.29086538461538464 0.29086538461538464
10 0.35216346153846156 0.3545673076923077 0.22716346153846154 0.21514423076923078
13 0.14543269230769232 0.2920673076923077 0.25240384615384615 0.32572115384615385
1 0.23317307692307693 0.47596153846153844 0.17908653846153846 0.08533653846153846
1 0.2283653846153846 0.5432692307692307 0.16466346153846154 0.12139423076923077
0 0.4699519230769231 0.7247596153846154 0.10096153846153846 0.17307692307692307
0 0.47596153846153844 0.5420673076923077 0.11658653846153846 0.171875
16 0.625 0.7391826923076923 0.2439903846153846 0.265625
16 0.24639423076923078 0.7283653846153846 0.2644230769230769 0.22716346153846154
16 0.4387019230769231 0.8737980769230769 0.234375 0.18629807692307693
1 0.8137019230769231 0.84375 0.11538461538461539 0.17427884615384615