13 0.45072115384615385 0.23918269230769232 0.28725961538461536 0.3329326923076923
13 0.8317307692307693 0.28365384615384615 0.32211538461538464 0.359375
13 0.7247596153846154 0.5192307692307693 0.34615384615384615 0.30649038461538464
10 0.5108173076923077 0.65625 0.20552884615384615 0.25
10 0.7103365384615384 0.7259615384615384 0.24879807692307693 0.21995192307692307
16 0.421875 0.4495192307692308 0.25721153846153844 0.17668269230769232
16 0.22596153846153846 0.8509615384615384 0.2403846153846154 0.27163461538461536
16 0.6177884615384616 0.3161057692307692 0.17548076923076922 0.21995192307692307
16 0.7776442307692307 0.9086538461538461 0.22596153846153846 0.18269230769230768
14 0.5300480769230769 0.8762019230769231 0.23677884615384615 0.22235576923076922
3 0.38341346153846156 0.8269230769230769 0.09735576923076923 0.20192307692307693
14 0.22235576923076922 0.6394230769230769 0.23677884615384615 0.18389423076923078
14 0.19831730769230768 0.234375 0.20552884615384615 0.23197115384615385
3 0.30649038461538464 0.5252403846153846 0.2091346153846154 0.0889423076923077
12 0.17668269230769232 0.5108173076923077 0.056490384615384616 0.18028846153846154
16 0.25 0.4483173076923077 0.11538461538461539 0.08653846153846154
3 0.19110576923076922 0.3918269230769231 0.20072115384615385 0.1045673076923077
3 0.06009615384615385 0.375 0.08774038461538461 0.18870192307692307