6 0.6081730769230769 0.17307692307692307 0.3641826923076923 0.34134615384615385
5 0.3112980769230769 0.22235576923076922 0.4411057692307692 0.33533653846153844
14 0.4567307692307692 0.4014423076923077 0.24278846153846154 0.25
5 0.2704326923076923 0.5841346153846154 0.32572115384615385 0.4483173076923077
14 0.35697115384615385 0.8100961538461539 0.22956730769230768 0.08173076923076923
1 0.4266826923076923 0.8641826923076923 0.234375 0.14423076923076922
4 0.6550480769230769 0.8557692307692307 0.2536057692307692 0.2692307692307692
1 0.8413461538461539 0.7788461538461539 0.18629807692307693 0.24759615384615385
2 0.7788461538461539 0.7259615384615384 0.09615384615384616 0.11177884615384616
14 0.6850961538461539 0.6790865384615384 0.20432692307692307 0.16466346153846154
16 0.5673076923076923 0.65625 0.23798076923076922 0.23677884615384615
7 0.7548076923076923 0.5264423076923077 0.3233173076923077 0.16105769230769232
7 0.796875 0.4387019230769231 0.31850961538461536 0.19471153846153846
7 0.5793269230769231 0.4483173076923077 0.1971153846153846 0.3125
16 0.8461538461538461 0.2608173076923077 0.21033653846153846 0.2247596153846154