14 0.22716346153846154 0.2848557692307692 0.15625 0.17548076923076922
1 0.45072115384615385 0.22716346153846154 0.12620192307692307 0.23197115384615385
1 0.6995192307692307 0.6646634615384616 0.23076923076923078 0.234375
1 0.12860576923076922 0.5877403846153846 0.13221153846153846 0.23677884615384615
3 0.359375 0.30408653846153844 0.07932692307692307 0.18629807692307693
3 0.21875 0.7079326923076923 0.1935096153846154 0.0985576923076923
11 0.6394230769230769 0.24158653846153846 0.1141826923076923 0.18269230769230768
11 0.5552884615384616 0.2620192307692308 0.0829326923076923 0.17548076923076922
11 0.30288461538461536 0.7463942307692307 0.18389423076923078 0.11658653846153846
1 0.7764423076923077 0.3173076923076923 0.13341346153846154 0.11658653846153846
1 0.765625 0.35697115384615385 0.12860576923076922 0.11778846153846154
1 0.3918269230769231 0.6658653846153846 0.0889423076923077 0.14302884615384615
15 0.6947115384615384 0.48197115384615385 0.28725961538461536 0.3088942307692308
15 0.5384615384615384 0.5925480769230769 0.18870192307692307 0.2980769230769231
15 0.24879807692307693 0.5096153846153846 0.17307692307692307 0.296875
8 0.4963942307692308 0.3713942307692308 0.0673076923076923 0.06850961538461539
8 0.34975961538461536 0.5745192307692307 0.06370192307692307 0.06850961538461539
8 0.4266826923076923 0.6346153846153846 0.06850961538461539 0.06850961538461539
8 0.43149038461538464 0.38461538461538464 0.10336538461538461 0.12620192307692307
2 0.40625 0.49278846153846156 0.125 0.09254807692307693