1 0.1346153846153846 0.27283653846153844 0.26322115384615385 0.18990384615384615
1 0.2956730769230769 0.3293269230769231 0.21995192307692307 0.2620192307692308
10 0.546875 0.25961538461538464 0.27163461538461536 0.23798076923076922
5 0.8605769230769231 0.20072115384615385 0.27884615384615385 0.23197115384615385
10 0.8713942307692307 0.4014423076923077 0.25600961538461536 0.30408653846153844
10 0.6538461538461539 0.43028846153846156 0.30408653846153844 0.23918269230769232
13 0.140625 0.5096153846153846 0.2800480769230769 0.3641826923076923
6 0.36538461538461536 0.5060096153846154 0.2956730769230769 0.3737980769230769
6 0.5348557692307693 0.6237980769230769 0.3401442307692308 0.33413461538461536
2 0.8353365384615384 0.6658653846153846 0.12740384615384615 0.17427884615384615
2 0.9242788461538461 0.6838942307692307 0.11899038461538461 0.17427884615384615
15 0.09735576923076923 0.8100961538461539 0.08052884615384616 0.15985576923076922
6 0.2439903846153846 0.7932692307692307 0.25240384615384615 0.3317307692307692
2 0.390625 0.8269230769230769 0.12139423076923077 0.18870192307692307
2 0.5060096153846154 0.8449519230769231 0.13341346153846154 0.20673076923076922
2 0.6454326923076923 0.875 0.1502403846153846 0.21394230769230768
4 0.7512019230769231 0.8401442307692307 0.17548076923076922 0.25240384615384615
15 0.8317307692307693 0.8762019230769231 0.07451923076923077 0.16105769230769232
15 0.8822115384615384 0.8629807692307693 0.054086538461538464 0.15745192307692307
3 0.4362980769230769 0.8870192307692307 0.07451923076923077 0.18629807692307693