5 0.4338942307692308 0.3329326923076923 0.35216346153846156 0.43028846153846156
5 0.8052884615384616 0.46153846153846156 0.38822115384615385 0.43149038461538464
9 0.12980769230769232 0.328125 0.10096153846153846 0.2091346153846154
7 0.23076923076923078 0.3713942307692308 0.12980769230769232 0.3293269230769231
7 0.6117788461538461 0.38100961538461536 0.13701923076923078 0.3269230769230769
4 0.21754807692307693 0.5841346153846154 0.14903846153846154 0.13341346153846154
4 0.39783653846153844 0.5637019230769231 0.15144230769230768 0.12860576923076922
7 0.6730769230769231 0.6899038461538461 0.2932692307692308 0.23557692307692307
12 0.6598557692307693 0.7704326923076923 0.12620192307692307 0.12139423076923077
9 0.4807692307692308 0.7524038461538461 0.20673076923076922 0.2127403846153846
4 0.3245192307692308 0.7596153846153846 0.15384615384615385 0.16947115384615385
4 0.22235576923076922 0.8245192307692307 0.21153846153846154 0.14903846153846154