6 0.33774038461538464 0.34975961538461536 0.27163461538461536 0.33413461538461536
6 0.29086538461538464 0.5769230769230769 0.2920673076923077 0.36899038461538464
1 0.4831730769230769 0.7668269230769231 0.17548076923076922 0.25961538461538464
11 0.6610576923076923 0.8149038461538461 0.09014423076923077 0.13942307692307693
4 0.7908653846153846 0.8100961538461539 0.20432692307692307 0.20793269230769232
4 0.53125 0.6682692307692307 0.2127403846153846 0.18870192307692307
10 0.5480769230769231 0.48197115384615385 0.19831730769230768 0.23918269230769232
10 0.5685096153846154 0.25721153846153844 0.2776442307692308 0.265625
10 0.7908653846153846 0.3125 0.25961538461538464 0.23798076923076922
8 0.8317307692307693 0.49278846153846156 0.11778846153846154 0.0889423076923077
4 0.7331730769230769 0.5600961538461539 0.20072115384615385 0.21634615384615385
8 0.8076923076923077 0.6454326923076923 0.11778846153846154 0.0673076923076923
8 0.7379807692307693 0.7163461538461539 0.11177884615384616 0.09134615384615384