5 0.6165865384615384 0.31009615384615385 0.49399038461538464 0.42908653846153844
15 0.33413461538461536 0.3389423076923077 0.11778846153846154 0.08052884615384616
15 0.5540865384615384 0.6009615384615384 0.09735576923076923 0.1201923076923077
15 0.42788461538461536 0.640625 0.0985576923076923 0.11057692307692307
3 0.24519230769230768 0.7151442307692307 0.06129807692307692 0.17668269230769232
14 0.3245192307692308 0.7259615384615384 0.12740384615384615 0.1814903846153846
14 0.5096153846153846 0.71875 0.2091346153846154 0.21394230769230768
14 0.6454326923076923 0.640625 0.21033653846153846 0.21153846153846154
4 0.7079326923076923 0.7295673076923077 0.16105769230769232 0.2091346153846154
4 0.35697115384615385 0.5913461538461539 0.1971153846153846 0.1045673076923077
4 0.28125 0.4831730769230769 0.19831730769230768 0.16346153846153846