2 0.6814903846153846 0.8004807692307693 0.15985576923076922 0.15264423076923078
10 0.6622596153846154 0.6586538461538461 0.22235576923076922 0.21875
10 0.5721153846153846 0.5228365384615384 0.21394230769230768 0.21995192307692307
2 0.43990384615384615 0.6838942307692307 0.11658653846153846 0.16466346153846154
2 0.3293269230769231 0.8449519230769231 0.15504807692307693 0.15745192307692307
2 0.2439903846153846 0.7055288461538461 0.10336538461538461 0.15985576923076922
3 0.11899038461538461 0.765625 0.12259615384615384 0.19110576923076922
13 0.22235576923076922 0.546875 0.34615384615384615 0.28125
10 0.43028846153846156 0.4026442307692308 0.20192307692307693 0.19471153846153846
13 0.1622596153846154 0.2860576923076923 0.2439903846153846 0.3269230769230769
13 0.7548076923076923 0.43028846153846156 0.22235576923076922 0.33413461538461536