5 0.7860576923076923 0.22596153846153846 0.4266826923076923 0.4519230769230769
5 0.28966346153846156 0.2091346153846154 0.37740384615384615 0.3798076923076923
7 0.5228365384615384 0.28846153846153844 0.1310096153846154 0.30408653846153844
7 0.3112980769230769 0.43028846153846156 0.30528846153846156 0.10817307692307693
7 0.7716346153846154 0.5588942307692307 0.24639423076923078 0.13822115384615385
7 0.7980769230769231 0.7019230769230769 0.27403846153846156 0.22596153846153846
7 0.8233173076923077 0.7980769230769231 0.22716346153846154 0.20072115384615385
4 0.1622596153846154 0.5625 0.14302884615384615 0.17668269230769232
13 0.1875 0.78125 0.25841346153846156 0.328125
5 0.49759615384615385 0.6586538461538461 0.39903846153846156 0.38100961538461536
7 0.4098557692307692 0.8725961538461539 0.24158653846153846 0.12620192307692307