5 0.6081730769230769 0.24639423076923078 0.26322115384615385 0.29927884615384615
10 0.4254807692307692 0.3401442307692308 0.2608173076923077 0.27283653846153844
10 0.24759615384615385 0.3786057692307692 0.265625 0.2932692307692308
2 0.6802884615384616 0.43990384615384615 0.15625 0.15264423076923078
2 0.5637019230769231 0.5600961538461539 0.16346153846153846 0.1622596153846154
15 0.7319711538461539 0.5540865384615384 0.1658653846153846 0.08774038461538461
15 0.7259615384615384 0.5913461538461539 0.16826923076923078 0.0829326923076923
0 0.7944711538461539 0.7259615384615384 0.11298076923076923 0.18509615384615385
0 0.6983173076923077 0.7163461538461539 0.11177884615384616 0.18629807692307693
0 0.609375 0.7319711538461539 0.11177884615384616 0.1814903846153846
6 0.41466346153846156 0.6742788461538461 0.25 0.34615384615384615
6 0.24879807692307693 0.6141826923076923 0.2620192307692308 0.3317307692307692