9 0.1658653846153846 0.20192307692307693 0.2608173076923077 0.359375
12 0.32211538461538464 0.2860576923076923 0.08052884615384616 0.12259615384615384
12 0.41586538461538464 0.23798076923076922 0.14423076923076922 0.26322115384615385
4 0.5012019230769231 0.31490384615384615 0.1502403846153846 0.2764423076923077
2 0.12379807692307693 0.5072115384615384 0.171875 0.16947115384615385
9 0.5264423076923077 0.8737980769230769 0.171875 0.18509615384615385
4 0.36177884615384615 0.6899038461538461 0.15625 0.2247596153846154
9 0.26802884615384615 0.5637019230769231 0.20072115384615385 0.1875
12 0.328125 0.4362980769230769 0.10576923076923077 0.13221153846153846
14 0.4074519230769231 0.39903846153846156 0.14302884615384615 0.22235576923076922
9 0.5721153846153846 0.5372596153846154 0.33774038461538464 0.4014423076923077
9 0.7764423076923077 0.6274038461538461 0.3016826923076923 0.3798076923076923
2 0.8737980769230769 0.33653846153846156 0.18389423076923078 0.18028846153846154
4 0.6646634615384616 0.24278846153846154 0.22956730769230768 0.2403846153846154
4 0.35096153846153844 0.9182692307692307 0.20793269230769232 0.15865384615384615