7 0.21995192307692307 0.29927884615384615 0.20673076923076922 0.22115384615384615
9 0.30408653846153844 0.2403846153846154 0.1346153846153846 0.13701923076923078
16 0.42908653846153844 0.2776442307692308 0.16826923076923078 0.24519230769230768
16 0.5588942307692307 0.2980769230769231 0.1658653846153846 0.24639423076923078
5 0.8076923076923077 0.1971153846153846 0.38341346153846156 0.38822115384615385
5 0.8353365384615384 0.5204326923076923 0.328125 0.35216346153846156
13 0.8449519230769231 0.7548076923076923 0.2980769230769231 0.19471153846153846
13 0.5925480769230769 0.8293269230769231 0.3173076923076923 0.24278846153846154
13 0.16826923076923078 0.6310096153846154 0.3293269230769231 0.3317307692307692
9 0.16466346153846154 0.8497596153846154 0.14182692307692307 0.13942307692307693
11 0.5985576923076923 0.5492788461538461 0.1658653846153846 0.13822115384615385
11 0.5997596153846154 0.6838942307692307 0.15504807692307693 0.15745192307692307
7 0.3137019230769231 0.5480769230769231 0.08774038461538461 0.3233173076923077
7 0.4026442307692308 0.5685096153846154 0.10096153846153846 0.3245192307692308
7 0.4795673076923077 0.6262019230769231 0.09735576923076923 0.32572115384615385
2 0.3557692307692308 0.7680288461538461 0.18389423076923078 0.1346153846153846
2 0.3245192307692308 0.8557692307692307 0.18269230769230768 0.14182692307692307
16 0.1502403846153846 0.3858173076923077 0.25600961538461536 0.26322115384615385