4 0.19230769230769232 0.2608173076923077 0.2512019230769231 0.19831730769230768
4 0.38221153846153844 0.27524038461538464 0.15865384615384615 0.23677884615384615
6 0.5985576923076923 0.24759615384615385 0.3401442307692308 0.3894230769230769
16 0.8810096153846154 0.40384615384615385 0.16466346153846154 0.20793269230769232
16 0.8185096153846154 0.6322115384615384 0.21995192307692307 0.16947115384615385
4 0.14543269230769232 0.4831730769230769 0.13822115384615385 0.22115384615384615
14 0.24639423076923078 0.4254807692307692 0.10096153846153846 0.24278846153846154
9 0.41466346153846156 0.44471153846153844 0.18870192307692307 0.13221153846153846
0 0.11899038461538461 0.65625 0.22956730769230768 0.1310096153846154
1 0.296875 0.5985576923076923 0.06971153846153846 0.14903846153846154
1 0.3786057692307692 0.5817307692307693 0.06490384615384616 0.14903846153846154
1 0.49158653846153844 0.5841346153846154 0.1778846153846154 0.06610576923076923
14 0.6394230769230769 0.5973557692307693 0.08413461538461539 0.24278846153846154
16 0.12259615384615384 0.8569711538461539 0.234375 0.24158653846153846
1 0.3125 0.8377403846153846 0.11057692307692307 0.171875
14 0.4831730769230769 0.7391826923076923 0.22956730769230768 0.25841346153846156
14 0.6490384615384616 0.7824519230769231 0.18509615384615385 0.1971153846153846
14 0.7932692307692307 0.8401442307692307 0.15384615384615385 0.20192307692307693