3 0.8641826923076923 0.41947115384615385 0.17427884615384615 0.17668269230769232
12 0.7463942307692307 0.4639423076923077 0.11658653846153846 0.30408653846153844
9 0.5841346153846154 0.2620192307692308 0.12740384615384615 0.13822115384615385
9 0.6526442307692307 0.6358173076923077 0.13581730769230768 0.12860576923076922
9 0.4483173076923077 0.5264423076923077 0.21995192307692307 0.21634615384615385
3 0.4699519230769231 0.6574519230769231 0.18990384615384615 0.09735576923076923
9 0.2848557692307692 0.3701923076923077 0.13822115384615385 0.13581730769230768
13 0.16947115384615385 0.2548076923076923 0.33653846153846156 0.37259615384615385
3 0.13701923076923078 0.5216346153846154 0.1935096153846154 0.09134615384615384
9 0.25841346153846156 0.734375 0.25600961538461536 0.2512019230769231
9 0.109375 0.8713942307692307 0.21875 0.23317307692307693
9 0.4735576923076923 0.8257211538461539 0.15985576923076922 0.234375
13 0.7307692307692307 0.8305288461538461 0.328125 0.2536057692307692