1 0.09735576923076923 0.36778846153846156 0.14302884615384615 0.25240384615384615
9 0.23317307692307693 0.4326923076923077 0.14423076923076922 0.22235576923076922
9 0.39663461538461536 0.4795673076923077 0.11658653846153846 0.21514423076923078
1 0.3233173076923077 0.171875 0.25961538461538464 0.203125
1 0.4963942307692308 0.3545673076923077 0.15264423076923078 0.2403846153846154
2 0.6201923076923077 0.4098557692307692 0.09014423076923077 0.20793269230769232
1 0.5480769230769231 0.5048076923076923 0.15264423076923078 0.09014423076923077
1 0.4951923076923077 0.6538461538461539 0.09975961538461539 0.14783653846153846
1 0.6370192307692307 0.7536057692307693 0.04807692307692308 0.16346153846153846
9 0.7307692307692307 0.6021634615384616 0.19951923076923078 0.1814903846153846
2 0.7896634615384616 0.7379807692307693 0.17427884615384615 0.16105769230769232
12 0.5420673076923077 0.6887019230769231 0.20432692307692307 0.3137019230769231
9 0.390625 0.8737980769230769 0.1814903846153846 0.14783653846153846
2 0.2848557692307692 0.7127403846153846 0.1622596153846154 0.10336538461538461
2 0.1814903846153846 0.5973557692307693 0.15865384615384615 0.1622596153846154
8 0.10697115384615384 0.6850961538461539 0.11778846153846154 0.1310096153846154