10 0.8149038461538461 0.8317307692307693 0.29086538461538464 0.3076923076923077
10 0.9050480769230769 0.59375 0.18509615384615385 0.23677884615384615
15 0.6610576923076923 0.7536057692307693 0.057692307692307696 0.17307692307692307
4 0.7463942307692307 0.5865384615384616 0.16346153846153846 0.22716346153846154
4 0.8509615384615384 0.3701923076923077 0.24879807692307693 0.24519230769230768
0 0.6322115384615384 0.5348557692307693 0.09975961538461539 0.1622596153846154
14 0.5492788461538461 0.6875 0.20793269230769232 0.17307692307692307
0 0.5372596153846154 0.5144230769230769 0.12379807692307693 0.2764423076923077
16 0.6911057692307693 0.3004807692307692 0.25600961538461536 0.22956730769230768
0 0.38461538461538464 0.6021634615384616 0.0889423076923077 0.16346153846153846
14 0.24519230769230768 0.6574519230769231 0.21514423076923078 0.18509615384615385
0 0.36778846153846156 0.4495192307692308 0.15745192307692307 0.15625
16 0.4831730769230769 0.21514423076923078 0.22956730769230768 0.29447115384615385
16 0.3112980769230769 0.27403846153846156 0.18509615384615385 0.23317307692307693
2 0.18028846153846154 0.5216346153846154 0.15144230769230768 0.15865384615384615
16 0.17668269230769232 0.33533653846153844 0.21634615384615385 0.25