5 0.2439903846153846 0.19230769230769232 0.41466346153846156 0.3798076923076923
13 0.203125 0.40024038461538464 0.25600961538461536 0.19471153846153846
5 0.19230769230769232 0.6490384615384616 0.3798076923076923 0.4170673076923077
2 0.3870192307692308 0.5168269230769231 0.12139423076923077 0.16947115384615385
16 0.5504807692307693 0.08774038461538461 0.19951923076923078 0.16706730769230768
2 0.5637019230769231 0.23677884615384615 0.1201923076923077 0.17427884615384615
11 0.4567307692307692 0.31850961538461536 0.0829326923076923 0.12860576923076922
11 0.5324519230769231 0.37740384615384615 0.125 0.0733173076923077
16 0.59375 0.47475961538461536 0.19831730769230768 0.14302884615384615
13 0.8221153846153846 0.41466346153846156 0.3112980769230769 0.28125
6 0.7728365384615384 0.2644230769230769 0.265625 0.203125
1 0.8233173076923077 0.5853365384615384 0.24759615384615385 0.18629807692307693
1 0.43990384615384615 0.6935096153846154 0.12860576923076922 0.23317307692307693
14 0.5637019230769231 0.7163461538461539 0.21033653846153846 0.33774038461538464
5 0.7463942307692307 0.7824519230769231 0.46875 0.4254807692307692