13 0.30288461538461536 0.296875 0.3401442307692308 0.3016826923076923
13 0.6802884615384616 0.203125 0.2956730769230769 0.24278846153846154
7 0.6682692307692307 0.41947115384615385 0.328125 0.18870192307692307
7 0.7355769230769231 0.6418269230769231 0.27884615384615385 0.26802884615384615
7 0.6418269230769231 0.6730769230769231 0.28846153846153844 0.2620192307692308
4 0.46634615384615385 0.4266826923076923 0.2091346153846154 0.18870192307692307
4 0.5 0.5060096153846154 0.19110576923076922 0.17427884615384615
4 0.3701923076923077 0.5769230769230769 0.2247596153846154 0.24759615384615385
4 0.2127403846153846 0.5600961538461539 0.22115384615384615 0.2512019230769231
11 0.7043269230769231 0.5144230769230769 0.13701923076923078 0.10096153846153846
11 0.796875 0.5973557692307693 0.12740384615384615 0.1201923076923077
11 0.7524038461538461 0.8689903846153846 0.125 0.1502403846153846
8 0.8810096153846154 0.6334134615384616 0.1045673076923077 0.11298076923076923
8 0.359375 0.8701923076923077 0.11899038461538461 0.08653846153846154
12 0.5336538461538461 0.7091346153846154 0.1658653846153846 0.11658653846153846
12 0.41466346153846156 0.7680288461538461 0.2776442307692308 0.22956730769230768
7 0.578125 0.8221153846153846 0.17067307692307693 0.15144230769230768
9 0.27283653846153844 0.7836538461538461 0.18990384615384615 0.18389423076923078