9 0.6598557692307693 0.16706730769230768 0.1658653846153846 0.19591346153846154
9 0.5552884615384616 0.5733173076923077 0.17067307692307693 0.18509615384615385
9 0.5 0.19471153846153846 0.21754807692307693 0.17548076923076922
0 0.4254807692307692 0.5745192307692307 0.11658653846153846 0.16105769230769232
0 0.29447115384615385 0.6598557692307693 0.11778846153846154 0.171875
2 0.6658653846153846 0.8185096153846154 0.16826923076923078 0.20072115384615385
2 0.5324519230769231 0.8125 0.14182692307692307 0.1935096153846154
2 0.19110576923076922 0.6995192307692307 0.15144230769230768 0.1875
3 0.46153846153846156 0.7512019230769231 0.11778846153846154 0.171875
3 0.3545673076923077 0.6274038461538461 0.06370192307692307 0.1778846153846154
16 0.28125 0.43990384615384615 0.20192307692307693 0.23076923076923078