15 0.6117788461538461 0.20072115384615385 0.09495192307692307 0.1201923076923077
15 0.5661057692307693 0.2824519230769231 0.09375 0.11778846153846154
15 0.5096153846153846 0.5973557692307693 0.08173076923076923 0.12259615384615384
16 0.15985576923076922 0.29927884615384615 0.16706730769230768 0.2848557692307692
16 0.3425480769230769 0.8617788461538461 0.29447115384615385 0.20432692307692307
0 0.7848557692307693 0.5865384615384616 0.10697115384615384 0.3485576923076923
0 0.4266826923076923 0.4362980769230769 0.21033653846153846 0.33413461538461536
2 0.5637019230769231 0.49399038461538464 0.125 0.1658653846153846
2 0.30288461538461536 0.4735576923076923 0.17668269230769232 0.19110576923076922
1 0.6298076923076923 0.6225961538461539 0.11899038461538461 0.12259615384615384
0 0.38461538461538464 0.6935096153846154 0.27283653846153844 0.18269230769230768