1 0.75 0.6081730769230769 0.11177884615384616 0.11778846153846154
3 0.7956730769230769 0.38822115384615385 0.10096153846153846 0.203125
3 0.7439903846153846 0.3918269230769231 0.10096153846153846 0.1971153846153846
3 0.6610576923076923 0.4699519230769231 0.17548076923076922 0.15384615384615385
0 0.6177884615384616 0.5348557692307693 0.16947115384615385 0.21995192307692307
2 0.6430288461538461 0.36899038461538464 0.15264423076923078 0.0985576923076923
0 0.5805288461538461 0.6237980769230769 0.16947115384615385 0.27403846153846156
1 0.4326923076923077 0.7163461538461539 0.06370192307692307 0.14423076923076922
1 0.33653846153846156 0.71875 0.055288461538461536 0.1502403846153846
0 0.47115384615384615 0.6153846153846154 0.171875 0.27163461538461536
2 0.4326923076923077 0.4230769230769231 0.15625 0.14423076923076922
2 0.33413461538461536 0.5024038461538461 0.09134615384615384 0.15144230769230768