10 0.8100961538461539 0.8028846153846154 0.16947115384615385 0.16706730769230768
16 0.7728365384615384 0.33413461538461536 0.25240384615384615 0.3125
16 0.6983173076923077 0.5961538461538461 0.22716346153846154 0.31850961538461536
9 0.5 0.25600961538461536 0.21634615384615385 0.14783653846153846
3 0.43509615384615385 0.3942307692307692 0.1502403846153846 0.21514423076923078
12 0.4987980769230769 0.5889423076923077 0.140625 0.2800480769230769
2 0.3161057692307692 0.5444711538461539 0.10817307692307693 0.12860576923076922
14 0.26322115384615385 0.4855769230769231 0.0733173076923077 0.24759615384615385
3 0.203125 0.5420673076923077 0.08653846153846154 0.2091346153846154
1 0.14783653846153846 0.5336538461538461 0.0625 0.15144230769230768
9 0.125 0.35336538461538464 0.19831730769230768 0.20432692307692307
1 0.09375 0.6478365384615384 0.0625 0.14783653846153846
4 0.17427884615384615 0.7956730769230769 0.1502403846153846 0.21634615384615385
4 0.3245192307692308 0.6490384615384616 0.2091346153846154 0.140625
10 0.3088942307692308 0.7980769230769231 0.17067307692307693 0.17427884615384615
1 0.46274038461538464 0.8100961538461539 0.0625 0.15865384615384615
4 0.6057692307692307 0.7692307692307693 0.2439903846153846 0.23197115384615385