16 0.31971153846153844 0.3798076923076923 0.16947115384615385 0.23197115384615385
7 0.4170673076923077 0.4098557692307692 0.09375 0.23677884615384615
0 0.5132211538461539 0.4182692307692308 0.08774038461538461 0.27884615384615385
3 0.6550480769230769 0.4170673076923077 0.14423076923076922 0.18269230769230768
3 0.6466346153846154 0.5180288461538461 0.17548076923076922 0.06971153846153846
4 0.7475961538461539 0.3762019230769231 0.18990384615384615 0.23798076923076922
16 0.7439903846153846 0.6682692307692307 0.19230769230769232 0.2548076923076923
3 0.6189903846153846 0.7608173076923077 0.11658653846153846 0.1935096153846154
3 0.5625 0.6201923076923077 0.11899038461538461 0.18870192307692307
3 0.4639423076923077 0.6670673076923077 0.11057692307692307 0.1971153846153846
3 0.328125 0.6538461538461539 0.11298076923076923 0.19951923076923078
10 0.390625 0.6117788461538461 0.1466346153846154 0.19110576923076922