11 0.7427884615384616 0.18629807692307693 0.11057692307692307 0.14543269230769232
11 0.8485576923076923 0.1971153846153846 0.09254807692307693 0.13942307692307693
4 0.7836538461538461 0.3701923076923077 0.18629807692307693 0.2548076923076923
12 0.8545673076923077 0.5709134615384616 0.17548076923076922 0.19110576923076922
12 0.7391826923076923 0.5072115384615384 0.2247596153846154 0.28966346153846156
4 0.6826923076923077 0.5877403846153846 0.21995192307692307 0.26802884615384615
12 0.6923076923076923 0.7247596153846154 0.28725961538461536 0.24639423076923078
4 0.41586538461538464 0.8064903846153846 0.2620192307692308 0.25600961538461536
12 0.3269230769230769 0.7103365384615384 0.12259615384615384 0.15985576923076922
13 0.5492788461538461 0.6129807692307693 0.35096153846153844 0.359375
12 0.1875 0.6670673076923077 0.21153846153846154 0.3581730769230769
13 0.31490384615384615 0.5348557692307693 0.3605769230769231 0.38822115384615385
5 0.3581730769230769 0.34134615384615385 0.40384615384615385 0.2860576923076923
14 0.4266826923076923 0.18269230769230768 0.20192307692307693 0.20552884615384615
13 0.5745192307692307 0.3245192307692308 0.3112980769230769 0.38822115384615385