4 0.6862980769230769 0.7007211538461539 0.19230769230769232 0.19110576923076922
15 0.578125 0.8137019230769231 0.10216346153846154 0.11057692307692307
4 0.5973557692307693 0.6550480769230769 0.17548076923076922 0.21153846153846154
4 0.4362980769230769 0.7175480769230769 0.16105769230769232 0.21634615384615385
15 0.5396634615384616 0.5396634615384616 0.18990384615384615 0.18990384615384615
15 0.3918269230769231 0.5252403846153846 0.17908653846153846 0.19110576923076922
12 0.24158653846153846 0.5240384615384616 0.1971153846153846 0.3088942307692308
12 0.1971153846153846 0.6057692307692307 0.18870192307692307 0.30288461538461536
15 0.6658653846153846 0.453125 0.15985576923076922 0.18028846153846154
11 0.6165865384615384 0.3173076923076923 0.12379807692307693 0.15625
0 0.47836538461538464 0.3389423076923077 0.13341346153846154 0.17067307692307693
11 0.25600961538461536 0.29447115384615385 0.14423076923076922 0.16346153846153846
10 0.40024038461538464 0.21153846153846154 0.2956730769230769 0.29447115384615385