7 0.625 0.3737980769230769 0.16947115384615385 0.2512019230769231
7 0.5805288461538461 0.5841346153846154 0.1141826923076923 0.3425480769230769
11 0.6826923076923077 0.5456730769230769 0.1310096153846154 0.10336538461538461
1 0.7536057692307693 0.6574519230769231 0.12740384615384615 0.17548076923076922
1 0.7475961538461539 0.7295673076923077 0.12259615384615384 0.16826923076923078
1 0.8569711538461539 0.6177884615384616 0.15625 0.15745192307692307
15 0.6875 0.8401442307692307 0.20072115384615385 0.26322115384615385
15 0.828125 0.8713942307692307 0.23798076923076922 0.13581730769230768
15 0.6430288461538461 0.6850961538461539 0.20072115384615385 0.22235576923076922
7 0.46634615384615385 0.5889423076923077 0.1658653846153846 0.1658653846153846
4 0.4110576923076923 0.7487980769230769 0.25600961538461536 0.22115384615384615
4 0.23076923076923078 0.7764423076923077 0.19471153846153846 0.2536057692307692
4 0.20432692307692307 0.5769230769230769 0.24639423076923078 0.1875
4 0.15745192307692307 0.3918269230769231 0.24639423076923078 0.171875
4 0.3918269230769231 0.3870192307692308 0.24759615384615385 0.265625