16 0.1346153846153846 0.3581730769230769 0.19831730769230768 0.29927884615384615
14 0.2439903846153846 0.4182692307692308 0.07211538461538461 0.24759615384615385
14 0.30408653846153844 0.4495192307692308 0.0733173076923077 0.24759615384615385
14 0.36778846153846156 0.4206730769230769 0.07451923076923077 0.24519230769230768
13 0.4795673076923077 0.21153846153846154 0.3401442307692308 0.28846153846153844
16 0.484375 0.4483173076923077 0.15504807692307693 0.23317307692307693
16 0.21394230769230768 0.6358173076923077 0.23677884615384615 0.17307692307692307
16 0.4338942307692308 0.6286057692307693 0.23557692307692307 0.17908653846153846
12 0.5661057692307693 0.6466346153846154 0.10576923076923077 0.3112980769230769
7 0.65625 0.5276442307692307 0.13701923076923078 0.33052884615384615
13 0.8125 0.5829326923076923 0.2536057692307692 0.3293269230769231
12 0.3125 0.7367788461538461 0.3088942307692308 0.09254807692307693
7 0.2704326923076923 0.8305288461538461 0.3389423076923077 0.09014423076923077
7 0.5925480769230769 0.8449519230769231 0.27403846153846156 0.27163461538461536