16 0.21514423076923078 0.3137019230769231 0.28966346153846156 0.28846153846153844
11 0.11298076923076923 0.5336538461538461 0.09975961538461539 0.12860576923076922
2 0.20793269230769232 0.5288461538461539 0.15264423076923078 0.1622596153846154
13 0.2439903846153846 0.6622596153846154 0.36778846153846156 0.31009615384615385
2 0.43990384615384615 0.41346153846153844 0.18870192307692307 0.17908653846153846
16 0.484375 0.5649038461538461 0.28365384615384615 0.1658653846153846
13 0.421875 0.8100961538461539 0.38461538461538464 0.3545673076923077
6 0.7716346153846154 0.27524038461538464 0.3798076923076923 0.40865384615384615
11 0.5949519230769231 0.3425480769230769 0.11899038461538461 0.11177884615384616
2 0.640625 0.421875 0.1875 0.18269230769230768
10 0.6538461538461539 0.6887019230769231 0.21514423076923078 0.19471153846153846
10 0.8221153846153846 0.7776442307692307 0.20192307692307693 0.23677884615384615