2 0.6574519230769231 0.4326923076923077 0.13581730769230768 0.1778846153846154
0 0.5336538461538461 0.44471153846153844 0.10216346153846154 0.16947115384615385
6 0.8305288461538461 0.6682692307692307 0.2283653846153846 0.31971153846153844
0 0.6730769230769231 0.6802884615384616 0.16947115384615385 0.171875
11 0.484375 0.6646634615384616 0.1502403846153846 0.19471153846153846
12 0.41346153846153844 0.8028846153846154 0.171875 0.09735576923076923
2 0.3545673076923077 0.6478365384615384 0.19591346153846154 0.14783653846153846
6 0.40865384615384615 0.3112980769230769 0.28365384615384615 0.3161057692307692
11 0.19110576923076922 0.43509615384615385 0.21394230769230768 0.15384615384615385
2 0.12740384615384615 0.3449519230769231 0.21514423076923078 0.17427884615384615
11 0.25600961538461536 0.7139423076923077 0.21033653846153846 0.12259615384615384
8 0.1310096153846154 0.7079326923076923 0.12620192307692307 0.125