4 0.27524038461538464 0.3737980769230769 0.22355769230769232 0.18509615384615385
4 0.8052884615384616 0.43149038461538464 0.16826923076923078 0.14423076923076922
11 0.6478365384615384 0.5841346153846154 0.16706730769230768 0.15865384615384615
11 0.5600961538461539 0.6622596153846154 0.11057692307692307 0.15745192307692307
4 0.6550480769230769 0.8725961538461539 0.17427884615384615 0.16826923076923078
4 0.42908653846153844 0.7211538461538461 0.23197115384615385 0.19831730769230768
15 0.35697115384615385 0.5997596153846154 0.04326923076923077 0.12379807692307693
15 0.2692307692307692 0.6466346153846154 0.1201923076923077 0.04447115384615385
4 0.234375 0.5360576923076923 0.12379807692307693 0.1466346153846154
15 0.08533653846153846 0.5649038461538461 0.13822115384615385 0.16105769230769232
4 0.23197115384615385 0.7692307692307693 0.24158653846153846 0.17307692307692307