14 0.33533653846153844 0.45913461538461536 0.21153846153846154 0.22956730769230768
14 0.5733173076923077 0.296875 0.23197115384615385 0.1875
14 0.2932692307692308 0.6670673076923077 0.2439903846153846 0.23918269230769232
14 0.7163461538461539 0.4110576923076923 0.21394230769230768 0.2247596153846154
14 0.8846153846153846 0.4675480769230769 0.20192307692307693 0.2127403846153846
14 0.5204326923076923 0.8509615384615384 0.203125 0.20673076923076922
2 0.5060096153846154 0.44711538461538464 0.16947115384615385 0.14182692307692307
2 0.6598557692307693 0.5144230769230769 0.18870192307692307 0.18028846153846154
2 0.5697115384615384 0.5564903846153846 0.12379807692307693 0.1201923076923077
2 0.4543269230769231 0.59375 0.09375 0.12980769230769232
2 0.5300480769230769 0.6394230769230769 0.0889423076923077 0.12740384615384615
7 0.6237980769230769 0.7019230769230769 0.1814903846153846 0.15985576923076922
7 0.4266826923076923 0.7331730769230769 0.17067307692307693 0.14783653846153846
4 0.65625 0.7884615384615384 0.15504807692307693 0.15625
3 0.7259615384615384 0.6490384615384616 0.06490384615384616 0.19471153846153846
16 0.7956730769230769 0.6430288461538461 0.1045673076923077 0.07451923076923077
16 0.8762019230769231 0.6418269230769231 0.0829326923076923 0.10216346153846154
16 0.8185096153846154 0.734375 0.11658653846153846 0.09375