10 0.21754807692307693 0.14783653846153846 0.22596153846153846 0.2091346153846154
10 0.203125 0.36177884615384615 0.2091346153846154 0.19831730769230768
5 0.4651442307692308 0.3870192307692308 0.30288461538461536 0.39302884615384615
5 0.7199519230769231 0.3605769230769231 0.3112980769230769 0.39302884615384615
11 0.1778846153846154 0.5552884615384616 0.20192307692307693 0.15985576923076922
0 0.34134615384615385 0.7115384615384616 0.3798076923076923 0.21394230769230768
6 0.6201923076923077 0.6346153846153846 0.21634615384615385 0.2644230769230769
10 0.8052884615384616 0.6177884615384616 0.20673076923076922 0.20673076923076922
11 0.35216346153846156 0.8401442307692307 0.17908653846153846 0.18269230769230768
6 0.5769230769230769 0.8569711538461539 0.31490384615384615 0.23918269230769232
11 0.7403846153846154 0.7872596153846154 0.17067307692307693 0.1622596153846154