13 0.7367788461538461 0.21033653846153846 0.25961538461538464 0.30408653846153844
9 0.6875 0.49278846153846156 0.19471153846153846 0.14783653846153846
8 0.5564903846153846 0.46033653846153844 0.1201923076923077 0.11778846153846154
9 0.5697115384615384 0.5985576923076923 0.18269230769230768 0.13341346153846154
4 0.4675480769230769 0.484375 0.16466346153846154 0.15865384615384615
8 0.40865384615384615 0.38822115384615385 0.13942307692307693 0.13822115384615385
12 0.3641826923076923 0.3401442307692308 0.15264423076923078 0.13581730769230768
8 0.28846153846153844 0.3137019230769231 0.125 0.12379807692307693
8 0.20673076923076922 0.2848557692307692 0.12379807692307693 0.14182692307692307
9 0.24158653846153846 0.49278846153846156 0.14543269230769232 0.19230769230769232
9 0.3737980769230769 0.5204326923076923 0.18990384615384615 0.19471153846153846
9 0.38822115384615385 0.6298076923076923 0.20192307692307693 0.1778846153846154
2 0.21995192307692307 0.6730769230769231 0.1935096153846154 0.18269230769230768
3 0.5012019230769231 0.7560096153846154 0.09495192307692307 0.20793269230769232
3 0.43149038461538464 0.7944711538461539 0.12740384615384615 0.1971153846153846
4 0.2127403846153846 0.8545673076923077 0.1502403846153846 0.12860576923076922
3 0.7728365384615384 0.6346153846153846 0.2091346153846154 0.09254807692307693
13 0.8076923076923077 0.8581730769230769 0.3293269230769231 0.27403846153846156