4 0.6911057692307693 0.39903846153846156 0.1466346153846154 0.1466346153846154
7 0.4651442307692308 0.43509615384615385 0.32091346153846156 0.13942307692307693
4 0.1658653846153846 0.5384615384615384 0.1502403846153846 0.22235576923076922
16 0.18269230769230768 0.7884615384615384 0.20673076923076922 0.27283653846153844
14 0.3581730769230769 0.7439903846153846 0.24158653846153846 0.12259615384615384
2 0.4879807692307692 0.6862980769230769 0.14903846153846154 0.0985576923076923
5 0.78125 0.6971153846153846 0.3605769230769231 0.46153846153846156
6 0.19831730769230768 0.17908653846153846 0.19471153846153846 0.3076923076923077
11 0.15144230769230768 0.39903846153846156 0.13581730769230768 0.0673076923076923
6 0.33413461538461536 0.19951923076923078 0.17548076923076922 0.29927884615384615
11 0.30649038461538464 0.3737980769230769 0.1310096153846154 0.06971153846153846
6 0.5480769230769231 0.28365384615384615 0.2956730769230769 0.22716346153846154
5 0.8353365384615384 0.3137019230769231 0.3269230769230769 0.4326923076923077
7 0.38822115384615385 0.53125 0.32091346153846156 0.1502403846153846
7 0.5216346153846154 0.578125 0.32091346153846156 0.14783653846153846
4 0.41586538461538464 0.8677884615384616 0.24879807692307693 0.21875
2 0.5552884615384616 0.7860576923076923 0.15745192307692307 0.109375
2 0.6105769230769231 0.6814903846153846 0.11057692307692307 0.16346153846153846