16 0.43149038461538464 0.14302884615384615 0.2764423076923077 0.17548076923076922
16 0.23798076923076922 0.6514423076923077 0.203125 0.33533653846153844
10 0.6790865384615384 0.2548076923076923 0.2764423076923077 0.3161057692307692
10 0.8617788461538461 0.5649038461538461 0.2608173076923077 0.2692307692307692
10 0.6706730769230769 0.828125 0.265625 0.2536057692307692
13 0.24519230769230768 0.8774038461538461 0.39302884615384615 0.2439903846153846
7 0.4495192307692308 0.265625 0.17427884615384615 0.11778846153846154
7 0.3713942307692308 0.3401442307692308 0.19471153846153846 0.14302884615384615
7 0.6778846153846154 0.5600961538461539 0.17307692307692307 0.17427884615384615
4 0.18629807692307693 0.2668269230769231 0.16466346153846154 0.24278846153846154
4 0.6033653846153846 0.41586538461538464 0.24158653846153846 0.2247596153846154
0 0.34975961538461536 0.42908653846153844 0.15504807692307693 0.13341346153846154
10 0.49278846153846156 0.5504807692307693 0.21754807692307693 0.2548076923076923
16 0.12980769230769232 0.5709134615384616 0.13942307692307693 0.1346153846153846
16 0.4963942307692308 0.8473557692307693 0.13822115384615385 0.13942307692307693
4 0.36538461538461536 0.6141826923076923 0.15144230769230768 0.29086538461538464
4 0.6370192307692307 0.6730769230769231 0.3125 0.19591346153846154
4 0.8798076923076923 0.2620192307692308 0.2403846153846154 0.28125