10 0.5913461538461539 0.3605769230769231 0.20793269230769232 0.19471153846153846
4 0.1346153846153846 0.28966346153846156 0.21514423076923078 0.25841346153846156
4 0.5829326923076923 0.7848557692307693 0.22956730769230768 0.18389423076923078
6 0.7596153846153846 0.5432692307692307 0.4026442307692308 0.40865384615384615
16 0.43149038461538464 0.4074519230769231 0.11057692307692307 0.11658653846153846
16 0.3161057692307692 0.5252403846153846 0.10576923076923077 0.11538461538461539
16 0.21514423076923078 0.5144230769230769 0.11177884615384616 0.09014423076923077
0 0.11057692307692307 0.6213942307692307 0.17668269230769232 0.10096153846153846
0 0.21875 0.7259615384615384 0.13581730769230768 0.17067307692307693
10 0.5120192307692307 0.6610576923076923 0.19110576923076922 0.14302884615384615
10 0.4795673076923077 0.5216346153846154 0.18870192307692307 0.14783653846153846
5 0.8125 0.8509615384615384 0.2704326923076923 0.20072115384615385
0 0.3485576923076923 0.7235576923076923 0.15745192307692307 0.23677884615384615