7 0.23197115384615385 0.2800480769230769 0.10096153846153846 0.33052884615384615
0 0.328125 0.23557692307692307 0.09495192307692307 0.17067307692307693
9 0.32572115384615385 0.39663461538461536 0.13822115384615385 0.1346153846153846
14 0.40625 0.2620192307692308 0.0733173076923077 0.2439903846153846
14 0.4735576923076923 0.22235576923076922 0.07211538461538461 0.24639423076923078
14 0.5300480769230769 0.25841346153846156 0.08653846153846154 0.24278846153846154
5 0.7680288461538461 0.3401442307692308 0.4230769230769231 0.5048076923076923
4 0.5504807692307693 0.4423076923076923 0.25 0.21514423076923078
11 0.15865384615384615 0.5552884615384616 0.06971153846153846 0.12620192307692307
11 0.3112980769230769 0.6310096153846154 0.12740384615384615 0.08052884615384616
0 0.4579326923076923 0.6346153846153846 0.13701923076923078 0.23557692307692307
9 0.23557692307692307 0.765625 0.15144230769230768 0.14783653846153846
0 0.3701923076923077 0.78125 0.11057692307692307 0.2439903846153846
5 0.6370192307692307 0.7764423076923077 0.32572115384615385 0.44591346153846156