13 0.7259615384615384 0.26802884615384615 0.29447115384615385 0.31009615384615385
13 0.4519230769230769 0.32211538461538464 0.3161057692307692 0.27524038461538464
13 0.2512019230769231 0.5060096153846154 0.22115384615384615 0.2824519230769231
16 0.2764423076923077 0.7307692307692307 0.14543269230769232 0.20673076923076922
12 0.40865384615384615 0.7163461538461539 0.12259615384615384 0.13942307692307693
1 0.4182692307692308 0.8221153846153846 0.22115384615384615 0.13942307692307693
1 0.6213942307692307 0.8197115384615384 0.21033653846153846 0.12259615384615384
1 0.7079326923076923 0.7487980769230769 0.24278846153846154 0.17067307692307693
14 0.8389423076923077 0.8425480769230769 0.19591346153846154 0.19831730769230768
7 0.42788461538461536 0.6237980769230769 0.25721153846153844 0.28725961538461536
7 0.4963942307692308 0.5733173076923077 0.2548076923076923 0.2848557692307692
7 0.5865384615384616 0.5516826923076923 0.2512019230769231 0.28365384615384615
2 0.6778846153846154 0.5 0.17668269230769232 0.17427884615384615
4 0.8257211538461539 0.46875 0.2091346153846154 0.14182692307692307
4 0.7884615384615384 0.5985576923076923 0.17067307692307693 0.2091346153846154
3 0.8269230769230769 0.6682692307692307 0.1778846153846154 0.19471153846153846
3 0.9146634615384616 0.6778846153846154 0.16826923076923078 0.19831730769230768