13 0.16706730769230768 0.20432692307692307 0.3161057692307692 0.31850961538461536
13 0.20552884615384615 0.4170673076923077 0.3293269230769231 0.3173076923076923
4 0.5709134615384616 0.17908653846153846 0.24639423076923078 0.22235576923076922
7 0.5973557692307693 0.28966346153846156 0.3004807692307692 0.21514423076923078
1 0.42908653846153844 0.421875 0.08653846153846154 0.17307692307692307
1 0.41225961538461536 0.5372596153846154 0.16706730769230768 0.08533653846153846
7 0.6862980769230769 0.5889423076923077 0.2848557692307692 0.23798076923076922
1 0.6081730769230769 0.7596153846153846 0.04567307692307692 0.171875
4 0.3786057692307692 0.7367788461538461 0.2247596153846154 0.2668269230769231
12 0.203125 0.7403846153846154 0.2824519230769231 0.19591346153846154
12 0.46033653846153844 0.8629807692307693 0.11658653846153846 0.24879807692307693