5 0.23197115384615385 0.3545673076923077 0.3401442307692308 0.5048076923076923
5 0.46634615384615385 0.2956730769230769 0.35096153846153844 0.4795673076923077
16 0.6730769230769231 0.29447115384615385 0.1778846153846154 0.25240384615384615
16 0.8016826923076923 0.33052884615384615 0.17307692307692307 0.24639423076923078
0 0.234375 0.6394230769230769 0.11057692307692307 0.24759615384615385
2 0.3701923076923077 0.6778846153846154 0.16706730769230768 0.171875
2 0.47115384615384615 0.6117788461538461 0.16346153846153846 0.1201923076923077
2 0.5985576923076923 0.5528846153846154 0.171875 0.15264423076923078
7 0.7824519230769231 0.49759615384615385 0.2620192307692308 0.14182692307692307
7 0.78125 0.5853365384615384 0.25841346153846156 0.14182692307692307
6 0.515625 0.7788461538461539 0.33413461538461536 0.3245192307692308
6 0.6862980769230769 0.6959134615384616 0.28966346153846156 0.23677884615384615
3 0.7379807692307693 0.8293269230769231 0.12740384615384615 0.20192307692307693