3 0.2283653846153846 0.23798076923076922 0.14182692307692307 0.20192307692307693
14 0.4266826923076923 0.2848557692307692 0.27884615384615385 0.22956730769230768
7 0.3798076923076923 0.3894230769230769 0.3425480769230769 0.14903846153846154
2 0.14302884615384615 0.4338942307692308 0.12860576923076922 0.16947115384615385
4 0.3161057692307692 0.49759615384615385 0.17067307692307693 0.15865384615384615
14 0.2824519230769231 0.6418269230769231 0.2860576923076923 0.265625
12 0.7055288461538461 0.5216346153846154 0.32091346153846156 0.21514423076923078
1 0.42908653846153844 0.5120192307692307 0.11658653846153846 0.12620192307692307
14 0.5096153846153846 0.6971153846153846 0.2536057692307692 0.28365384615384615
4 0.6694711538461539 0.6682692307692307 0.14543269230769232 0.13341346153846154
3 0.7692307692307693 0.7331730769230769 0.1935096153846154 0.16947115384615385