10 0.3389423076923077 0.39663461538461536 0.21875 0.20192307692307693
10 0.5168269230769231 0.30288461538461536 0.22235576923076922 0.2620192307692308
10 0.6947115384615384 0.21634615384615385 0.23317307692307693 0.25240384615384615
0 0.6682692307692307 0.3605769230769231 0.16947115384615385 0.14543269230769232
0 0.5805288461538461 0.4795673076923077 0.15384615384615385 0.1622596153846154
9 0.8737980769230769 0.33653846153846156 0.1935096153846154 0.17908653846153846
9 0.890625 0.5817307692307693 0.1875 0.17307692307692307
14 0.46634615384615385 0.515625 0.20793269230769232 0.21033653846153846
14 0.34375 0.5805288461538461 0.21995192307692307 0.23076923076923078
10 0.24519230769230768 0.7463942307692307 0.15865384615384615 0.19591346153846154
0 0.3798076923076923 0.8173076923076923 0.11057692307692307 0.18028846153846154
7 0.4723557692307692 0.8028846153846154 0.12740384615384615 0.31009615384615385
7 0.5625 0.7415865384615384 0.13341346153846154 0.3137019230769231
7 0.6995192307692307 0.5516826923076923 0.2439903846153846 0.29086538461538464
7 0.7247596153846154 0.6490384615384616 0.1935096153846154 0.29086538461538464
8 0.8353365384615384 0.6983173076923077 0.09615384615384616 0.0889423076923077
8 0.7788461538461539 0.7487980769230769 0.06490384615384616 0.10697115384615384
8 0.7199519230769231 0.7932692307692307 0.0673076923076923 0.10697115384615384