6 0.18509615384615385 0.3329326923076923 0.18269230769230768 0.2980769230769231
5 0.5913461538461539 0.2932692307692308 0.34134615384615385 0.39903846153846156
5 0.38822115384615385 0.3545673076923077 0.3701923076923077 0.3473557692307692
5 0.5444711538461539 0.47475961538461536 0.38221153846153844 0.234375
9 0.8377403846153846 0.30528846153846156 0.2091346153846154 0.21153846153846154
6 0.3137019230769231 0.5180288461538461 0.30408653846153844 0.19951923076923078
6 0.3161057692307692 0.6370192307692307 0.28725961538461536 0.25240384615384615
10 0.7992788461538461 0.5348557692307693 0.14543269230769232 0.14182692307692307
10 0.5168269230769231 0.6490384615384616 0.13942307692307693 0.13942307692307693
10 0.6778846153846154 0.734375 0.13822115384615385 0.14182692307692307
3 0.8629807692307693 0.5216346153846154 0.08173076923076923 0.19951923076923078
1 0.8173076923076923 0.6754807692307693 0.13581730769230768 0.12860576923076922
15 0.45552884615384615 0.7451923076923077 0.056490384615384616 0.13942307692307693
15 0.49399038461538464 0.7752403846153846 0.04927884615384615 0.13221153846153846
1 0.7319711538461539 0.7235576923076923 0.054086538461538464 0.12980769230769232