9 0.7427884615384616 0.6658653846153846 0.17668269230769232 0.18870192307692307
8 0.4807692307692308 0.38100961538461536 0.1141826923076923 0.09014423076923077
1 0.36658653846153844 0.4266826923076923 0.13581730769230768 0.039663461538461536
1 0.4831730769230769 0.5216346153846154 0.14182692307692307 0.05889423076923077
8 0.5925480769230769 0.6790865384615384 0.1045673076923077 0.08533653846153846
9 0.25600961538461536 0.5204326923076923 0.14783653846153846 0.18629807692307693
8 0.2776442307692308 0.6201923076923077 0.11298076923076923 0.10817307692307693
15 0.4326923076923077 0.6045673076923077 0.11658653846153846 0.07451923076923077
1 0.39302884615384615 0.6346153846153846 0.125 0.09975961538461539
1 0.37740384615384615 0.7127403846153846 0.2091346153846154 0.20192307692307693
1 0.6790865384615384 0.5264423076923077 0.20432692307692307 0.1875