9 0.33653846153846156 0.44471153846153844 0.3293269230769231 0.4254807692307692
13 0.6706730769230769 0.3269230769230769 0.3269230769230769 0.29447115384615385
4 0.8317307692307693 0.45913461538461536 0.1502403846153846 0.20673076923076922
4 0.8137019230769231 0.5817307692307693 0.15384615384615385 0.15745192307692307
10 0.6730769230769231 0.49158653846153844 0.20432692307692307 0.20072115384615385
10 0.49759615384615385 0.5733173076923077 0.1971153846153846 0.19951923076923078
14 0.7211538461538461 0.6983173076923077 0.20432692307692307 0.18870192307692307
0 0.6225961538461539 0.6430288461538461 0.2824519230769231 0.15625
14 0.5793269230769231 0.7235576923076923 0.18629807692307693 0.1346153846153846
14 0.5084134615384616 0.7944711538461539 0.19591346153846154 0.15264423076923078
1 0.34375 0.6778846153846154 0.24278846153846154 0.18509615384615385