13 0.27524038461538464 0.35096153846153844 0.27524038461538464 0.33413461538461536
13 0.5408653846153846 0.2536057692307692 0.2848557692307692 0.2536057692307692
12 0.7115384615384616 0.3233173076923077 0.09014423076923077 0.3076923076923077
12 0.7872596153846154 0.32572115384615385 0.08413461538461539 0.3137019230769231
12 0.8569711538461539 0.4495192307692308 0.09375 0.3125
11 0.59375 0.4483173076923077 0.15504807692307693 0.15985576923076922
11 0.49278846153846156 0.4951923076923077 0.15865384615384615 0.15625
3 0.47836538461538464 0.5997596153846154 0.17548076923076922 0.1201923076923077
1 0.7091346153846154 0.5324519230769231 0.17548076923076922 0.057692307692307696
1 0.6826923076923077 0.578125 0.17668269230769232 0.06490384615384616
1 0.6490384615384616 0.6213942307692307 0.17427884615384615 0.07692307692307693
3 0.6153846153846154 0.6838942307692307 0.203125 0.0625
3 0.7475961538461539 0.7872596153846154 0.203125 0.08533653846153846
3 0.5012019230769231 0.7680288461538461 0.1814903846153846 0.08052884615384616
9 0.28725961538461536 0.6466346153846154 0.41225961538461536 0.40384615384615385