10 0.25 0.13341346153846154 0.21394230769230768 0.1971153846153846
13 0.6105769230769231 0.234375 0.28846153846153844 0.3016826923076923
13 0.3233173076923077 0.35697115384615385 0.2824519230769231 0.2283653846153846
6 0.21995192307692307 0.5576923076923077 0.20552884615384615 0.296875
10 0.2764423076923077 0.7848557692307693 0.234375 0.22596153846153846
1 0.36899038461538464 0.7271634615384616 0.1814903846153846 0.2439903846153846
14 0.38100961538461536 0.5625 0.140625 0.22115384615384615
14 0.5120192307692307 0.5769230769230769 0.14182692307692307 0.21634615384615385
14 0.484375 0.6514423076923077 0.18509615384615385 0.1875
1 0.5060096153846154 0.8052884615384616 0.17307692307692307 0.234375
14 0.6286057692307693 0.7427884615384616 0.06490384615384616 0.23557692307692307
6 0.7175480769230769 0.44711538461538464 0.22956730769230768 0.27163461538461536
6 0.8100961538461539 0.5925480769230769 0.22355769230769232 0.29086538461538464
13 0.7692307692307693 0.8088942307692307 0.18990384615384615 0.29086538461538464