16 0.6550480769230769 0.26322115384615385 0.16105769230769232 0.22956730769230768
9 0.30408653846153844 0.12860576923076922 0.12740384615384615 0.21995192307692307
4 0.39663461538461536 0.29447115384615385 0.13822115384615385 0.22716346153846154
4 0.5420673076923077 0.48677884615384615 0.14543269230769232 0.21995192307692307
9 0.6754807692307693 0.4639423076923077 0.12139423076923077 0.20192307692307693
16 0.21514423076923078 0.3245192307692308 0.23197115384615385 0.2536057692307692
0 0.43028846153846156 0.49158653846153844 0.11658653846153846 0.2860576923076923
0 0.3269230769230769 0.47475961538461536 0.09735576923076923 0.28725961538461536
2 0.24759615384615385 0.5721153846153846 0.11298076923076923 0.15745192307692307
4 0.12980769230769232 0.5288461538461539 0.21153846153846154 0.2776442307692308
4 0.16826923076923078 0.71875 0.27283653846153844 0.2403846153846154
4 0.4266826923076923 0.7271634615384616 0.2776442307692308 0.1310096153846154
15 0.4891826923076923 0.6358173076923077 0.1622596153846154 0.046875
15 0.4375 0.6730769230769231 0.1622596153846154 0.04326923076923077
15 0.32572115384615385 0.6514423076923077 0.16826923076923078 0.07451923076923077
0 0.7043269230769231 0.6586538461538461 0.14423076923076922 0.16706730769230768
2 0.8004807692307693 0.6658653846153846 0.14903846153846154 0.1658653846153846
7 0.6742788461538461 0.7920673076923077 0.23798076923076922 0.125
13 0.4483173076923077 0.8653846153846154 0.27884615384615385 0.203125