10 0.12740384615384615 0.4951923076923077 0.22956730769230768 0.20072115384615385
10 0.31971153846153844 0.43028846153846156 0.22596153846153846 0.2247596153846154
0 0.5769230769230769 0.5444711538461539 0.12259615384615384 0.1814903846153846
9 0.5 0.5865384615384616 0.140625 0.23197115384615385
0 0.4098557692307692 0.5973557692307693 0.12139423076923077 0.18028846153846154
0 0.23197115384615385 0.5913461538461539 0.18389423076923078 0.1310096153846154
1 0.09254807692307693 0.6790865384615384 0.11899038461538461 0.14543269230769232
8 0.24158653846153846 0.6923076923076923 0.12139423076923077 0.12980769230769232
8 0.40625 0.71875 0.12740384615384615 0.11298076923076923
10 0.7163461538461539 0.5901442307692307 0.19591346153846154 0.19831730769230768
11 0.36899038461538464 0.8197115384615384 0.17067307692307693 0.17067307692307693
1 0.18870192307692307 0.8774038461538461 0.13701923076923078 0.13341346153846154
1 0.6742788461538461 0.8197115384615384 0.13701923076923078 0.12139423076923077