10 0.0985576923076923 0.18629807692307693 0.19471153846153846 0.20552884615384615
2 0.3545673076923077 0.16947115384615385 0.09495192307692307 0.15625
10 0.47475961538461536 0.13701923076923078 0.19831730769230768 0.20793269230769232
10 0.7271634615384616 0.234375 0.19591346153846154 0.19831730769230768
2 0.20793269230769232 0.3076923076923077 0.13341346153846154 0.16466346153846154
2 0.12259615384615384 0.4014423076923077 0.14182692307692307 0.16826923076923078
13 0.37740384615384615 0.3317307692307692 0.3473557692307692 0.28125
13 0.12379807692307693 0.6550480769230769 0.24759615384615385 0.34134615384615385
16 0.2932692307692308 0.49158653846153844 0.1814903846153846 0.21514423076923078
16 0.42427884615384615 0.5348557692307693 0.16346153846153846 0.20793269230769232
16 0.3004807692307692 0.7007211538461539 0.23677884615384615 0.22355769230769232
16 0.3858173076923077 0.7944711538461539 0.21634615384615385 0.23076923076923078
11 0.28725961538461536 0.8798076923076923 0.15504807692307693 0.16826923076923078
1 0.47596153846153844 0.9014423076923077 0.2247596153846154 0.11658653846153846
5 0.5949519230769231 0.734375 0.29447115384615385 0.2548076923076923
13 0.7872596153846154 0.8016826923076923 0.39783653846153844 0.3870192307692308
1 0.8185096153846154 0.5889423076923077 0.21514423076923078 0.15264423076923078
16 0.6598557692307693 0.5504807692307693 0.18389423076923078 0.20432692307692307
7 0.5480769230769231 0.5192307692307693 0.12980769230769232 0.1778846153846154