13 0.28846153846153844 0.33653846153846156 0.24639423076923078 0.3233173076923077
16 0.49399038461538464 0.296875 0.2620192307692308 0.2091346153846154
16 0.7247596153846154 0.23677884615384615 0.22956730769230768 0.27524038461538464
10 0.4735576923076923 0.47716346153846156 0.2824519230769231 0.25240384615384615
5 0.7139423076923077 0.4543269230769231 0.2848557692307692 0.19591346153846154
9 0.328125 0.5769230769230769 0.1778846153846154 0.20192307692307693
13 0.4519230769230769 0.7355769230769231 0.3870192307692308 0.36658653846153844
15 0.6298076923076923 0.6334134615384616 0.18269230769230768 0.09495192307692307
15 0.6766826923076923 0.6550480769230769 0.17067307692307693 0.0889423076923077
3 0.6995192307692307 0.7307692307692307 0.19831730769230768 0.15625
3 0.7920673076923077 0.7872596153846154 0.19591346153846154 0.1814903846153846