5 0.22596153846153846 0.47115384615384615 0.3581730769230769 0.41947115384615385
5 0.47836538461538464 0.38100961538461536 0.39903846153846156 0.39663461538461536
1 0.7692307692307693 0.24639423076923078 0.1622596153846154 0.23557692307692307
1 0.7427884615384616 0.35336538461538464 0.22716346153846154 0.23197115384615385
1 0.8389423076923077 0.41586538461538464 0.12860576923076922 0.22956730769230768
2 0.6346153846153846 0.4879807692307692 0.17427884615384615 0.13581730769230768
2 0.6478365384615384 0.6646634615384616 0.09975961538461539 0.1935096153846154
2 0.7427884615384616 0.6153846153846154 0.10697115384615384 0.18990384615384615
8 0.8377403846153846 0.5793269230769231 0.04447115384615385 0.10336538461538461
8 0.8209134615384616 0.6634615384615384 0.06370192307692307 0.1045673076923077
8 0.8413461538461539 0.7704326923076923 0.04807692307692308 0.1045673076923077
11 0.7223557692307693 0.8100961538461539 0.13581730769230768 0.1658653846153846
0 0.5925480769230769 0.8040865384615384 0.1622596153846154 0.14903846153846154
16 0.5108173076923077 0.6129807692307693 0.21033653846153846 0.22716346153846154
16 0.421875 0.7115384615384616 0.22716346153846154 0.25240384615384615
16 0.3076923076923077 0.7872596153846154 0.21875 0.23557692307692307