13 0.3137019230769231 0.1935096153846154 0.36658653846153844 0.3629807692307692
13 0.24158653846153846 0.41225961538461536 0.3701923076923077 0.35216346153846156
13 0.5661057692307693 0.23076923076923078 0.33774038461538464 0.36899038461538464
10 0.7091346153846154 0.12980769230769232 0.20432692307692307 0.20673076923076922
8 0.8449519230769231 0.21394230769230768 0.11538461538461539 0.08533653846153846
8 0.9086538461538461 0.15144230769230768 0.11658653846153846 0.06850961538461539
11 0.7776442307692307 0.30649038461538464 0.11177884615384616 0.12980769230769232
8 0.8737980769230769 0.34134615384615385 0.11538461538461539 0.0625
4 0.4326923076923077 0.35096153846153844 0.11778846153846154 0.1201923076923077
4 0.40384615384615385 0.484375 0.15745192307692307 0.13221153846153846
4 0.5216346153846154 0.5012019230769231 0.15745192307692307 0.1778846153846154
10 0.671875 0.4543269230769231 0.19471153846153846 0.19831730769230768
5 0.2776442307692308 0.75 0.48677884615384615 0.4831730769230769
10 0.47596153846153844 0.6466346153846154 0.203125 0.20432692307692307
6 0.6021634615384616 0.8449519230769231 0.3401442307692308 0.2764423076923077
13 0.7259615384615384 0.6514423076923077 0.34975961538461536 0.2668269230769231
13 0.8473557692307693 0.5649038461538461 0.30528846153846156 0.34615384615384615
4 0.8713942307692307 0.8137019230769231 0.25600961538461536 0.26802884615384615