10 0.15384615384615385 0.2644230769230769 0.19831730769230768 0.1971153846153846
5 0.41346153846153844 0.20793269230769232 0.4375 0.35336538461538464
16 0.6165865384615384 0.21634615384615385 0.16826923076923078 0.23798076923076922
10 0.8293269230769231 0.18389423076923078 0.18990384615384615 0.18990384615384615
10 0.1814903846153846 0.4170673076923077 0.13341346153846154 0.14423076923076922
10 0.3449519230769231 0.42908653846153844 0.18269230769230768 0.1935096153846154
14 0.2620192307692308 0.5252403846153846 0.23677884615384615 0.06610576923076923
5 0.37740384615384615 0.7067307692307693 0.43990384615384615 0.3269230769230769
7 0.5192307692307693 0.8425480769230769 0.18389423076923078 0.08653846153846154
5 0.5709134615384616 0.5216346153846154 0.34134615384615385 0.40865384615384615
7 0.7716346153846154 0.515625 0.08653846153846154 0.1778846153846154
3 0.8846153846153846 0.3293269230769231 0.057692307692307696 0.18269230769230768
14 0.8401442307692307 0.5048076923076923 0.08052884615384616 0.23918269230769232
3 0.8786057692307693 0.7139423076923077 0.08413461538461539 0.18870192307692307
15 0.7007211538461539 0.7451923076923077 0.3112980769230769 0.2980769230769231