5 0.29927884615384615 0.359375 0.46634615384615385 0.5036057692307693
5 0.6466346153846154 0.35336538461538464 0.4891826923076923 0.37259615384615385
10 0.4266826923076923 0.45913461538461536 0.3004807692307692 0.28725961538461536
7 0.6237980769230769 0.5661057692307693 0.33533653846153844 0.10817307692307693
7 0.5757211538461539 0.6538461538461539 0.33413461538461536 0.10216346153846154
3 0.8810096153846154 0.5913461538461539 0.10817307692307693 0.19471153846153846
3 0.7007211538461539 0.7091346153846154 0.19471153846153846 0.11057692307692307
8 0.9134615384615384 0.7439903846153846 0.10096153846153846 0.11899038461538461
7 0.8052884615384616 0.8245192307692307 0.20552884615384615 0.16826923076923078
1 0.5913461538461539 0.8112980769230769 0.23798076923076922 0.24519230769230768
8 0.45072115384615385 0.7391826923076923 0.12740384615384615 0.11538461538461539
3 0.4579326923076923 0.8533653846153846 0.20552884615384615 0.15625
7 0.35216346153846156 0.6490384615384616 0.11538461538461539 0.3329326923076923