7 0.2800480769230769 0.4206730769230769 0.10096153846153846 0.3173076923076923
7 0.36778846153846156 0.4495192307692308 0.11177884615384616 0.3125
7 0.453125 0.484375 0.11658653846153846 0.3016826923076923
0 0.5372596153846154 0.45552884615384615 0.12620192307692307 0.3545673076923077
0 0.6274038461538461 0.4206730769230769 0.11538461538461539 0.36658653846153844
0 0.7259615384615384 0.4735576923076923 0.12379807692307693 0.3605769230769231
3 0.7992788461538461 0.4495192307692308 0.10817307692307693 0.23076923076923078
6 0.3329326923076923 0.7163461538461539 0.35336538461538464 0.2860576923076923
2 0.546875 0.7103365384615384 0.16466346153846154 0.14783653846153846
2 0.7067307692307693 0.6959134615384616 0.17067307692307693 0.13341346153846154
1 0.8389423076923077 0.6622596153846154 0.1346153846153846 0.16105769230769232