12 0.7355769230769231 0.36778846153846156 0.13822115384615385 0.11538461538461539
12 0.8209134615384616 0.47475961538461536 0.09254807692307693 0.14423076923076922
12 0.7752403846153846 0.5516826923076923 0.11298076923076923 0.20793269230769232
12 0.6334134615384616 0.44471153846153844 0.1875 0.15985576923076922
12 0.49399038461538464 0.6911057692307693 0.13341346153846154 0.20793269230769232
10 0.7319711538461539 0.6995192307692307 0.19951923076923078 0.19831730769230768
10 0.43149038461538464 0.35216346153846156 0.18990384615384615 0.18990384615384615
7 0.6033653846153846 0.5180288461538461 0.3137019230769231 0.17668269230769232
7 0.5012019230769231 0.5625 0.296875 0.21995192307692307
8 0.5745192307692307 0.7103365384615384 0.09134615384615384 0.125
16 0.33774038461538464 0.6009615384615384 0.19831730769230768 0.21394230769230768
1 0.3581730769230769 0.7355769230769231 0.21875 0.10216346153846154
1 0.48197115384615385 0.8353365384615384 0.20552884615384615 0.10216346153846154
4 0.7307692307692307 0.8341346153846154 0.19471153846153846 0.15745192307692307