7 0.7872596153846154 0.15504807692307693 0.31971153846153844 0.109375
11 0.5336538461538461 0.18269230769230768 0.11899038461538461 0.16947115384615385
11 0.3161057692307692 0.3004807692307692 0.1201923076923077 0.16466346153846154
7 0.4014423076923077 0.36778846153846156 0.1778846153846154 0.2932692307692308
7 0.18629807692307693 0.3894230769230769 0.12860576923076922 0.3161057692307692
14 0.47716346153846156 0.3713942307692308 0.14423076923076922 0.24278846153846154
14 0.5228365384615384 0.4014423076923077 0.14903846153846154 0.234375
12 0.6117788461538461 0.4795673076923077 0.12379807692307693 0.30528846153846156
9 0.7572115384615384 0.5216346153846154 0.12740384615384615 0.18269230769230768
11 0.8617788461538461 0.5540865384615384 0.1201923076923077 0.140625
11 0.8269230769230769 0.7391826923076923 0.15985576923076922 0.17307692307692307
11 0.7115384615384616 0.7271634615384616 0.16947115384615385 0.17668269230769232
7 0.5360576923076923 0.71875 0.171875 0.16706730769230768
9 0.5432692307692307 0.8557692307692307 0.18389423076923078 0.13581730769230768
7 0.2800480769230769 0.6923076923076923 0.10336538461538461 0.1814903846153846
11 0.22716346153846154 0.8605769230769231 0.11298076923076923 0.1658653846153846
9 0.11057692307692307 0.6983173076923077 0.14302884615384615 0.20072115384615385
12 0.44591346153846156 0.6117788461538461 0.2608173076923077 0.15985576923076922
7 0.3954326923076923 0.5492788461538461 0.18509615384615385 0.13822115384615385
11 0.2548076923076923 0.546875 0.12379807692307693 0.14543269230769232