13 0.41466346153846156 0.171875 0.35096153846153844 0.3329326923076923
13 0.7728365384615384 0.5564903846153846 0.3545673076923077 0.3581730769230769
4 0.19110576923076922 0.2536057692307692 0.15745192307692307 0.23557692307692307
4 0.4891826923076923 0.6286057692307693 0.1778846153846154 0.234375
9 0.6298076923076923 0.40024038461538464 0.1658653846153846 0.1622596153846154
9 0.2512019230769231 0.6682692307692307 0.1875 0.1875
0 0.46274038461538464 0.35336538461538464 0.31490384615384615 0.24158653846153846
0 0.2283653846153846 0.46875 0.23557692307692307 0.3269230769230769
2 0.3918269230769231 0.4987980769230769 0.12860576923076922 0.09615384615384616
2 0.38221153846153844 0.5925480769230769 0.12620192307692307 0.10697115384615384
9 0.6887019230769231 0.7307692307692307 0.18028846153846154 0.14182692307692307
9 0.2512019230769231 0.8497596153846154 0.17548076923076922 0.140625
9 0.8377403846153846 0.7451923076923077 0.1778846153846154 0.22716346153846154
9 0.5564903846153846 0.7848557692307693 0.13341346153846154 0.22115384615384615
2 0.36899038461538464 0.8004807692307693 0.07211538461538461 0.203125