12 0.7992788461538461 0.27884615384615385 0.3016826923076923 0.22956730769230768
12 0.7704326923076923 0.3605769230769231 0.28365384615384615 0.24879807692307693
12 0.7211538461538461 0.4182692307692308 0.30408653846153844 0.25
5 0.41586538461538464 0.20552884615384615 0.4182692307692308 0.31850961538461536
5 0.24639423076923078 0.3918269230769231 0.421875 0.3641826923076923
0 0.5192307692307693 0.39302884615384615 0.18028846153846154 0.13341346153846154
13 0.47115384615384615 0.5012019230769231 0.2980769230769231 0.22115384615384615
16 0.640625 0.5036057692307693 0.08653846153846154 0.1141826923076923
1 0.8161057692307693 0.5612980769230769 0.15264423076923078 0.08653846153846154
1 0.8413461538461539 0.5829326923076923 0.14182692307692307 0.09375
1 0.8293269230769231 0.6274038461538461 0.1502403846153846 0.08774038461538461
3 0.6887019230769231 0.6454326923076923 0.19591346153846154 0.13221153846153846
7 0.2848557692307692 0.6394230769230769 0.34375 0.1658653846153846
7 0.43149038461538464 0.6923076923076923 0.33774038461538464 0.13942307692307693
0 0.4795673076923077 0.7764423076923077 0.16947115384615385 0.12980769230769232
0 0.4675480769230769 0.875 0.16947115384615385 0.11057692307692307
10 0.2620192307692308 0.8185096153846154 0.203125 0.19110576923076922
10 0.6838942307692307 0.8088942307692307 0.20673076923076922 0.18269230769230768
10 0.8317307692307693 0.7463942307692307 0.19591346153846154 0.20072115384615385