10 0.18629807692307693 0.359375 0.19831730769230768 0.19591346153846154
7 0.25240384615384615 0.5516826923076923 0.3076923076923077 0.21634615384615385
2 0.13581730769230768 0.6298076923076923 0.18509615384615385 0.18269230769230768
4 0.23197115384615385 0.71875 0.22596153846153846 0.24639423076923078
12 0.3798076923076923 0.7548076923076923 0.08533653846153846 0.3125
7 0.46033653846153844 0.7139423076923077 0.11177884615384616 0.34375
2 0.5949519230769231 0.7800480769230769 0.1778846153846154 0.1875
11 0.7307692307692307 0.8064903846153846 0.1622596153846154 0.17668269230769232
11 0.36658653846153844 0.47716346153846156 0.12860576923076922 0.16346153846153846
12 0.4795673076923077 0.5649038461538461 0.11538461538461539 0.2932692307692308
2 0.48197115384615385 0.375 0.17067307692307693 0.1778846153846154
11 0.5793269230769231 0.41225961538461536 0.14423076923076922 0.16466346153846154
7 0.6129807692307693 0.5625 0.19110576923076922 0.31850961538461536
0 0.6923076923076923 0.5829326923076923 0.16346153846153846 0.23677884615384615
10 0.8149038461538461 0.6598557692307693 0.20793269230769232 0.1971153846153846