4 0.7608173076923077 0.28365384615384615 0.2283653846153846 0.25841346153846156
4 0.5540865384615384 0.21875 0.2439903846153846 0.18629807692307693
4 0.3389423076923077 0.22235576923076922 0.24158653846153846 0.2620192307692308
14 0.11778846153846154 0.2920673076923077 0.18028846153846154 0.203125
14 0.2536057692307692 0.42908653846153844 0.15504807692307693 0.19831730769230768
14 0.10336538461538461 0.5060096153846154 0.16826923076923078 0.1875
4 0.4951923076923077 0.40384615384615385 0.24879807692307693 0.1971153846153846
13 0.7956730769230769 0.4963942307692308 0.33533653846153844 0.24879807692307693
13 0.7644230769230769 0.7319711538461539 0.25600961538461536 0.3269230769230769
0 0.46634615384615385 0.5456730769230769 0.2512019230769231 0.11057692307692307
4 0.5036057692307693 0.6742788461538461 0.24158653846153846 0.16706730769230768
13 0.21875 0.6658653846153846 0.30288461538461536 0.21153846153846154
4 0.28125 0.8425480769230769 0.22716346153846154 0.13581730769230768
11 0.5745192307692307 0.8341346153846154 0.11057692307692307 0.14543269230769232