6 0.18629807692307693 0.19110576923076922 0.18870192307692307 0.30528846153846156
6 0.3329326923076923 0.21634615384615385 0.1971153846153846 0.3112980769230769
6 0.5456730769230769 0.2932692307692308 0.3004807692307692 0.19471153846153846
5 0.8293269230769231 0.30528846153846156 0.3293269230769231 0.4338942307692308
5 0.7788461538461539 0.6862980769230769 0.35216346153846156 0.46153846153846156
2 0.6057692307692307 0.6670673076923077 0.10697115384615384 0.16706730769230768
2 0.5588942307692307 0.7704326923076923 0.16466346153846154 0.10817307692307693
2 0.4879807692307692 0.6742788461538461 0.15384615384615385 0.10697115384615384
7 0.5180288461538461 0.5612980769230769 0.31850961538461536 0.14903846153846154
7 0.42908653846153844 0.5084134615384616 0.3161057692307692 0.16466346153846154
4 0.48197115384615385 0.40024038461538464 0.17668269230769232 0.13942307692307693
11 0.15745192307692307 0.37740384615384615 0.1346153846153846 0.07451923076923077
11 0.30649038461538464 0.43509615384615385 0.1310096153846154 0.06490384615384616
7 0.18269230769230768 0.5216346153846154 0.33052884615384615 0.1310096153846154
4 0.1502403846153846 0.6418269230769231 0.2548076923076923 0.18990384615384615
16 0.17548076923076922 0.8197115384615384 0.2439903846153846 0.19110576923076922
4 0.40024038461538464 0.8461538461538461 0.24759615384615385 0.19831730769230768
14 0.34975961538461536 0.7295673076923077 0.2512019230769231 0.11298076923076923