13 0.22355769230769232 0.18509615384615385 0.34975961538461536 0.36899038461538464
13 0.7608173076923077 0.28966346153846156 0.265625 0.3125
5 0.5048076923076923 0.41346153846153844 0.390625 0.5012019230769231
0 0.30288461538461536 0.5024038461538461 0.09375 0.2980769230769231
0 0.22115384615384615 0.4963942307692308 0.10336538461538461 0.16826923076923078
3 0.1875 0.4495192307692308 0.08533653846153846 0.20552884615384615
11 0.07451923076923077 0.4495192307692308 0.12860576923076922 0.1658653846153846
11 0.8016826923076923 0.5096153846153846 0.17307692307692307 0.14903846153846154
5 0.6117788461538461 0.7764423076923077 0.49038461538461536 0.36658653846153844
8 0.39903846153846156 0.6935096153846154 0.12860576923076922 0.11658653846153846
0 0.30288461538461536 0.7824519230769231 0.10096153846153846 0.29927884615384615
13 0.13822115384615385 0.6995192307692307 0.26322115384615385 0.32211538461538464
8 0.34375 0.9098557692307693 0.0985576923076923 0.11298076923076923
11 0.17067307692307693 0.9242788461538461 0.16947115384615385 0.1201923076923077
8 0.05889423076923077 0.9242788461538461 0.09735576923076923 0.13221153846153846