10 0.703125 0.27884615384615385 0.19471153846153846 0.19831730769230768
10 0.5144230769230769 0.29927884615384615 0.1935096153846154 0.18990384615384615
9 0.3737980769230769 0.2608173076923077 0.18509615384615385 0.1814903846153846
13 0.7992788461538461 0.44471153846153844 0.35336538461538464 0.3641826923076923
13 0.22115384615384615 0.4230769230769231 0.3269230769230769 0.3713942307692308
10 0.28365384615384615 0.6947115384615384 0.2644230769230769 0.2536057692307692
10 0.4543269230769231 0.7692307692307693 0.21995192307692307 0.21153846153846154
16 0.4795673076923077 0.4483173076923077 0.28125 0.18629807692307693
16 0.6947115384615384 0.7451923076923077 0.2920673076923077 0.1778846153846154
7 0.421875 0.59375 0.3137019230769231 0.19110576923076922
0 0.5961538461538461 0.609375 0.17427884615384615 0.14543269230769232
0 0.7115384615384616 0.5769230769230769 0.17668269230769232 0.15985576923076922