13 0.2956730769230769 0.4855769230769231 0.2548076923076923 0.2956730769230769
13 0.53125 0.3473557692307692 0.29447115384615385 0.2512019230769231
6 0.7692307692307693 0.3137019230769231 0.3641826923076923 0.3557692307692308
7 0.44471153846153844 0.5528846153846154 0.13942307692307693 0.18509615384615385
4 0.5673076923076923 0.5120192307692307 0.14182692307692307 0.14423076923076922
15 0.22956730769230768 0.703125 0.27884615384615385 0.29447115384615385
15 0.3786057692307692 0.8401442307692307 0.3137019230769231 0.3016826923076923
8 0.49278846153846156 0.6418269230769231 0.07451923076923077 0.1045673076923077
8 0.5649038461538461 0.5997596153846154 0.09254807692307693 0.10216346153846154
8 0.6033653846153846 0.6778846153846154 0.10576923076923077 0.07692307692307693
11 0.6826923076923077 0.5637019230769231 0.1658653846153846 0.15865384615384615
11 0.7487980769230769 0.5036057692307693 0.171875 0.16826923076923078
1 0.7427884615384616 0.6899038461538461 0.14423076923076922 0.0829326923076923
11 0.6538461538461539 0.8305288461538461 0.15504807692307693 0.12620192307692307
11 0.4110576923076923 0.7295673076923077 0.18028846153846154 0.15264423076923078