6 0.2091346153846154 0.3088942307692308 0.2764423076923077 0.20072115384615385
12 0.47836538461538464 0.23677884615384615 0.15865384615384615 0.1045673076923077
5 0.7271634615384616 0.30288461538461536 0.42908653846153844 0.5300480769230769
1 0.04927884615384615 0.5444711538461539 0.054086538461538464 0.15144230769230768
1 0.06490384615384616 0.6850961538461539 0.046875 0.14903846153846154
4 0.14903846153846154 0.6911057692307693 0.14423076923076922 0.2283653846153846
2 0.24278846153846154 0.7752403846153846 0.10576923076923077 0.16466346153846154
2 0.3425480769230769 0.7620192307692307 0.11057692307692307 0.16706730769230768
2 0.4411057692307692 0.7596153846153846 0.13341346153846154 0.19951923076923078
8 0.42427884615384615 0.6129807692307693 0.125 0.140625
12 0.11778846153846154 0.5012019230769231 0.08052884615384616 0.15865384615384615
12 0.1875 0.4855769230769231 0.06971153846153846 0.171875
12 0.25961538461538464 0.49038461538461536 0.0889423076923077 0.15625
0 0.32091346153846156 0.4987980769230769 0.14903846153846154 0.35336538461538464
12 0.42427884615384615 0.38341346153846156 0.09735576923076923 0.1778846153846154
0 0.49278846153846156 0.43509615384615385 0.10817307692307693 0.35336538461538464
4 0.6057692307692307 0.6514423076923077 0.2247596153846154 0.15384615384615385
4 0.7848557692307693 0.6189903846153846 0.20072115384615385 0.23317307692307693
2 0.6370192307692307 0.7427884615384616 0.20072115384615385 0.09975961538461539
2 0.6935096153846154 0.8713942307692307 0.203125 0.12620192307692307