5 0.28725961538461536 0.3293269230769231 0.25961538461538464 0.35697115384615385
10 0.41466346153846156 0.2620192307692308 0.29086538461538464 0.25841346153846156
10 0.6959134615384616 0.2776442307692308 0.25240384615384615 0.234375
5 0.5841346153846154 0.2644230769230769 0.3737980769230769 0.2824519230769231
10 0.8449519230769231 0.38100961538461536 0.25841346153846156 0.28725961538461536
3 0.5408653846153846 0.40024038461538464 0.20072115384615385 0.06129807692307692
0 0.5757211538461539 0.5204326923076923 0.1935096153846154 0.22115384615384615
0 0.3942307692307692 0.5288461538461539 0.23677884615384615 0.09615384615384616
0 0.43149038461538464 0.6141826923076923 0.23677884615384615 0.10216346153846154
2 0.7271634615384616 0.5444711538461539 0.12379807692307693 0.16826923076923078
4 0.8125 0.5612980769230769 0.09975961538461539 0.20552884615384615
4 0.8473557692307693 0.7091346153846154 0.12860576923076922 0.2091346153846154
4 0.7728365384615384 0.7836538461538461 0.15384615384615385 0.1935096153846154
3 0.6983173076923077 0.7836538461538461 0.12980769230769232 0.20673076923076922
3 0.6141826923076923 0.7524038461538461 0.140625 0.18990384615384615
16 0.21875 0.6117788461538461 0.2247596153846154 0.23798076923076922
16 0.2536057692307692 0.8040865384615384 0.21754807692307693 0.24278846153846154
15 0.4951923076923077 0.8064903846153846 0.3016826923076923 0.2439903846153846
15 0.4699519230769231 0.6706730769230769 0.20192307692307693 0.15144230769230768
3 0.6995192307692307 0.6466346153846154 0.1658653846153846 0.1141826923076923