5 0.1935096153846154 0.265625 0.2644230769230769 0.3641826923076923
13 0.43509615384615385 0.20552884615384615 0.265625 0.30528846153846156
5 0.8016826923076923 0.3798076923076923 0.38822115384615385 0.4266826923076923
10 0.4963942307692308 0.4675480769230769 0.1971153846153846 0.20072115384615385
10 0.28125 0.5769230769230769 0.20072115384615385 0.19471153846153846
4 0.18269230769230768 0.6430288461538461 0.11538461538461539 0.20072115384615385
4 0.38341346153846156 0.7055288461538461 0.19471153846153846 0.16706730769230768
16 0.11778846153846154 0.8125 0.22235576923076922 0.15745192307692307
13 0.35216346153846156 0.8665865384615384 0.2644230769230769 0.19471153846153846
16 0.5612980769230769 0.8028846153846154 0.19951923076923078 0.15625
13 0.6502403846153846 0.6430288461538461 0.30408653846153844 0.24158653846153846
10 0.9026442307692307 0.7728365384615384 0.18870192307692307 0.20072115384615385