5 0.3485576923076923 0.31850961538461536 0.4266826923076923 0.3858173076923077
13 0.6334134615384616 0.22596153846153846 0.30408653846153844 0.25841346153846156
4 0.8617788461538461 0.4254807692307692 0.2439903846153846 0.2608173076923077
0 0.6862980769230769 0.3870192307692308 0.17548076923076922 0.14903846153846154
0 0.5336538461538461 0.4338942307692308 0.17307692307692307 0.11778846153846154
11 0.4014423076923077 0.5324519230769231 0.14903846153846154 0.16706730769230768
13 0.25961538461538464 0.5985576923076923 0.2620192307692308 0.3161057692307692
7 0.5528846153846154 0.5348557692307693 0.3173076923076923 0.21875
0 0.7536057692307693 0.5480769230769231 0.1778846153846154 0.14182692307692307
1 0.7403846153846154 0.6153846153846154 0.13822115384615385 0.08653846153846154
0 0.53125 0.6586538461538461 0.16947115384615385 0.14423076923076922
1 0.5841346153846154 0.7259615384615384 0.07451923076923077 0.140625
14 0.6478365384615384 0.8076923076923077 0.21875 0.23317307692307693
4 0.4411057692307692 0.7776442307692307 0.24519230769230768 0.25600961538461536
2 0.7980769230769231 0.6658653846153846 0.19110576923076922 0.14182692307692307