16 0.2668269230769231 0.3425480769230769 0.1935096153846154 0.2512019230769231
13 0.5012019230769231 0.33653846153846156 0.3329326923076923 0.3954326923076923
3 0.6935096153846154 0.31971153846153844 0.171875 0.16947115384615385
14 0.8317307692307693 0.42908653846153844 0.1875 0.18389423076923078
1 0.765625 0.6021634615384616 0.22235576923076922 0.24278846153846154
3 0.8137019230769231 0.7007211538461539 0.1466346153846154 0.17548076923076922
3 0.6346153846153846 0.7175480769230769 0.052884615384615384 0.203125
1 0.6081730769230769 0.5120192307692307 0.12980769230769232 0.22596153846153846
2 0.4879807692307692 0.6237980769230769 0.14302884615384615 0.17668269230769232
14 0.49759615384615385 0.7836538461538461 0.19110576923076922 0.17668269230769232
15 0.34615384615384615 0.6550480769230769 0.17307692307692307 0.25240384615384615
14 0.2644230769230769 0.7536057692307693 0.18389423076923078 0.19110576923076922
8 0.20552884615384615 0.609375 0.08173076923076923 0.10817307692307693
8 0.21634615384615385 0.5168269230769231 0.08533653846153846 0.0733173076923077
8 0.3629807692307692 0.4831730769230769 0.07572115384615384 0.07211538461538461
8 0.4050480769230769 0.5300480769230769 0.07211538461538461 0.07211538461538461