15 0.8858173076923077 0.7980769230769231 0.11658653846153846 0.09495192307692307
15 0.7752403846153846 0.9014423076923077 0.06850961538461539 0.1346153846153846
14 0.5576923076923077 0.7572115384615384 0.19951923076923078 0.1814903846153846
14 0.33413461538461536 0.7824519230769231 0.23677884615384615 0.07211538461538461
14 0.30649038461538464 0.546875 0.0829326923076923 0.23918269230769232
9 0.5300480769230769 0.36658653846153844 0.140625 0.19951923076923078
9 0.37740384615384615 0.6766826923076923 0.1814903846153846 0.20432692307692307
6 0.7223557692307693 0.6105769230769231 0.2091346153846154 0.27524038461538464
6 0.7103365384615384 0.31490384615384615 0.21394230769230768 0.27524038461538464
6 0.1875 0.6298076923076923 0.19471153846153846 0.27163461538461536
13 0.4831730769230769 0.5408653846153846 0.35336538461538464 0.3473557692307692
13 0.3004807692307692 0.30288461538461536 0.2644230769230769 0.3125
13 0.45913461538461536 0.15504807692307693 0.328125 0.3088942307692308
16 0.20552884615384615 0.8774038461538461 0.21033653846153846 0.16466346153846154
15 0.1310096153846154 0.2668269230769231 0.11057692307692307 0.11899038461538461