1 0.16466346153846154 0.34975961538461536 0.2608173076923077 0.203125
1 0.17548076923076922 0.4651442307692308 0.24879807692307693 0.18629807692307693
12 0.37259615384615385 0.3557692307692308 0.17668269230769232 0.11057692307692307
12 0.45072115384615385 0.32211538461538464 0.17427884615384615 0.12139423076923077
10 0.640625 0.3293269230769231 0.2439903846153846 0.23798076923076922
8 0.33413461538461536 0.44471153846153844 0.11538461538461539 0.1310096153846154
8 0.2776442307692308 0.5324519230769231 0.10096153846153846 0.1310096153846154
8 0.22115384615384615 0.6081730769230769 0.0889423076923077 0.12379807692307693
2 0.46875 0.4266826923076923 0.19951923076923078 0.125
9 0.140625 0.75 0.10697115384615384 0.21153846153846154
8 0.31009615384615385 0.6478365384615384 0.125 0.09014423076923077
9 0.4423076923076923 0.6622596153846154 0.1814903846153846 0.18629807692307693
10 0.6069711538461539 0.6586538461538461 0.2512019230769231 0.21033653846153846
9 0.78125 0.5901442307692307 0.1935096153846154 0.20793269230769232
10 0.38822115384615385 0.8197115384615384 0.2800480769230769 0.25
9 0.7007211538461539 0.8161057692307693 0.16706730769230768 0.171875