7 0.31009615384615385 0.5120192307692307 0.30288461538461536 0.15625
7 0.7596153846153846 0.36538461538461536 0.25721153846153844 0.27524038461538464
12 0.6790865384615384 0.3786057692307692 0.23557692307692307 0.2692307692307692
12 0.5372596153846154 0.19951923076923078 0.2283653846153846 0.28966346153846156
10 0.5877403846153846 0.45552884615384615 0.29086538461538464 0.2704326923076923
10 0.31850961538461536 0.23798076923076922 0.21995192307692307 0.2403846153846154
0 0.3798076923076923 0.5949519230769231 0.17307692307692307 0.17427884615384615
0 0.18870192307692307 0.6911057692307693 0.18870192307692307 0.10096153846153846
0 0.6045673076923077 0.6911057692307693 0.1201923076923077 0.17668269230769232
7 0.4699519230769231 0.6838942307692307 0.19471153846153846 0.13942307692307693
15 0.7944711538461539 0.5949519230769231 0.19230769230769232 0.23557692307692307
15 0.6694711538461539 0.8365384615384616 0.14302884615384615 0.2439903846153846
15 0.46274038461538464 0.8341346153846154 0.19831730769230768 0.25721153846153844
12 0.29927884615384615 0.39783653846153844 0.3173076923076923 0.13581730769230768