10 0.11298076923076923 0.10697115384615384 0.21754807692307693 0.203125
10 0.1466346153846154 0.29086538461538464 0.22596153846153846 0.22115384615384615
10 0.3245192307692308 0.35336538461538464 0.23317307692307693 0.21153846153846154
5 0.49399038461538464 0.234375 0.28966346153846156 0.35336538461538464
5 0.6778846153846154 0.3161057692307692 0.29927884615384615 0.3125
2 0.671875 0.546875 0.1658653846153846 0.1971153846153846
13 0.8100961538461539 0.5709134615384616 0.31850961538461536 0.38341346153846156
2 0.5372596153846154 0.4987980769230769 0.17427884615384615 0.15745192307692307
2 0.42908653846153844 0.48677884615384615 0.1346153846153846 0.15985576923076922
11 0.1201923076923077 0.4495192307692308 0.12740384615384615 0.19110576923076922
2 0.21394230769230768 0.5877403846153846 0.15745192307692307 0.21634615384615385
2 0.34375 0.6298076923076923 0.15504807692307693 0.203125
2 0.2800480769230769 0.4675480769230769 0.1971153846153846 0.13822115384615385
5 0.4963942307692308 0.6394230769230769 0.3125 0.21394230769230768
13 0.6634615384615384 0.7740384615384616 0.3798076923076923 0.2548076923076923
1 0.42908653846153844 0.7608173076923077 0.25961538461538464 0.15144230769230768
1 0.3389423076923077 0.8064903846153846 0.2548076923076923 0.23557692307692307
1 0.14182692307692307 0.6694711538461539 0.23677884615384615 0.28966346153846156