6 0.765625 0.8509615384615384 0.33413461538461536 0.29447115384615385
6 0.8557692307692307 0.5889423076923077 0.22956730769230768 0.30408653846153844
10 0.5829326923076923 0.5576923076923077 0.24519230769230768 0.2776442307692308
10 0.4699519230769231 0.7764423076923077 0.24639423076923078 0.21875
12 0.3545673076923077 0.6814903846153846 0.07572115384615384 0.171875
16 0.27403846153846156 0.6923076923076923 0.10336538461538461 0.07932692307692307
16 0.19110576923076922 0.7415865384615384 0.08173076923076923 0.11057692307692307
12 0.11899038461538461 0.6862980769230769 0.07932692307692307 0.17307692307692307
16 0.20072115384615385 0.5649038461538461 0.0985576923076923 0.12379807692307693
2 0.12620192307692307 0.47475961538461536 0.0889423076923077 0.19471153846153846
6 0.4050480769230769 0.45913461538461536 0.2668269230769231 0.3161057692307692