13 0.5444711538461539 0.40625 0.33052884615384615 0.35697115384615385
13 0.2956730769230769 0.5661057692307693 0.32091346153846156 0.3485576923076923
13 0.43149038461538464 0.3449519230769231 0.2644230769230769 0.33653846153846156
14 0.24519230769230768 0.30288461538461536 0.1310096153846154 0.17668269230769232
14 0.17427884615384615 0.4639423076923077 0.16706730769230768 0.1971153846153846
14 0.8245192307692307 0.24879807692307693 0.20072115384615385 0.17548076923076922
14 0.7463942307692307 0.38822115384615385 0.17548076923076922 0.19591346153846154
2 0.7079326923076923 0.5552884615384616 0.10576923076923077 0.07451923076923077
3 0.8161057692307693 0.53125 0.06370192307692307 0.21634615384615385
12 0.5697115384615384 0.6081730769230769 0.30528846153846156 0.14783653846153846
12 0.6899038461538461 0.7259615384615384 0.30288461538461536 0.19591346153846154
16 0.8305288461538461 0.36778846153846156 0.10336538461538461 0.1201923076923077
16 0.4675480769230769 0.7752403846153846 0.10697115384615384 0.0889423076923077
16 0.4050480769230769 0.8509615384615384 0.11177884615384616 0.11658653846153846
12 0.2247596153846154 0.7475961538461539 0.296875 0.2283653846153846
11 0.3942307692307692 0.6971153846153846 0.09375 0.203125
3 0.5288461538461539 0.6742788461538461 0.1935096153846154 0.11658653846153846
2 0.6887019230769231 0.22956730769230768 0.11057692307692307 0.11778846153846154
2 0.6334134615384616 0.28725961538461536 0.11778846153846154 0.1141826923076923
14 0.6189903846153846 0.17307692307692307 0.19110576923076922 0.20192307692307693