6 0.8317307692307693 0.28365384615384615 0.24639423076923078 0.3137019230769231
6 0.8401442307692307 0.5625 0.27524038461538464 0.33774038461538464
10 0.5649038461538461 0.25 0.20432692307692307 0.16947115384615385
10 0.4170673076923077 0.4110576923076923 0.18028846153846154 0.14783653846153846
10 0.5889423076923077 0.5024038461538461 0.28966346153846156 0.28125
10 0.6838942307692307 0.6502403846153846 0.19831730769230768 0.18629807692307693
10 0.265625 0.8149038461538461 0.24759615384615385 0.22956730769230768
4 0.11778846153846154 0.21153846153846154 0.23557692307692307 0.2644230769230769
12 0.3557692307692308 0.49759615384615385 0.17908653846153846 0.0889423076923077
6 0.2644230769230769 0.2932692307692308 0.31971153846153844 0.33413461538461536
9 0.25240384615384615 0.6177884615384616 0.43028846153846156 0.35216346153846156
9 0.6670673076923077 0.84375 0.38100961538461536 0.29086538461538464
4 0.9026442307692307 0.8605769230769231 0.1935096153846154 0.2620192307692308
4 0.46274038461538464 0.7319711538461539 0.20072115384615385 0.25961538461538464