5 0.5372596153846154 0.27403846153846156 0.5144230769230769 0.5276442307692307
5 0.25 0.31009615384615385 0.47475961538461536 0.546875
4 0.7223557692307693 0.3545673076923077 0.22355769230769232 0.27524038461538464
4 0.4519230769230769 0.5108173076923077 0.20673076923076922 0.24639423076923078
4 0.28365384615384615 0.5697115384615384 0.24639423076923078 0.17307692307692307
16 0.7908653846153846 0.5853365384615384 0.265625 0.17908653846153846
16 0.5949519230769231 0.7223557692307693 0.2536057692307692 0.27283653846153844
13 0.3557692307692308 0.7524038461538461 0.3293269230769231 0.35216346153846156
3 0.8786057692307693 0.7367788461538461 0.2247596153846154 0.15144230769230768
3 0.7764423076923077 0.8040865384615384 0.22235576923076922 0.15144230769230768
8 0.7079326923076923 0.8533653846153846 0.11899038461538461 0.13701923076923078