6 0.22716346153846154 0.21514423076923078 0.20793269230769232 0.30649038461538464
6 0.1935096153846154 0.484375 0.2512019230769231 0.31009615384615385
7 0.32572115384615385 0.24759615384615385 0.1141826923076923 0.3401442307692308
7 0.4110576923076923 0.24519230769230768 0.109375 0.33413461538461536
9 0.4987980769230769 0.24759615384615385 0.12259615384615384 0.22956730769230768
9 0.38221153846153844 0.4723557692307692 0.2283653846153846 0.15144230769230768
7 0.5276442307692307 0.4423076923076923 0.109375 0.18990384615384615
9 0.6911057692307693 0.3389423076923077 0.18990384615384615 0.23197115384615385
1 0.6538461538461539 0.4723557692307692 0.1346153846153846 0.09975961538461539
1 0.7067307692307693 0.5853365384615384 0.13822115384615385 0.109375
16 0.8461538461538461 0.4074519230769231 0.2247596153846154 0.265625
4 0.296875 0.6778846153846154 0.1466346153846154 0.1778846153846154
4 0.4170673076923077 0.6610576923076923 0.1622596153846154 0.18269230769230768
9 0.3016826923076923 0.8425480769230769 0.19951923076923078 0.21754807692307693
9 0.5252403846153846 0.7764423076923077 0.23197115384615385 0.25721153846153844
9 0.6802884615384616 0.8317307692307693 0.21995192307692307 0.23317307692307693
7 0.8245192307692307 0.6887019230769231 0.14302884615384615 0.20673076923076922
7 0.9002403846153846 0.7091346153846154 0.13822115384615385 0.20793269230769232