12 0.359375 0.8461538461538461 0.14423076923076922 0.12259615384615384
12 0.22596153846153846 0.7115384615384616 0.09134615384615384 0.15504807692307693
12 0.15625 0.6826923076923077 0.0985576923076923 0.16105769230769232
5 0.6850961538461539 0.6646634615384616 0.2439903846153846 0.3076923076923077
5 0.5661057692307693 0.859375 0.27884615384615385 0.20552884615384615
5 0.45913461538461536 0.34975961538461536 0.29927884615384615 0.25600961538461536
10 0.8665865384615384 0.7572115384615384 0.2091346153846154 0.20552884615384615
10 0.5709134615384616 0.4795673076923077 0.20793269230769232 0.19951923076923078
4 0.35096153846153844 0.5132211538461539 0.21033653846153846 0.13341346153846154
4 0.375 0.5841346153846154 0.20673076923076922 0.15504807692307693
4 0.30408653846153844 0.7439903846153846 0.12379807692307693 0.20552884615384615
10 0.17548076923076922 0.5144230769230769 0.2620192307692308 0.2692307692307692
10 0.4987980769230769 0.6442307692307693 0.2668269230769231 0.2692307692307692