8 0.7163461538461539 0.8173076923076923 0.11177884615384616 0.11778846153846154
15 0.4423076923076923 0.8521634615384616 0.11899038461538461 0.09134615384615384
7 0.6418269230769231 0.796875 0.17908653846153846 0.32211538461538464
7 0.59375 0.6514423076923077 0.3245192307692308 0.15384615384615385
0 0.36177884615384615 0.7163461538461539 0.15264423076923078 0.17307692307692307
8 0.3425480769230769 0.6213942307692307 0.11899038461538461 0.11057692307692307
0 0.4567307692307692 0.5625 0.16826923076923078 0.1201923076923077
0 0.20192307692307693 0.6274038461538461 0.10336538461538461 0.171875
7 0.10697115384615384 0.6887019230769231 0.1346153846153846 0.3293269230769231
11 0.2403846153846154 0.484375 0.12740384615384615 0.10576923076923077
15 0.23557692307692307 0.421875 0.11778846153846154 0.09615384615384616
16 0.38822115384615385 0.39903846153846156 0.17427884615384615 0.203125
11 0.5132211538461539 0.4026442307692308 0.1310096153846154 0.08052884615384616
16 0.6177884615384616 0.46153846153846156 0.20072115384615385 0.16706730769230768