13 0.796875 0.3473557692307692 0.2920673076923077 0.3329326923076923
13 0.49399038461538464 0.21634615384615385 0.3473557692307692 0.3137019230769231
10 0.5072115384615384 0.40024038461538464 0.14543269230769232 0.18028846153846154
10 0.6418269230769231 0.44471153846153844 0.1466346153846154 0.17548076923076922
3 0.7752403846153846 0.5769230769230769 0.13822115384615385 0.18028846153846154
3 0.8173076923076923 0.7127403846153846 0.18509615384615385 0.07091346153846154
15 0.7331730769230769 0.7896634615384616 0.140625 0.07211538461538461
15 0.6201923076923077 0.8161057692307693 0.13221153846153846 0.09615384615384616
3 0.5036057692307693 0.8557692307692307 0.19110576923076922 0.0733173076923077
1 0.33653846153846156 0.8341346153846154 0.14543269230769232 0.125
3 0.5288461538461539 0.7367788461538461 0.21153846153846154 0.06971153846153846
13 0.5769230769230769 0.6081730769230769 0.3233173076923077 0.29447115384615385
1 0.3798076923076923 0.6983173076923077 0.14182692307692307 0.12860576923076922
10 0.38221153846153844 0.5564903846153846 0.14543269230769232 0.1814903846153846
1 0.24278846153846154 0.5829326923076923 0.14423076923076922 0.11177884615384616
0 0.2283653846153846 0.6754807692307693 0.18028846153846154 0.12379807692307693
6 0.234375 0.38461538461538464 0.29086538461538464 0.36177884615384615