4 0.16706730769230768 0.25 0.20673076923076922 0.25240384615384615
4 0.5360576923076923 0.36899038461538464 0.1622596153846154 0.23557692307692307
4 0.6550480769230769 0.3269230769230769 0.17668269230769232 0.23317307692307693
4 0.8112980769230769 0.3641826923076923 0.20793269230769232 0.25240384615384615
7 0.23197115384615385 0.421875 0.25600961538461536 0.24278846153846154
1 0.375 0.4495192307692308 0.11899038461538461 0.15625
1 0.578125 0.6358173076923077 0.08533653846153846 0.17307692307692307
1 0.5360576923076923 0.7403846153846154 0.09254807692307693 0.12379807692307693
5 0.7355769230769231 0.6995192307692307 0.39783653846153844 0.4338942307692308
4 0.4855769230769231 0.5901442307692307 0.20552884615384615 0.25
7 0.34975961538461536 0.5805288461538461 0.09735576923076923 0.3088942307692308
7 0.18990384615384615 0.7463942307692307 0.19951923076923078 0.2932692307692308
8 0.42908653846153844 0.8004807692307693 0.11658653846153846 0.11658653846153846