2 0.3798076923076923 0.20793269230769232 0.1466346153846154 0.14783653846153846
16 0.6213942307692307 0.23197115384615385 0.15745192307692307 0.20072115384615385
12 0.7403846153846154 0.21995192307692307 0.05889423076923077 0.17548076923076922
4 0.8641826923076923 0.38221153846153844 0.19951923076923078 0.23197115384615385
4 0.6838942307692307 0.4026442307692308 0.20673076923076922 0.17427884615384615
3 0.40865384615384615 0.29927884615384615 0.20552884615384615 0.07692307692307693
9 0.43149038461538464 0.36899038461538464 0.13942307692307693 0.14423076923076922
16 0.29447115384615385 0.3954326923076923 0.16706730769230768 0.19831730769230768
3 0.18028846153846154 0.46634615384615385 0.18269230769230768 0.18509615384615385
2 0.40865384615384615 0.4891826923076923 0.14182692307692307 0.14903846153846154
12 0.5913461538461539 0.5216346153846154 0.10216346153846154 0.17427884615384615
9 0.7439903846153846 0.5901442307692307 0.25961538461538464 0.24879807692307693
4 0.4891826923076923 0.640625 0.2283653846153846 0.19591346153846154
9 0.31009615384615385 0.5853365384615384 0.15745192307692307 0.16346153846153846
16 0.171875 0.6466346153846154 0.23317307692307693 0.21995192307692307