3 0.8028846153846154 0.7271634615384616 0.109375 0.21033653846153846
3 0.6983173076923077 0.609375 0.21394230769230768 0.08052884615384616
3 0.3581730769230769 0.41947115384615385 0.203125 0.12620192307692307
7 0.46274038461538464 0.6262019230769231 0.2439903846153846 0.2824519230769231
14 0.8762019230769231 0.6033653846153846 0.1935096153846154 0.19471153846153846
14 0.6706730769230769 0.8197115384615384 0.1778846153846154 0.20793269230769232
14 0.2091346153846154 0.7223557692307693 0.11538461538461539 0.1814903846153846
6 0.42427884615384615 0.8401442307692307 0.2980769230769231 0.23677884615384615
4 0.7403846153846154 0.45552884615384615 0.25 0.2283653846153846
4 0.6346153846153846 0.28725961538461536 0.17668269230769232 0.234375
4 0.5096153846153846 0.3293269230769231 0.15625 0.23317307692307693
4 0.25600961538461536 0.5300480769230769 0.2692307692307692 0.2608173076923077