4 0.7079326923076923 0.21754807692307693 0.2127403846153846 0.2512019230769231
10 0.47115384615384615 0.27163461538461536 0.2608173076923077 0.25600961538461536
4 0.2980769230769231 0.37740384615384615 0.15625 0.22716346153846154
1 0.8088942307692307 0.3762019230769231 0.21995192307692307 0.24639423076923078
2 0.5564903846153846 0.4110576923076923 0.16826923076923078 0.14302884615384615
14 0.6778846153846154 0.5048076923076923 0.1875 0.1622596153846154
8 0.8629807692307693 0.5192307692307693 0.037259615384615384 0.1045673076923077
8 0.8076923076923077 0.5504807692307693 0.06490384615384616 0.1045673076923077
8 0.8870192307692307 0.5661057692307693 0.06610576923076923 0.10216346153846154
3 0.6189903846153846 0.578125 0.16466346153846154 0.1622596153846154
3 0.5408653846153846 0.5588942307692307 0.15745192307692307 0.1622596153846154
2 0.36778846153846156 0.5204326923076923 0.1466346153846154 0.09735576923076923
2 0.34134615384615385 0.6081730769230769 0.14903846153846154 0.0985576923076923
2 0.5036057692307693 0.625 0.17668269230769232 0.18389423076923078
10 0.7644230769230769 0.6935096153846154 0.2644230769230769 0.2608173076923077
1 0.8509615384615384 0.8161057692307693 0.17427884615384615 0.2283653846153846
10 0.6670673076923077 0.8377403846153846 0.265625 0.2548076923076923
14 0.4675480769230769 0.8389423076923077 0.2283653846153846 0.20673076923076922
14 0.28725961538461536 0.7391826923076923 0.23317307692307693 0.2283653846153846