6 0.5649038461538461 0.24759615384615385 0.3918269230769231 0.32091346153846156
6 0.2247596153846154 0.2764423076923077 0.3401442307692308 0.39663461538461536
0 0.47115384615384615 0.4951923076923077 0.12259615384615384 0.23677884615384615
0 0.3137019230769231 0.47115384615384615 0.24278846153846154 0.11298076923076923
7 0.31490384615384615 0.59375 0.1502403846153846 0.16466346153846154
7 0.23317307692307693 0.6478365384615384 0.13822115384615385 0.17548076923076922
9 0.10216346153846154 0.6177884615384616 0.203125 0.19230769230769232
11 0.16947115384615385 0.8004807692307693 0.15144230769230768 0.17548076923076922
14 0.27163461538461536 0.8978365384615384 0.19230769230769232 0.15985576923076922
14 0.48197115384615385 0.8016826923076923 0.23197115384615385 0.17668269230769232
1 0.5985576923076923 0.8365384615384616 0.04447115384615385 0.14903846153846154
0 0.3425480769230769 0.71875 0.22596153846153846 0.20072115384615385
14 0.5120192307692307 0.6262019230769231 0.14543269230769232 0.21995192307692307
7 0.6646634615384616 0.6201923076923077 0.10697115384615384 0.17067307692307693
14 0.6213942307692307 0.4567307692307692 0.22355769230769232 0.18629807692307693
14 0.7427884615384616 0.5865384615384616 0.06971153846153846 0.23317307692307693
11 0.8641826923076923 0.640625 0.15985576923076922 0.1141826923076923
6 0.7536057692307693 0.8125 0.3329326923076923 0.25961538461538464