10 0.6694711538461539 0.8125 0.23798076923076922 0.22235576923076922
10 0.47716346153846156 0.7944711538461539 0.23557692307692307 0.2283653846153846
10 0.2800480769230769 0.7692307692307693 0.28365384615384615 0.2800480769230769
3 0.7427884615384616 0.5997596153846154 0.11057692307692307 0.21995192307692307
1 0.7163461538461539 0.46033653846153844 0.14423076923076922 0.0985576923076923
0 0.6370192307692307 0.5721153846153846 0.1141826923076923 0.3605769230769231
0 0.5456730769230769 0.5625 0.10817307692307693 0.36899038461538464
7 0.46033653846153844 0.5324519230769231 0.10096153846153846 0.3137019230769231
7 0.3737980769230769 0.5324519230769231 0.10336538461538461 0.30649038461538464
7 0.2860576923076923 0.5132211538461539 0.10576923076923077 0.3125
2 0.5685096153846154 0.36658653846153844 0.11778846153846154 0.11538461538461539
14 0.41586538461538464 0.34615384615384615 0.2127403846153846 0.16346153846153846