5 0.21634615384615385 0.2536057692307692 0.3954326923076923 0.38461538461538464
13 0.4651442307692308 0.23317307692307693 0.2439903846153846 0.33052884615384615
0 0.6526442307692307 0.2536057692307692 0.11057692307692307 0.29086538461538464
7 0.7487980769230769 0.2439903846153846 0.13341346153846154 0.3329326923076923
8 0.20552884615384615 0.4519230769230769 0.10697115384615384 0.1201923076923077
15 0.0985576923076923 0.53125 0.19471153846153846 0.20432692307692307
11 0.2536057692307692 0.5384615384615384 0.14783653846153846 0.17427884615384615
11 0.19951923076923078 0.6838942307692307 0.11057692307692307 0.16706730769230768
0 0.3293269230769231 0.5793269230769231 0.16346153846153846 0.2860576923076923
0 0.3389423076923077 0.7596153846153846 0.28125 0.18269230769230768
7 0.4230769230769231 0.546875 0.17668269230769232 0.3233173076923077
7 0.5180288461538461 0.5396634615384616 0.1814903846153846 0.2980769230769231
7 0.5985576923076923 0.5793269230769231 0.17548076923076922 0.29927884615384615
7 0.41346153846153844 0.8088942307692307 0.28725961538461536 0.20192307692307693
15 0.44350961538461536 0.8930288461538461 0.17307692307692307 0.14302884615384615
4 0.6814903846153846 0.6730769230769231 0.20673076923076922 0.2512019230769231
10 0.8269230769230769 0.4795673076923077 0.20432692307692307 0.16466346153846154
7 0.7824519230769231 0.8161057692307693 0.1346153846153846 0.33653846153846156
8 0.8641826923076923 0.7752403846153846 0.09495192307692307 0.12620192307692307
8 0.8533653846153846 0.8930288461538461 0.08413461538461539 0.11298076923076923