8 0.20673076923076922 0.2283653846153846 0.08653846153846154 0.09134615384615384
7 0.4855769230769231 0.39903846153846156 0.14423076923076922 0.31850961538461536
5 0.6947115384615384 0.32572115384615385 0.40024038461538464 0.375
7 0.42908653846153844 0.49158653846153844 0.12139423076923077 0.16706730769230768
7 0.18870192307692307 0.49158653846153844 0.09975961538461539 0.16706730769230768
7 0.29447115384615385 0.47836538461538464 0.12980769230769232 0.32091346153846156
7 0.3701923076923077 0.6706730769230769 0.17307692307692307 0.12259615384615384
9 0.5612980769230769 0.6117788461538461 0.14783653846153846 0.1622596153846154
15 0.42908653846153844 0.734375 0.1310096153846154 0.07211538461538461
8 0.5096153846153846 0.8557692307692307 0.09495192307692307 0.06610576923076923
5 0.7896634615384616 0.6177884615384616 0.35336538461538464 0.265625