16 0.18870192307692307 0.5649038461538461 0.1622596153846154 0.21514423076923078
2 0.2932692307692308 0.4206730769230769 0.10336538461538461 0.16105769230769232
2 0.38100961538461536 0.39663461538461536 0.11778846153846154 0.15144230769230768
16 0.4326923076923077 0.23677884615384615 0.16706730769230768 0.21754807692307693
16 0.6394230769230769 0.390625 0.22956730769230768 0.21634615384615385
4 0.8377403846153846 0.25240384615384615 0.24879807692307693 0.21033653846153846
0 0.421875 0.5036057692307693 0.2800480769230769 0.10096153846153846
4 0.22115384615384615 0.7163461538461539 0.28725961538461536 0.12620192307692307
15 0.33774038461538464 0.8233173076923077 0.12259615384615384 0.054086538461538464
15 0.5072115384615384 0.875 0.09254807692307693 0.11658653846153846
16 0.4254807692307692 0.640625 0.13581730769230768 0.1971153846153846
4 0.5588942307692307 0.6947115384615384 0.17908653846153846 0.2848557692307692
4 0.6670673076923077 0.7295673076923077 0.11177884615384616 0.27283653846153844
16 0.84375 0.5324519230769231 0.25600961538461536 0.1971153846153846
4 0.8365384615384616 0.6923076923076923 0.24278846153846154 0.18870192307692307
14 0.7704326923076923 0.8653846153846154 0.19110576923076922 0.1502403846153846