13 0.2548076923076923 0.28846153846153844 0.25240384615384615 0.27163461538461536
0 0.4050480769230769 0.2932692307692308 0.1201923076923077 0.23798076923076922
11 0.5276442307692307 0.20192307692307693 0.14783653846153846 0.18629807692307693
11 0.7584134615384616 0.26322115384615385 0.1502403846153846 0.18870192307692307
13 0.5528846153846154 0.40384615384615385 0.3161057692307692 0.3557692307692308
0 0.7391826923076923 0.4495192307692308 0.20552884615384615 0.20432692307692307
13 0.8112980769230769 0.5300480769230769 0.29086538461538464 0.33052884615384615
0 0.29927884615384615 0.5024038461538461 0.11057692307692307 0.23557692307692307
7 0.16706730769230768 0.4699519230769231 0.15985576923076922 0.15625
9 0.22596153846153846 0.609375 0.11177884615384616 0.21514423076923078
10 0.453125 0.5564903846153846 0.21634615384615385 0.2091346153846154
10 0.6081730769230769 0.6610576923076923 0.21875 0.22596153846153846
11 0.765625 0.7355769230769231 0.12980769230769232 0.19591346153846154
9 0.6153846153846154 0.8076923076923077 0.21634615384615385 0.125
13 0.3641826923076923 0.8149038461538461 0.3293269230769231 0.30528846153846156