4 0.5757211538461539 0.6995192307692307 0.234375 0.171875
10 0.7800480769230769 0.5540865384615384 0.15384615384615385 0.1935096153846154
10 0.7439903846153846 0.35336538461538464 0.17427884615384615 0.19471153846153846
0 0.6610576923076923 0.4963942307692308 0.12379807692307693 0.22956730769230768
0 0.5745192307692307 0.5084134615384616 0.12379807692307693 0.23317307692307693
8 0.4338942307692308 0.6514423076923077 0.06850961538461539 0.10697115384615384
0 0.4855769230769231 0.4963942307692308 0.11778846153846154 0.23317307692307693
8 0.4254807692307692 0.5264423076923077 0.07211538461538461 0.11298076923076923
3 0.35096153846153844 0.6346153846153846 0.10336538461538461 0.203125
4 0.5408653846153846 0.30288461538461536 0.22355769230769232 0.14423076923076922
14 0.30649038461538464 0.453125 0.18389423076923078 0.21875