16 0.3786057692307692 0.3016826923076923 0.24158653846153846 0.16346153846153846
16 0.1971153846153846 0.4699519230769231 0.2704326923076923 0.22235576923076922
13 0.6778846153846154 0.2956730769230769 0.3581730769230769 0.3076923076923077
13 0.3233173076923077 0.6322115384615384 0.3329326923076923 0.2956730769230769
6 0.6225961538461539 0.49038461538461536 0.3269230769230769 0.20673076923076922
8 0.4675480769230769 0.5576923076923077 0.09134615384615384 0.1141826923076923
8 0.6346153846153846 0.5072115384615384 0.125 0.10096153846153846
8 0.6862980769230769 0.5540865384615384 0.12860576923076922 0.10697115384615384
7 0.5480769230769231 0.6141826923076923 0.2091346153846154 0.14903846153846154
7 0.6466346153846154 0.6538461538461539 0.20673076923076922 0.1622596153846154
1 0.5504807692307693 0.7211538461538461 0.14783653846153846 0.10216346153846154
1 0.5685096153846154 0.7740384615384616 0.14543269230769232 0.10336538461538461
13 0.3485576923076923 0.7728365384615384 0.3125 0.30288461538461536
15 0.4951923076923077 0.7944711538461539 0.0673076923076923 0.11538461538461539
7 0.7259615384615384 0.7512019230769231 0.1935096153846154 0.1502403846153846