13 0.28125 0.23557692307692307 0.296875 0.3329326923076923
13 0.21995192307692307 0.4579326923076923 0.23798076923076922 0.29927884615384615
13 0.41346153846153844 0.36177884615384615 0.21033653846153846 0.3088942307692308
5 0.5649038461538461 0.28725961538461536 0.3161057692307692 0.4362980769230769
5 0.7956730769230769 0.32211538461538464 0.3245192307692308 0.4579326923076923
6 0.20072115384615385 0.7487980769230769 0.3605769230769231 0.35096153846153844
4 0.4362980769230769 0.6177884615384616 0.2548076923076923 0.234375
1 0.41947115384615385 0.7680288461538461 0.1875 0.21995192307692307
12 0.5360576923076923 0.7295673076923077 0.1310096153846154 0.3125
9 0.6346153846153846 0.5949519230769231 0.1310096153846154 0.19230769230769232
1 0.6225961538461539 0.7427884615384616 0.08774038461538461 0.1346153846153846
3 0.6165865384615384 0.8497596153846154 0.19591346153846154 0.1466346153846154
0 0.7211538461538461 0.6754807692307693 0.1346153846153846 0.24759615384615385
0 0.8185096153846154 0.6730769230769231 0.1310096153846154 0.25
3 0.7139423076923077 0.8425480769230769 0.203125 0.13822115384615385