10 0.765625 0.34134615384615385 0.2127403846153846 0.19951923076923078
4 0.5060096153846154 0.23197115384615385 0.24759615384615385 0.22716346153846154
10 0.2824519230769231 0.32091346153846156 0.21394230769230768 0.20072115384615385
4 0.15745192307692307 0.3605769230769231 0.21634615384615385 0.24879807692307693
4 0.10697115384615384 0.6358173076923077 0.16706730769230768 0.234375
4 0.7127403846153846 0.6550480769230769 0.18990384615384615 0.2439903846153846
14 0.5745192307692307 0.4423076923076923 0.0673076923076923 0.22596153846153846
14 0.5024038461538461 0.5264423076923077 0.09735576923076923 0.22956730769230768
14 0.4387019230769231 0.5324519230769231 0.08653846153846154 0.23076923076923078
1 0.07211538461538461 0.41586538461538464 0.12740384615384615 0.1658653846153846
14 0.8245192307692307 0.5588942307692307 0.16826923076923078 0.20072115384615385
14 0.8810096153846154 0.7163461538461539 0.16466346153846154 0.19951923076923078
14 0.3641826923076923 0.46875 0.109375 0.17427884615384615
0 0.5240384615384616 0.7163461538461539 0.2283653846153846 0.16466346153846154
9 0.6382211538461539 0.8629807692307693 0.18629807692307693 0.20552884615384615
9 0.2548076923076923 0.6033653846153846 0.20673076923076922 0.21875
14 0.2608173076923077 0.7548076923076923 0.19230769230769232 0.15264423076923078
14 0.35336538461538464 0.8209134615384616 0.19471153846153846 0.16947115384615385