3 0.8689903846153846 0.44350961538461536 0.12379807692307693 0.17548076923076922
3 0.8389423076923077 0.7427884615384616 0.14423076923076922 0.171875
15 0.7848557692307693 0.8125 0.10096153846153846 0.13822115384615385
1 0.7307692307692307 0.30528846153846156 0.09254807692307693 0.16706730769230768
3 0.5384615384615384 0.171875 0.1045673076923077 0.203125
3 0.38341346153846156 0.27283653846153844 0.203125 0.13221153846153846
1 0.8497596153846154 0.27283653846153844 0.12980769230769232 0.1346153846153846
1 0.7307692307692307 0.42908653846153844 0.12740384615384615 0.109375
3 0.3545673076923077 0.17067307692307693 0.18870192307692307 0.10336538461538461
3 0.25841346153846156 0.29447115384615385 0.07451923076923077 0.1971153846153846
6 0.546875 0.4182692307692308 0.2764423076923077 0.3076923076923077
6 0.6862980769230769 0.6490384615384616 0.21033653846153846 0.3088942307692308
6 0.23918269230769232 0.4891826923076923 0.4326923076923077 0.4182692307692308
6 0.46274038461538464 0.4567307692307692 0.34375 0.375
1 0.6069711538461539 0.3485576923076923 0.12620192307692307 0.1502403846153846
5 0.4182692307692308 0.7560096153846154 0.4326923076923077 0.38341346153846156
3 0.84375 0.6141826923076923 0.1875 0.1935096153846154