16 0.22596153846153846 0.29927884615384615 0.2403846153846154 0.20432692307692307
2 0.3389423076923077 0.42427884615384615 0.1875 0.1201923076923077
16 0.16706730769230768 0.5108173076923077 0.16105769230769232 0.203125
16 0.5324519230769231 0.3449519230769231 0.20192307692307693 0.22596153846153846
3 0.10817307692307693 0.7307692307692307 0.07211538461538461 0.20432692307692307
7 0.19831730769230768 0.7632211538461539 0.09615384615384616 0.3269230769230769
2 0.35096153846153844 0.5841346153846154 0.10576923076923077 0.1814903846153846
7 0.3317307692307692 0.7283653846153846 0.17668269230769232 0.12620192307692307
7 0.5168269230769231 0.6153846153846154 0.19591346153846154 0.3088942307692308
16 0.4699519230769231 0.8040865384615384 0.1141826923076923 0.1201923076923077
16 0.5997596153846154 0.6069711538461539 0.09615384615384616 0.11538461538461539
16 0.5805288461538461 0.6959134615384616 0.10697115384615384 0.07572115384615384
11 0.6177884615384616 0.8293269230769231 0.16466346153846154 0.15144230769230768