3 0.8677884615384616 0.8197115384615384 0.14783653846153846 0.18870192307692307
3 0.6538461538461539 0.8461538461538461 0.203125 0.11538461538461539
12 0.7103365384615384 0.7584134615384616 0.15144230769230768 0.08173076923076923
12 0.8473557692307693 0.5805288461538461 0.12139423076923077 0.22235576923076922
12 0.75 0.6177884615384616 0.09254807692307693 0.21995192307692307
12 0.5480769230769231 0.7932692307692307 0.14783653846153846 0.07572115384615384
3 0.44591346153846156 0.7908653846153846 0.12259615384615384 0.17668269230769232
2 0.6237980769230769 0.640625 0.15745192307692307 0.15625
2 0.6658653846153846 0.4807692307692308 0.16706730769230768 0.18509615384615385
2 0.5192307692307693 0.5132211538461539 0.16466346153846154 0.1875
2 0.4723557692307692 0.6754807692307693 0.171875 0.16466346153846154
2 0.39903846153846156 0.5600961538461539 0.16466346153846154 0.16706730769230768
4 0.30288461538461536 0.7584134615384616 0.21033653846153846 0.13701923076923078
16 0.21033653846153846 0.5769230769230769 0.17668269230769232 0.20793269230769232
13 0.5625 0.2439903846153846 0.33653846153846156 0.35336538461538464
13 0.33533653846153844 0.3581730769230769 0.36778846153846156 0.3473557692307692
16 0.7776442307692307 0.3701923076923077 0.19951923076923078 0.21754807692307693