13 0.5985576923076923 0.34615384615384615 0.3293269230769231 0.36538461538461536
13 0.4579326923076923 0.609375 0.2692307692307692 0.3233173076923077
4 0.7668269230769231 0.23197115384615385 0.21153846153846154 0.23677884615384615
4 0.4423076923076923 0.17548076923076922 0.22235576923076922 0.23557692307692307
16 0.34375 0.3545673076923077 0.20192307692307693 0.2403846153846154
16 0.27884615384615385 0.5336538461538461 0.22716346153846154 0.1622596153846154
2 0.2800480769230769 0.6478365384615384 0.15504807692307693 0.09735576923076923
15 0.3942307692307692 0.75 0.12259615384615384 0.05048076923076923
4 0.34615384615384615 0.8112980769230769 0.23918269230769232 0.19471153846153846
1 0.6310096153846154 0.7896634615384616 0.1778846153846154 0.21153846153846154
1 0.7644230769230769 0.7956730769230769 0.15985576923076922 0.21514423076923078
16 0.5997596153846154 0.6177884615384616 0.1658653846153846 0.21033653846153846
4 0.7247596153846154 0.59375 0.15384615384615385 0.234375
16 0.11899038461538461 0.4375 0.1466346153846154 0.19110576923076922
7 0.484375 0.28846153846153844 0.13341346153846154 0.16826923076923078
16 0.5949519230769231 0.11899038461538461 0.07932692307692307 0.10817307692307693
16 0.31009615384615385 0.14783653846153846 0.09975961538461539 0.08173076923076923
16 0.2091346153846154 0.14543269230769232 0.109375 0.09014423076923077