12 0.27163461538461536 0.2439903846153846 0.18509615384615385 0.3401442307692308
4 0.40865384615384615 0.44350961538461536 0.2247596153846154 0.16105769230769232
16 0.6141826923076923 0.17548076923076922 0.19110576923076922 0.25600961538461536
4 0.7596153846153846 0.3329326923076923 0.23918269230769232 0.16346153846153846
0 0.5829326923076923 0.49038461538461536 0.13341346153846154 0.2403846153846154
4 0.7788461538461539 0.6959134615384616 0.15625 0.1935096153846154
4 0.8725961538461539 0.49278846153846156 0.16105769230769232 0.2283653846153846
12 0.47475961538461536 0.6983173076923077 0.12139423076923077 0.30528846153846156
4 0.14783653846153846 0.5865384615384616 0.22956730769230768 0.23918269230769232
16 0.33774038461538464 0.75 0.1658653846153846 0.23677884615384615
16 0.6911057692307693 0.8834134615384616 0.2403846153846154 0.19230769230769232