4 0.28966346153846156 0.37259615384615385 0.22596153846153846 0.17668269230769232
4 0.11538461538461539 0.49278846153846156 0.21754807692307693 0.10697115384615384
4 0.31971153846153844 0.5012019230769231 0.21153846153846154 0.10817307692307693
12 0.4266826923076923 0.4483173076923077 0.1310096153846154 0.15264423076923078
12 0.09134615384615384 0.6081730769230769 0.09375 0.15625
10 0.26802884615384615 0.6538461538461539 0.2800480769230769 0.23317307692307693
12 0.40384615384615385 0.6201923076923077 0.10576923076923077 0.16105769230769232
4 0.18028846153846154 0.8713942307692307 0.25600961538461536 0.25721153846153844
4 0.35096153846153844 0.8341346153846154 0.25240384615384615 0.27884615384615385
4 0.49038461538461536 0.8173076923076923 0.21394230769230768 0.25961538461538464
12 0.5841346153846154 0.7608173076923077 0.09615384615384616 0.18269230769230768
6 0.6899038461538461 0.6694711538461539 0.2920673076923077 0.3293269230769231