9 0.21754807692307693 0.39783653846153844 0.26322115384615385 0.359375
9 0.3485576923076923 0.33052884615384615 0.35697115384615385 0.25841346153846156
6 0.36538461538461536 0.1971153846153846 0.20192307692307693 0.28725961538461536
1 0.49038461538461536 0.2776442307692308 0.18990384615384615 0.07692307692307693
16 0.515625 0.23317307692307693 0.19110576923076922 0.24519230769230768
1 0.28125 0.3293269230769231 0.16947115384615385 0.12620192307692307
16 0.4879807692307692 0.44350961538461536 0.23918269230769232 0.16826923076923078
9 0.7103365384615384 0.21634615384615385 0.26322115384615385 0.3713942307692308
1 0.7788461538461539 0.27524038461538464 0.12259615384615384 0.16706730769230768
6 0.796875 0.39663461538461536 0.3269230769230769 0.3269230769230769
10 0.6634615384615384 0.4831730769230769 0.14543269230769232 0.14543269230769232
9 0.78125 0.6394230769230769 0.1971153846153846 0.19110576923076922
9 0.5997596153846154 0.5985576923076923 0.18509615384615385 0.20673076923076922
9 0.6514423076923077 0.7716346153846154 0.25240384615384615 0.25721153846153844
3 0.5264423076923077 0.8677884615384616 0.14543269230769232 0.140625
3 0.328125 0.8293269230769231 0.10336538461538461 0.18990384615384615
3 0.2247596153846154 0.8401442307692307 0.1778846153846154 0.13701923076923078
4 0.15985576923076922 0.6790865384615384 0.2608173076923077 0.28966346153846156
6 0.28846153846153844 0.6009615384615384 0.27884615384615385 0.3894230769230769
6 0.47836538461538464 0.6610576923076923 0.18269230769230768 0.28966346153846156