5 0.3173076923076923 0.2247596153846154 0.4206730769230769 0.40024038461538464
5 0.8076923076923077 0.20793269230769232 0.375 0.41586538461538464
5 0.7716346153846154 0.49158653846153844 0.43149038461538464 0.4266826923076923
7 0.5793269230769231 0.3485576923076923 0.09495192307692307 0.24158653846153846
2 0.47596153846153844 0.4411057692307692 0.15504807692307693 0.10216346153846154
7 0.36778846153846156 0.5384615384615384 0.09254807692307693 0.234375
1 0.27283653846153844 0.49278846153846156 0.08173076923076923 0.1201923076923077
1 0.1622596153846154 0.4567307692307692 0.12860576923076922 0.13822115384615385
15 0.19471153846153846 0.5697115384615384 0.07692307692307693 0.12139423076923077
15 0.28725961538461536 0.5925480769230769 0.1201923076923077 0.08173076923076923
15 0.22235576923076922 0.7115384615384616 0.05048076923076923 0.12740384615384615
16 0.09975961538461539 0.65625 0.1971153846153846 0.25600961538461536
14 0.2439903846153846 0.859375 0.24278846153846154 0.203125
14 0.4411057692307692 0.6454326923076923 0.23197115384615385 0.25240384615384615
14 0.45072115384615385 0.7115384615384616 0.2548076923076923 0.26322115384615385
11 0.640625 0.6466346153846154 0.12980769230769232 0.09014423076923077
2 0.6117788461538461 0.75 0.19471153846153846 0.12620192307692307
2 0.5853365384615384 0.8245192307692307 0.19831730769230768 0.12620192307692307
1 0.9170673076923077 0.640625 0.11658653846153846 0.13822115384615385
6 0.7992788461538461 0.8353365384615384 0.3161057692307692 0.3076923076923077