0 0.75 0.44711538461538464 0.15264423076923078 0.15865384615384615
0 0.6899038461538461 0.3786057692307692 0.15264423076923078 0.171875
0 0.6129807692307693 0.4699519230769231 0.17307692307692307 0.1466346153846154
12 0.7295673076923077 0.578125 0.10576923076923077 0.13701923076923078
12 0.65625 0.5829326923076923 0.0889423076923077 0.13341346153846154
12 0.7067307692307693 0.6694711538461539 0.13822115384615385 0.08653846153846154
11 0.5733173076923077 0.5600961538461539 0.1622596153846154 0.18389423076923078
11 0.4831730769230769 0.5625 0.1502403846153846 0.18269230769230768
16 0.47596153846153844 0.6802884615384616 0.1045673076923077 0.0889423076923077
11 0.49038461538461536 0.4098557692307692 0.10697115384615384 0.171875
11 0.6225961538461539 0.328125 0.14423076923076922 0.16346153846153846
11 0.38461538461538464 0.42908653846153844 0.10697115384615384 0.15504807692307693
4 0.3161057692307692 0.5228365384615384 0.28725961538461536 0.23798076923076922
4 0.2668269230769231 0.6081730769230769 0.27884615384615385 0.25