0 0.41346153846153844 0.17548076923076922 0.22956730769230768 0.1658653846153846
13 0.30649038461538464 0.3942307692307692 0.3485576923076923 0.31009615384615385
13 0.7548076923076923 0.37259615384615385 0.25600961538461536 0.2980769230769231
0 0.5324519230769231 0.4807692307692308 0.234375 0.16706730769230768
9 0.16105769230769232 0.5817307692307693 0.14182692307692307 0.1814903846153846
2 0.1045673076923077 0.7331730769230769 0.11298076923076923 0.1658653846153846
4 0.2848557692307692 0.6081730769230769 0.17548076923076922 0.20673076923076922
11 0.24639423076923078 0.7908653846153846 0.109375 0.16947115384615385
0 0.3701923076923077 0.7007211538461539 0.15745192307692307 0.2403846153846154
4 0.5204326923076923 0.7536057692307693 0.17548076923076922 0.24519230769230768
16 0.6526442307692307 0.5829326923076923 0.1971153846153846 0.15625