12 0.8762019230769231 0.19230769230769232 0.15384615384615385 0.31490384615384615
12 0.7956730769230769 0.20552884615384615 0.1201923076923077 0.31971153846153844
12 0.7175480769230769 0.203125 0.1201923076923077 0.3076923076923077
10 0.6189903846153846 0.1658653846153846 0.19591346153846154 0.20673076923076922
9 0.4855769230769231 0.21514423076923078 0.14783653846153846 0.1935096153846154
13 0.3545673076923077 0.29086538461538464 0.28725961538461536 0.36177884615384615
13 0.20072115384615385 0.23317307692307693 0.296875 0.3269230769230769
13 0.18389423076923078 0.46274038461538464 0.31490384615384615 0.3701923076923077
13 0.5072115384615384 0.45913461538461536 0.33052884615384615 0.34375
13 0.6394230769230769 0.4014423076923077 0.3137019230769231 0.296875
12 0.7307692307692307 0.5072115384615384 0.15504807692307693 0.1466346153846154
7 0.8870192307692307 0.5216346153846154 0.14423076923076922 0.33774038461538464
3 0.8786057692307693 0.8125 0.1658653846153846 0.2127403846153846
7 0.7764423076923077 0.7091346153846154 0.13221153846153846 0.3485576923076923
7 0.6923076923076923 0.7367788461538461 0.12740384615384615 0.35096153846153844
13 0.5721153846153846 0.7043269230769231 0.296875 0.3137019230769231
13 0.40024038461538464 0.6141826923076923 0.32091346153846156 0.38822115384615385
13 0.33413461538461536 0.6598557692307693 0.2776442307692308 0.31009615384615385
13 0.14182692307692307 0.6935096153846154 0.28365384615384615 0.31009615384615385