14 0.23076923076923078 0.21033653846153846 0.15504807692307693 0.20552884615384615
13 0.3641826923076923 0.3425480769230769 0.35096153846153844 0.3389423076923077
2 0.3401442307692308 0.16466346153846154 0.1045673076923077 0.16466346153846154
2 0.4411057692307692 0.578125 0.10697115384615384 0.15745192307692307
2 0.484375 0.7151442307692307 0.1141826923076923 0.15745192307692307
9 0.6911057692307693 0.31490384615384615 0.1875 0.1778846153846154
9 0.484375 0.4387019230769231 0.15745192307692307 0.15264423076923078
5 0.23557692307692307 0.5024038461538461 0.32211538461538464 0.25961538461538464
5 0.36538461538461536 0.8641826923076923 0.29086538461538464 0.18990384615384615
5 0.7860576923076923 0.8677884615384616 0.30288461538461536 0.25600961538461536
9 0.578125 0.6754807692307693 0.16346153846153846 0.19951923076923078
9 0.1346153846153846 0.7415865384615384 0.13942307692307693 0.1875
1 0.21995192307692307 0.6850961538461539 0.07451923076923077 0.15144230769230768
12 0.33774038461538464 0.6778846153846154 0.15264423076923078 0.09134615384615384
12 0.11538461538461539 0.29447115384615385 0.09495192307692307 0.15144230769230768
12 0.6923076923076923 0.44350961538461536 0.29447115384615385 0.2091346153846154
5 0.7487980769230769 0.6370192307692307 0.4963942307692308 0.5048076923076923