16 0.7307692307692307 0.8569711538461539 0.20192307692307693 0.16826923076923078
11 0.578125 0.8161057692307693 0.12379807692307693 0.17668269230769232
10 0.7848557692307693 0.6754807692307693 0.18509615384615385 0.18990384615384615
16 0.3076923076923077 0.8305288461538461 0.20673076923076922 0.1502403846153846
10 0.6310096153846154 0.5432692307692307 0.20793269230769232 0.21394230769230768
10 0.4951923076923077 0.6802884615384616 0.2127403846153846 0.20793269230769232
11 0.2824519230769231 0.7235576923076923 0.20192307692307693 0.07572115384615384
7 0.21634615384615385 0.6442307692307693 0.3389423076923077 0.09134615384615384
14 0.4170673076923077 0.3605769230769231 0.1141826923076923 0.35336538461538464
5 0.7403846153846154 0.203125 0.42427884615384615 0.3954326923076923
5 0.2247596153846154 0.3713942307692308 0.37259615384615385 0.3858173076923077