9 0.6971153846153846 0.31850961538461536 0.14903846153846154 0.1622596153846154
2 0.8617788461538461 0.41466346153846156 0.09615384615384616 0.1466346153846154
8 0.7596153846153846 0.5480769230769231 0.11778846153846154 0.12860576923076922
3 0.6790865384615384 0.578125 0.171875 0.16706730769230768
12 0.4855769230769231 0.4026442307692308 0.10576923076923077 0.171875
2 0.5348557692307693 0.4723557692307692 0.12259615384615384 0.15504807692307693
3 0.43509615384615385 0.390625 0.09735576923076923 0.1814903846153846
12 0.30408653846153844 0.4639423076923077 0.171875 0.08052884615384616
13 0.2644230769230769 0.31490384615384615 0.29927884615384615 0.32091346153846156
13 0.7596153846153846 0.8076923076923077 0.33413461538461536 0.3581730769230769
8 0.4735576923076923 0.7175480769230769 0.06850961538461539 0.1141826923076923
8 0.3870192307692308 0.6850961538461539 0.11057692307692307 0.07692307692307693
9 0.27163461538461536 0.6430288461538461 0.1658653846153846 0.1622596153846154
9 0.4579326923076923 0.8449519230769231 0.19831730769230768 0.16947115384615385
3 0.3629807692307692 0.7752403846153846 0.19110576923076922 0.06610576923076923
8 0.3233173076923077 0.875 0.12620192307692307 0.08653846153846154
8 0.21754807692307693 0.859375 0.09254807692307693 0.13701923076923078