5 0.18028846153846154 0.24639423076923078 0.3125 0.44350961538461536
13 0.4362980769230769 0.20793269230769232 0.27524038461538464 0.3545673076923077
5 0.7355769230769231 0.2091346153846154 0.47836538461538464 0.37259615384615385
13 0.6706730769230769 0.4026442307692308 0.31490384615384615 0.38100961538461536
13 0.30649038461538464 0.4338942307692308 0.32572115384615385 0.2283653846153846
0 0.36899038461538464 0.6778846153846154 0.19471153846153846 0.296875
0 0.4699519230769231 0.5685096153846154 0.0889423076923077 0.29927884615384615
0 0.5504807692307693 0.5516826923076923 0.10576923076923077 0.3004807692307692
13 0.16947115384615385 0.8317307692307693 0.3293269230769231 0.3269230769230769
11 0.2824519230769231 0.75 0.17307692307692307 0.16105769230769232
8 0.4266826923076923 0.8629807692307693 0.15504807692307693 0.12139423076923077
11 0.5504807692307693 0.7728365384615384 0.15625 0.17908653846153846
13 0.6814903846153846 0.625 0.27163461538461536 0.31971153846153844
13 0.8233173076923077 0.7848557692307693 0.30528846153846156 0.3449519230769231