1 0.6418269230769231 0.16105769230769232 0.18269230769230768 0.2512019230769231
1 0.34975961538461536 0.24278846153846154 0.22716346153846154 0.11899038461538461
11 0.7548076923076923 0.3112980769230769 0.19110576923076922 0.12740384615384615
8 0.8641826923076923 0.40024038461538464 0.09014423076923077 0.07451923076923077
2 0.5949519230769231 0.31490384615384615 0.18269230769230768 0.19230769230769232
3 0.7223557692307693 0.4567307692307692 0.0673076923076923 0.20793269230769232
11 0.8245192307692307 0.4831730769230769 0.15865384615384615 0.1935096153846154
8 0.6682692307692307 0.44350961538461536 0.07692307692307693 0.07572115384615384
3 0.8125 0.6141826923076923 0.15504807692307693 0.1778846153846154
3 0.6538461538461539 0.5144230769230769 0.13581730769230768 0.19110576923076922
3 0.7572115384615384 0.6790865384615384 0.09615384615384616 0.19471153846153846
14 0.5264423076923077 0.4855769230769231 0.15625 0.19230769230769232
14 0.6117788461538461 0.7151442307692307 0.21995192307692307 0.2704326923076923
7 0.4362980769230769 0.7548076923076923 0.18629807692307693 0.1658653846153846
2 0.41466346153846156 0.6490384615384616 0.18629807692307693 0.18990384615384615
8 0.38221153846153844 0.5588942307692307 0.07692307692307693 0.07932692307692307
11 0.22596153846153846 0.7295673076923077 0.12259615384615384 0.19471153846153846
14 0.21875 0.53125 0.17908653846153846 0.22235576923076922
14 0.40865384615384615 0.39663461538461536 0.25721153846153844 0.2247596153846154
3 0.20192307692307693 0.3401442307692308 0.14783653846153846 0.18509615384615385