13 0.14903846153846154 0.4182692307692308 0.2776442307692308 0.32572115384615385
6 0.3786057692307692 0.33774038461538464 0.3137019230769231 0.35697115384615385
6 0.5997596153846154 0.31850961538461536 0.31009615384615385 0.32572115384615385
13 0.8485576923076923 0.23557692307692307 0.25721153846153844 0.3137019230769231
11 0.17668269230769232 0.5901442307692307 0.140625 0.08774038461538461
15 0.265625 0.5925480769230769 0.09014423076923077 0.13581730769230768
11 0.3269230769230769 0.5985576923076923 0.12740384615384615 0.14182692307692307
6 0.5276442307692307 0.5745192307692307 0.3485576923076923 0.27884615384615385
13 0.8509615384615384 0.5925480769230769 0.24759615384615385 0.31490384615384615
16 0.49038461538461536 0.7439903846153846 0.09615384615384616 0.12139423076923077
2 0.6514423076923077 0.7115384615384616 0.15865384615384615 0.1141826923076923
2 0.7055288461538461 0.8233173076923077 0.15745192307692307 0.10817307692307693
2 0.5420673076923077 0.8088942307692307 0.10697115384615384 0.13701923076923078
5 0.265625 0.8341346153846154 0.38822115384615385 0.2956730769230769