9 0.5012019230769231 0.25600961538461536 0.12620192307692307 0.13822115384615385
9 0.7596153846153846 0.36778846153846156 0.15384615384615385 0.15865384615384615
9 0.6899038461538461 0.4879807692307692 0.140625 0.14783653846153846
4 0.3233173076923077 0.2283653846153846 0.23317307692307693 0.17908653846153846
4 0.6802884615384616 0.8774038461538461 0.23918269230769232 0.19471153846153846
7 0.3076923076923077 0.3485576923076923 0.3076923076923077 0.12379807692307693
7 0.23798076923076922 0.5456730769230769 0.10336538461538461 0.30649038461538464
7 0.43149038461538464 0.5180288461538461 0.29927884615384615 0.14543269230769232
14 0.5456730769230769 0.43028846153846156 0.2403846153846154 0.10336538461538461
14 0.390625 0.6237980769230769 0.24278846153846154 0.08653846153846154
12 0.6105769230769231 0.5372596153846154 0.09495192307692307 0.16706730769230768
12 0.22235576923076922 0.9399038461538461 0.18389423076923078 0.0733173076923077
12 0.12860576923076922 0.8834134615384616 0.18389423076923078 0.05889423076923077
7 0.43149038461538464 0.8233173076923077 0.10817307692307693 0.25240384615384615
7 0.2764423076923077 0.8185096153846154 0.24278846153846154 0.13221153846153846
7 0.19591346153846154 0.7487980769230769 0.2548076923076923 0.13822115384615385
10 0.10216346153846154 0.6778846153846154 0.203125 0.22115384615384615
10 0.5697115384615384 0.6911057692307693 0.1935096153846154 0.1814903846153846
2 0.16706730769230768 0.4362980769230769 0.11538461538461539 0.1935096153846154