5 0.4110576923076923 0.19471153846153846 0.4855769230769231 0.22956730769230768
5 0.3581730769230769 0.4254807692307692 0.5264423076923077 0.33533653846153844
13 0.796875 0.16466346153846154 0.31850961538461536 0.30408653846153844
13 0.6502403846153846 0.3016826923076923 0.24158653846153846 0.3293269230769231
13 0.8076923076923077 0.3786057692307692 0.2704326923076923 0.19471153846153846
13 0.8545673076923077 0.5372596153846154 0.265625 0.27403846153846156
5 0.6838942307692307 0.5576923076923077 0.24639423076923078 0.2668269230769231
13 0.5456730769230769 0.4963942307692308 0.23918269230769232 0.32572115384615385
13 0.42908653846153844 0.6382211538461539 0.3233173076923077 0.3329326923076923
13 0.2439903846153846 0.6682692307692307 0.3112980769230769 0.3269230769230769
8 0.3125 0.8737980769230769 0.12379807692307693 0.07451923076923077
10 0.47716346153846156 0.8365384615384616 0.2127403846153846 0.23918269230769232
10 0.6454326923076923 0.7884615384615384 0.24759615384615385 0.2620192307692308
10 0.8004807692307693 0.7596153846153846 0.23317307692307693 0.25961538461538464