10 0.8329326923076923 0.4519230769230769 0.2091346153846154 0.1971153846153846
15 0.6850961538461539 0.36538461538461536 0.2644230769230769 0.3329326923076923
10 0.5877403846153846 0.23677884615384615 0.20432692307692307 0.20552884615384615
4 0.36538461538461536 0.24519230769230768 0.19110576923076922 0.24278846153846154
0 0.28725961538461536 0.35216346153846156 0.12620192307692307 0.1875
15 0.19471153846153846 0.3894230769230769 0.27403846153846156 0.3401442307692308
5 0.4651442307692308 0.5108173076923077 0.5324519230769231 0.5060096153846154
16 0.25841346153846156 0.6850961538461539 0.3016826923076923 0.31009615384615385
10 0.47836538461538464 0.8533653846153846 0.21153846153846154 0.21153846153846154
16 0.6201923076923077 0.7620192307692307 0.2980769230769231 0.3137019230769231
16 0.8028846153846154 0.640625 0.33774038461538464 0.24759615384615385