6 0.7848557692307693 0.45913461538461536 0.30288461538461536 0.35096153846153844
6 0.7920673076923077 0.78125 0.23677884615384615 0.30649038461538464
3 0.65625 0.7992788461538461 0.06129807692307692 0.19230769230769232
3 0.5949519230769231 0.7487980769230769 0.08533653846153846 0.18269230769230768
1 0.48677884615384615 0.7548076923076923 0.16826923076923078 0.24278846153846154
6 0.2980769230769231 0.8161057692307693 0.3125 0.2247596153846154
2 0.2860576923076923 0.6466346153846154 0.16346153846153846 0.14423076923076922
2 0.38100961538461536 0.5709134615384616 0.15504807692307693 0.1622596153846154
9 0.5600961538461539 0.5612980769230769 0.19591346153846154 0.16466346153846154
2 0.5084134615384616 0.4579326923076923 0.15865384615384615 0.12740384615384615
2 0.5120192307692307 0.3293269230769231 0.125 0.16105769230769232
9 0.23197115384615385 0.36658653846153844 0.19471153846153846 0.18870192307692307
1 0.12740384615384615 0.3173076923076923 0.1658653846153846 0.24759615384615385
8 0.15264423076923078 0.5024038461538461 0.125 0.13822115384615385
9 0.10096153846153846 0.7055288461538461 0.1466346153846154 0.18389423076923078
0 0.2860576923076923 0.44471153846153844 0.22716346153846154 0.328125