7 0.421875 0.53125 0.21754807692307693 0.2704326923076923
7 0.5793269230769231 0.5673076923076923 0.10697115384615384 0.30528846153846156
7 0.421875 0.6682692307692307 0.18629807692307693 0.2980769230769231
3 0.3088942307692308 0.3641826923076923 0.19591346153846154 0.06971153846153846
3 0.16105769230769232 0.5504807692307693 0.0673076923076923 0.19230769230769232
11 0.2091346153846154 0.7247596153846154 0.0985576923076923 0.13822115384615385
11 0.14423076923076922 0.7740384615384616 0.12139423076923077 0.13942307692307693
11 0.7055288461538461 0.53125 0.11899038461538461 0.13341346153846154
16 0.6706730769230769 0.6033653846153846 0.1141826923076923 0.1201923076923077
2 0.5985576923076923 0.7596153846153846 0.13221153846153846 0.13221153846153846
3 0.6502403846153846 0.8389423076923077 0.18870192307692307 0.11658653846153846
7 0.29927884615384615 0.8028846153846154 0.13701923076923078 0.17427884615384615
7 0.3629807692307692 0.9050480769230769 0.13701923076923078 0.17548076923076922
7 0.27403846153846156 0.5625 0.109375 0.16826923076923078