1 0.8966346153846154 0.16466346153846154 0.0889423076923077 0.13581730769230768
1 0.9074519230769231 0.28365384615384615 0.1045673076923077 0.12860576923076922
1 0.8725961538461539 0.4074519230769231 0.10576923076923077 0.12139423076923077
1 0.8930288461538461 0.5192307692307693 0.13581730769230768 0.19831730769230768
11 0.7548076923076923 0.7019230769230769 0.10817307692307693 0.13221153846153846
10 0.8990384615384616 0.7403846153846154 0.20072115384615385 0.24879807692307693
16 0.8125 0.8737980769230769 0.14423076923076922 0.11899038461538461
12 0.6899038461538461 0.8617788461538461 0.28125 0.25
1 0.5588942307692307 0.7908653846153846 0.22596153846153846 0.15384615384615385
0 0.5997596153846154 0.7115384615384616 0.234375 0.19951923076923078
1 0.46153846153846156 0.6875 0.1935096153846154 0.171875
10 0.5012019230769231 0.5685096153846154 0.21995192307692307 0.22956730769230768
13 0.3329326923076923 0.8161057692307693 0.3329326923076923 0.34375
10 0.23197115384615385 0.6995192307692307 0.23076923076923078 0.23317307692307693
0 0.35216346153846156 0.5192307692307693 0.22596153846153846 0.24278846153846154
5 0.1935096153846154 0.4411057692307692 0.33774038461538464 0.40865384615384615
5 0.2608173076923077 0.28846153846153844 0.4567307692307692 0.2620192307692308
5 0.7127403846153846 0.4338942307692308 0.36899038461538464 0.5024038461538461
5 0.45072115384615385 0.27283653846153844 0.3786057692307692 0.49278846153846156
5 0.7103365384615384 0.19230769230769232 0.31971153846153844 0.3629807692307692