16 0.8064903846153846 0.23317307692307693 0.2439903846153846 0.2776442307692308
7 0.625 0.25841346153846156 0.140625 0.3245192307692308
14 0.7512019230769231 0.6286057692307693 0.078125 0.2692307692307692
4 0.6358173076923077 0.5612980769230769 0.13341346153846154 0.23557692307692307
11 0.43990384615384615 0.5997596153846154 0.109375 0.15264423076923078
2 0.5360576923076923 0.35697115384615385 0.10817307692307693 0.1778846153846154
14 0.22596153846153846 0.2668269230769231 0.21754807692307693 0.24278846153846154
12 0.28725961538461536 0.5625 0.09495192307692307 0.16346153846153846
14 0.3581730769230769 0.2764423076923077 0.0733173076923077 0.24519230769230768
2 0.43509615384615385 0.25240384615384615 0.09254807692307693 0.1814903846153846
11 0.7632211538461539 0.44711538461538464 0.17307692307692307 0.140625
4 0.8365384615384616 0.7403846153846154 0.15144230769230768 0.2283653846153846
14 0.3473557692307692 0.7752403846153846 0.1935096153846154 0.2439903846153846
11 0.15264423076923078 0.5168269230769231 0.1310096153846154 0.15865384615384615
2 0.18269230769230768 0.39663461538461536 0.19471153846153846 0.13581730769230768