5 0.2956730769230769 0.2512019230769231 0.43509615384615385 0.3004807692307692
16 0.15384615384615385 0.5276442307692307 0.12980769230769232 0.10576923076923077
0 0.265625 0.5516826923076923 0.13942307692307693 0.23317307692307693
16 0.3870192307692308 0.4567307692307692 0.11057692307692307 0.08533653846153846
3 0.3798076923076923 0.5889423076923077 0.11658653846153846 0.19110576923076922
3 0.12379807692307693 0.6887019230769231 0.1502403846153846 0.1971153846153846
3 0.21394230769230768 0.8185096153846154 0.19951923076923078 0.16466346153846154
1 0.4326923076923077 0.6935096153846154 0.12139423076923077 0.05889423076923077
12 0.453125 0.8329326923076923 0.3125 0.11177884615384616
3 0.4230769230769231 0.8810096153846154 0.19831730769230768 0.09134615384615384
1 0.546875 0.5 0.04447115384615385 0.1201923076923077
12 0.5985576923076923 0.44711538461538464 0.0829326923076923 0.31009615384615385
5 0.7872596153846154 0.5288461538461539 0.3798076923076923 0.4699519230769231
3 0.8341346153846154 0.8449519230769231 0.15504807692307693 0.18028846153846154
8 0.75 0.8581730769230769 0.13822115384615385 0.12259615384615384