6 0.7764423076923077 0.30408653846153844 0.2848557692307692 0.3798076923076923
7 0.5697115384615384 0.5276442307692307 0.3389423076923077 0.10697115384615384
9 0.7427884615384616 0.7007211538461539 0.4387019230769231 0.3293269230769231
4 0.5012019230769231 0.7223557692307693 0.1141826923076923 0.2764423076923077
1 0.28846153846153844 0.5889423076923077 0.15504807692307693 0.06490384615384616
3 0.1141826923076923 0.5492788461538461 0.21754807692307693 0.10817307692307693
4 0.18509615384615385 0.15745192307692307 0.13822115384615385 0.23317307692307693
4 0.31850961538461536 0.16105769230769232 0.15384615384615385 0.23677884615384615
0 0.22716346153846154 0.75 0.24639423076923078 0.1141826923076923
6 0.5204326923076923 0.3016826923076923 0.27403846153846156 0.34975961538461536
4 0.19831730769230768 0.3762019230769231 0.140625 0.22956730769230768
4 0.3317307692307692 0.38461538461538464 0.13221153846153846 0.22716346153846154
1 0.3545673076923077 0.6478365384615384 0.1045673076923077 0.14302884615384615
1 0.4170673076923077 0.6237980769230769 0.10096153846153846 0.13581730769230768
4 0.2644230769230769 0.8473557692307693 0.2848557692307692 0.14423076923076922