13 0.8521634615384616 0.24879807692307693 0.2692307692307692 0.35216346153846156
16 0.6838942307692307 0.2247596153846154 0.17427884615384615 0.2247596153846154
16 0.5372596153846154 0.24879807692307693 0.18509615384615385 0.23798076923076922
16 0.7740384615384616 0.43028846153846156 0.2403846153846154 0.22956730769230768
9 0.6370192307692307 0.5372596153846154 0.13701923076923078 0.22716346153846154
9 0.5540865384615384 0.5685096153846154 0.1502403846153846 0.23557692307692307
15 0.5216346153846154 0.4411057692307692 0.171875 0.11177884615384616
15 0.5192307692307693 0.38822115384615385 0.15985576923076922 0.1141826923076923
4 0.2980769230769231 0.23076923076923078 0.2536057692307692 0.23677884615384615
4 0.3629807692307692 0.3401442307692308 0.23918269230769232 0.24519230769230768
16 0.17427884615384615 0.4050480769230769 0.27163461538461536 0.3161057692307692
10 0.40865384615384615 0.6021634615384616 0.2439903846153846 0.3016826923076923
16 0.27283653846153844 0.6838942307692307 0.19591346153846154 0.30649038461538464
10 0.5192307692307693 0.7848557692307693 0.30408653846153844 0.2764423076923077
3 0.6826923076923077 0.7524038461538461 0.18629807692307693 0.16706730769230768
4 0.8100961538461539 0.6850961538461539 0.19471153846153846 0.2548076923076923