13 0.34134615384615385 0.3425480769230769 0.375 0.3425480769230769
13 0.47836538461538464 0.23798076923076922 0.3629807692307692 0.38461538461538464
9 0.7019230769230769 0.21153846153846154 0.23918269230769232 0.18629807692307693
0 0.8810096153846154 0.28725961538461536 0.12259615384615384 0.29447115384615385
7 0.71875 0.359375 0.23317307692307693 0.1971153846153846
7 0.6526442307692307 0.43149038461538464 0.24759615384615385 0.13942307692307693
7 0.5961538461538461 0.5180288461538461 0.24278846153846154 0.16947115384615385
0 0.8605769230769231 0.47836538461538464 0.2776442307692308 0.18629807692307693
0 0.8353365384615384 0.5973557692307693 0.296875 0.11538461538461539
0 0.46634615384615385 0.5709134615384616 0.36778846153846156 0.21394230769230768
0 0.41225961538461536 0.6514423076923077 0.3629807692307692 0.21033653846153846
16 0.27884615384615385 0.7151442307692307 0.3076923076923077 0.2776442307692308
12 0.5408653846153846 0.8605769230769231 0.3125 0.21875
14 0.5817307692307693 0.7956730769230769 0.20192307692307693 0.15985576923076922
8 0.6370192307692307 0.7163461538461539 0.1045673076923077 0.1346153846153846
8 0.6959134615384616 0.6911057692307693 0.10576923076923077 0.12740384615384615
16 0.7139423076923077 0.8100961538461539 0.09254807692307693 0.12259615384615384
13 0.8353365384615384 0.7668269230769231 0.27283653846153844 0.3389423076923077