16 0.08533653846153846 0.3449519230769231 0.16826923076923078 0.22956730769230768
14 0.23918269230769232 0.296875 0.21995192307692307 0.23557692307692307
10 0.38461538461538464 0.39302884615384615 0.31009615384615385 0.29447115384615385
10 0.42427884615384615 0.21033653846153846 0.24519230769230768 0.3016826923076923
13 0.6286057692307693 0.2824519230769231 0.38100961538461536 0.4014423076923077
13 0.8762019230769231 0.29447115384615385 0.24759615384615385 0.3581730769230769
16 0.7920673076923077 0.4855769230769231 0.1971153846153846 0.22956730769230768
16 0.7283653846153846 0.6538461538461539 0.2127403846153846 0.24639423076923078
16 0.8894230769230769 0.7319711538461539 0.2127403846153846 0.26322115384615385
16 0.5745192307692307 0.5528846153846154 0.26322115384615385 0.24639423076923078
2 0.5805288461538461 0.6923076923076923 0.15745192307692307 0.16346153846153846
2 0.3798076923076923 0.5492788461538461 0.15504807692307693 0.16706730769230768
2 0.25961538461538464 0.5432692307692307 0.11057692307692307 0.1622596153846154
0 0.375 0.6622596153846154 0.2932692307692308 0.09495192307692307
0 0.39663461538461536 0.7596153846153846 0.29447115384615385 0.12980769230769232
7 0.6658653846153846 0.9086538461538461 0.23918269230769232 0.18028846153846154
10 0.3786057692307692 0.8653846153846154 0.2548076923076923 0.2403846153846154
13 0.15865384615384615 0.6802884615384616 0.3173076923076923 0.36177884615384615