16 0.22596153846153846 0.26802884615384615 0.16947115384615385 0.25721153846153844
16 0.4543269230769231 0.1935096153846154 0.2764423076923077 0.2536057692307692
16 0.8149038461538461 0.35697115384615385 0.16706730769230768 0.23918269230769232
9 0.1045673076923077 0.5961538461538461 0.19831730769230768 0.20673076923076922
9 0.12259615384615384 0.7800480769230769 0.20432692307692307 0.16466346153846154
4 0.3581730769230769 0.8665865384615384 0.24879807692307693 0.2403846153846154
4 0.8269230769230769 0.7560096153846154 0.24519230769230768 0.22596153846153846
4 0.7800480769230769 0.5504807692307693 0.21514423076923078 0.16947115384615385
7 0.6237980769230769 0.7824519230769231 0.1502403846153846 0.20192307692307693
7 0.5949519230769231 0.6117788461538461 0.18870192307692307 0.13942307692307693
3 0.5492788461538461 0.7560096153846154 0.15865384615384615 0.19831730769230768
16 0.453125 0.6983173076923077 0.08533653846153846 0.11298076923076923
16 0.2860576923076923 0.6959134615384616 0.12620192307692307 0.13341346153846154
16 0.38822115384615385 0.5216346153846154 0.11538461538461539 0.12860576923076922
0 0.31971153846153844 0.4338942307692308 0.31850961538461536 0.2668269230769231
0 0.5096153846153846 0.4723557692307692 0.1466346153846154 0.35697115384615385