13 0.5853365384615384 0.27283653846153844 0.2920673076923077 0.32572115384615385
13 0.4266826923076923 0.625 0.31009615384615385 0.2848557692307692
13 0.34615384615384615 0.7620192307692307 0.28365384615384615 0.24278846153846154
6 0.5060096153846154 0.484375 0.296875 0.21033653846153846
8 0.6947115384615384 0.4098557692307692 0.12259615384615384 0.09134615384615384
8 0.7163461538461539 0.49278846153846156 0.12740384615384615 0.10576923076923077
8 0.8377403846153846 0.4951923076923077 0.12139423076923077 0.0673076923076923
7 0.7800480769230769 0.6646634615384616 0.1310096153846154 0.1875
7 0.6887019230769231 0.6057692307692307 0.1778846153846154 0.18028846153846154
7 0.6274038461538461 0.7403846153846154 0.18870192307692307 0.1045673076923077
1 0.6298076923076923 0.8461538461538461 0.13701923076923078 0.10096153846153846
1 0.5805288461538461 0.8016826923076923 0.14543269230769232 0.04927884615384615
15 0.5300480769230769 0.8425480769230769 0.0985576923076923 0.05048076923076923
16 0.3954326923076923 0.31850961538461536 0.2283653846153846 0.14423076923076922
16 0.21394230769230768 0.4795673076923077 0.265625 0.22235576923076922