5 0.8521634615384616 0.6141826923076923 0.2956730769230769 0.37740384615384615
10 0.6838942307692307 0.20072115384615385 0.2704326923076923 0.24879807692307693
10 0.34375 0.7992788461538461 0.2091346153846154 0.2439903846153846
10 0.17668269230769232 0.8329326923076923 0.19471153846153846 0.22355769230769232
2 0.6310096153846154 0.4387019230769231 0.125 0.15264423076923078
2 0.5528846153846154 0.4807692307692308 0.1310096153846154 0.15504807692307693
2 0.5456730769230769 0.8317307692307693 0.15264423076923078 0.1622596153846154
2 0.6947115384615384 0.5853365384615384 0.1310096153846154 0.16826923076923078
2 0.59375 0.6478365384615384 0.14423076923076922 0.16826923076923078
16 0.6081730769230769 0.8834134615384616 0.11899038461538461 0.09735576923076923
16 0.7079326923076923 0.7740384615384616 0.28846153846153844 0.21514423076923078
7 0.47596153846153844 0.5841346153846154 0.14423076923076922 0.3269230769230769
7 0.41586538461538464 0.7139423076923077 0.15625 0.3269230769230769
14 0.18269230769230768 0.6598557692307693 0.22716346153846154 0.20072115384615385
14 0.7391826923076923 0.3485576923076923 0.21634615384615385 0.21514423076923078
14 0.6009615384615384 0.29927884615384615 0.21514423076923078 0.18389423076923078
6 0.43028846153846156 0.27403846153846156 0.25 0.3245192307692308
6 0.20793269230769232 0.44350961538461536 0.27884615384615385 0.31490384615384615
5 0.25721153846153844 0.25600961538461536 0.31971153846153844 0.3701923076923077