4 0.8365384615384616 0.8317307692307693 0.23317307692307693 0.19230769230769232
4 0.6201923076923077 0.8713942307692307 0.2283653846153846 0.18269230769230768
4 0.3786057692307692 0.9038461538461539 0.2403846153846154 0.17307692307692307
16 0.6959134615384616 0.6766826923076923 0.21394230769230768 0.19230769230769232
16 0.7367788461538461 0.4579326923076923 0.18389423076923078 0.20432692307692307
15 0.5901442307692307 0.5504807692307693 0.1875 0.20432692307692307
0 0.4266826923076923 0.7884615384615384 0.3918269230769231 0.14302884615384615
0 0.6514423076923077 0.24519230769230768 0.1346153846153846 0.38100961538461536
0 0.4639423076923077 0.5456730769230769 0.10096153846153846 0.2980769230769231
0 0.3317307692307692 0.5552884615384616 0.1201923076923077 0.39783653846153844
2 0.4831730769230769 0.3112980769230769 0.16706730769230768 0.15264423076923078
2 0.4026442307692308 0.24278846153846154 0.1622596153846154 0.16346153846153846
2 0.2283653846153846 0.53125 0.11778846153846154 0.1622596153846154
15 0.14903846153846154 0.734375 0.1466346153846154 0.17427884615384615
16 0.09254807692307693 0.5697115384615384 0.17427884615384615 0.21875
16 0.12860576923076922 0.38100961538461536 0.17548076923076922 0.19831730769230768