16 0.4639423076923077 0.19591346153846154 0.24639423076923078 0.17307692307692307
3 0.8004807692307693 0.2668269230769231 0.15865384615384615 0.171875
0 0.3641826923076923 0.3269230769230769 0.17908653846153846 0.13942307692307693
0 0.5336538461538461 0.39302884615384615 0.1346153846153846 0.18269230769230768
13 0.6850961538461539 0.3557692307692308 0.3557692307692308 0.3701923076923077
10 0.5985576923076923 0.5180288461538461 0.15384615384615385 0.15384615384615385
12 0.34134615384615385 0.43509615384615385 0.30528846153846156 0.20432692307692307
10 0.23317307692307693 0.59375 0.16826923076923078 0.16947115384615385
13 0.47475961538461536 0.5889423076923077 0.34615384615384615 0.3581730769230769
15 0.8016826923076923 0.5432692307692307 0.09254807692307693 0.13341346153846154
16 0.6778846153846154 0.5961538461538461 0.08653846153846154 0.11778846153846154
16 0.6947115384615384 0.7019230769230769 0.12379807692307693 0.12620192307692307
10 0.36538461538461536 0.7079326923076923 0.1502403846153846 0.15384615384615385
10 0.35336538461538464 0.8473557692307693 0.15504807692307693 0.1502403846153846
16 0.5096153846153846 0.7680288461538461 0.12379807692307693 0.109375