5 0.7728365384615384 0.25721153846153844 0.34134615384615385 0.49158653846153844
5 0.5637019230769231 0.3173076923076923 0.3713942307692308 0.30649038461538464
6 0.37259615384615385 0.2932692307692308 0.23197115384615385 0.32091346153846156
6 0.1622596153846154 0.4387019230769231 0.29086538461538464 0.3125
7 0.6021634615384616 0.5036057692307693 0.18028846153846154 0.11538461538461539
7 0.6009615384615384 0.5997596153846154 0.16466346153846154 0.11057692307692307
4 0.28966346153846156 0.3389423076923077 0.23197115384615385 0.20552884615384615
4 0.7548076923076923 0.5540865384615384 0.17548076923076922 0.2403846153846154
4 0.8882211538461539 0.6213942307692307 0.18509615384615385 0.23197115384615385
5 0.28966346153846156 0.6598557692307693 0.5228365384615384 0.49278846153846156
1 0.23557692307692307 0.8846153846153846 0.20793269230769232 0.16466346153846154
1 0.6778846153846154 0.7151442307692307 0.20192307692307693 0.15384615384615385
3 0.5997596153846154 0.7980769230769231 0.0733173076923077 0.20192307692307693
3 0.8088942307692307 0.8112980769230769 0.11658653846153846 0.20673076923076922
1 0.6983173076923077 0.8305288461538461 0.1502403846153846 0.09014423076923077
1 0.3581730769230769 0.8317307692307693 0.12740384615384615 0.0733173076923077
1 0.44350961538461536 0.9098557692307693 0.13581730769230768 0.09495192307692307
6 0.4807692307692308 0.7644230769230769 0.28725961538461536 0.2512019230769231
1 0.21394230769230768 0.7151442307692307 0.2091346153846154 0.21754807692307693