16 0.09254807692307693 0.39783653846153844 0.17908653846153846 0.2091346153846154
16 0.9134615384615384 0.47716346153846156 0.17067307692307693 0.20072115384615385
6 0.4362980769230769 0.2439903846153846 0.2704326923076923 0.3317307692307692
6 0.6646634615384616 0.21634615384615385 0.21995192307692307 0.30528846153846156
0 0.21033653846153846 0.3545673076923077 0.14543269230769232 0.36778846153846156
0 0.3173076923076923 0.32572115384615385 0.14182692307692307 0.36538461538461536
0 0.8088942307692307 0.5048076923076923 0.11177884615384616 0.3701923076923077
5 0.6033653846153846 0.5600961538461539 0.32211538461538464 0.43149038461538464
15 0.18028846153846154 0.5997596153846154 0.13341346153846154 0.08052884615384616
15 0.28125 0.5600961538461539 0.13221153846153846 0.078125
15 0.36538461538461536 0.5733173076923077 0.06850961538461539 0.12980769230769232
12 0.2848557692307692 0.6310096153846154 0.15504807692307693 0.07211538461538461
4 0.7932692307692307 0.7223557692307693 0.1875 0.10697115384615384
5 0.22355769230769232 0.8161057692307693 0.4423076923076923 0.29086538461538464
4 0.5504807692307693 0.8894230769230769 0.22596153846153846 0.171875
4 0.7632211538461539 0.8461538461538461 0.23076923076923078 0.1814903846153846