16 0.4951923076923077 0.3112980769230769 0.15985576923076922 0.21634615384615385
16 0.7259615384615384 0.40865384615384615 0.203125 0.14783653846153846
16 0.28846153846153844 0.43028846153846156 0.18269230769230768 0.21634615384615385
14 0.4230769230769231 0.5709134615384616 0.16346153846153846 0.19951923076923078
14 0.5576923076923077 0.5384615384615384 0.18990384615384615 0.2283653846153846
14 0.7548076923076923 0.5540865384615384 0.2247596153846154 0.19110576923076922
8 0.8100961538461539 0.65625 0.11658653846153846 0.09014423076923077
8 0.7403846153846154 0.7331730769230769 0.11057692307692307 0.10576923076923077
8 0.6911057692307693 0.7992788461538461 0.09615384615384616 0.11899038461538461
3 0.8100961538461539 0.7463942307692307 0.17067307692307693 0.16947115384615385
1 0.5564903846153846 0.734375 0.2283653846153846 0.19591346153846154
1 0.31490384615384615 0.71875 0.23798076923076922 0.17908653846153846