13 0.7199519230769231 0.16706730769230768 0.3125 0.26322115384615385
13 0.19591346153846154 0.29447115384615385 0.3485576923076923 0.35096153846153844
7 0.40384615384615385 0.2127403846153846 0.2127403846153846 0.20432692307692307
7 0.47475961538461536 0.2644230769230769 0.21754807692307693 0.2091346153846154
16 0.859375 0.3545673076923077 0.21153846153846154 0.22596153846153846
0 0.6923076923076923 0.4182692307692308 0.2283653846153846 0.23677884615384615
0 0.5985576923076923 0.4338942307692308 0.22596153846153846 0.24519230769230768
0 0.5588942307692307 0.5012019230769231 0.25961538461538464 0.19951923076923078
0 0.43149038461538464 0.5144230769230769 0.3557692307692308 0.21754807692307693
9 0.8449519230769231 0.5612980769230769 0.22235576923076922 0.18389423076923078
8 0.9110576923076923 0.6442307692307693 0.14302884615384615 0.12860576923076922
3 0.7151442307692307 0.6213942307692307 0.15384615384615385 0.16466346153846154
9 0.4098557692307692 0.6322115384615384 0.21514423076923078 0.14543269230769232
15 0.125 0.6153846153846154 0.24639423076923078 0.2536057692307692
15 0.2247596153846154 0.5528846153846154 0.1346153846153846 0.2283653846153846
9 0.8221153846153846 0.7836538461538461 0.21394230769230768 0.2091346153846154
13 0.6370192307692307 0.7716346153846154 0.34134615384615385 0.37259615384615385
12 0.3858173076923077 0.7103365384615384 0.3173076923076923 0.18389423076923078
12 0.2800480769230769 0.7668269230769231 0.296875 0.21394230769230768