16 0.6658653846153846 0.22115384615384615 0.22596153846153846 0.21875
16 0.8377403846153846 0.38461538461538464 0.22235576923076922 0.21754807692307693
10 0.5192307692307693 0.31850961538461536 0.23798076923076922 0.20192307692307693
7 0.703125 0.4579326923076923 0.17908653846153846 0.16706730769230768
0 0.4519230769230769 0.4855769230769231 0.18629807692307693 0.22355769230769232
2 0.5793269230769231 0.4807692307692308 0.17427884615384615 0.1778846153846154
2 0.6802884615384616 0.5853365384615384 0.15625 0.15745192307692307
10 0.84375 0.6129807692307693 0.23677884615384615 0.2644230769230769
7 0.5576923076923077 0.6526442307692307 0.08413461538461539 0.1875
12 0.43149038461538464 0.5841346153846154 0.1875 0.234375
12 0.6586538461538461 0.7283653846153846 0.20432692307692307 0.14182692307692307
16 0.27283653846153844 0.5180288461538461 0.17908653846153846 0.20192307692307693
10 0.30649038461538464 0.7475961538461539 0.25240384615384615 0.24519230769230768
14 0.5168269230769231 0.8329326923076923 0.17668269230769232 0.13341346153846154
14 0.7415865384615384 0.8028846153846154 0.20192307692307693 0.18509615384615385