10 0.47836538461538464 0.36658653846153844 0.19471153846153846 0.19951923076923078
10 0.3161057692307692 0.6021634615384616 0.1971153846153846 0.1971153846153846
7 0.6814903846153846 0.4230769230769231 0.09254807692307693 0.33052884615384615
12 0.4411057692307692 0.4735576923076923 0.12740384615384615 0.08774038461538461
12 0.5612980769230769 0.4795673076923077 0.1201923076923077 0.0673076923076923
4 0.5637019230769231 0.5540865384615384 0.27163461538461536 0.11057692307692307
4 0.6334134615384616 0.6502403846153846 0.2800480769230769 0.1502403846153846
1 0.4338942307692308 0.6598557692307693 0.10576923076923077 0.13581730769230768
12 0.5348557692307693 0.7151442307692307 0.12980769230769232 0.0889423076923077
11 0.71875 0.7716346153846154 0.15745192307692307 0.10336538461538461
11 0.48677884615384615 0.78125 0.15745192307692307 0.11899038461538461