5 0.27524038461538464 0.3016826923076923 0.3713942307692308 0.3401442307692308
13 0.48677884615384615 0.2764423076923077 0.32091346153846156 0.3329326923076923
13 0.7103365384615384 0.2704326923076923 0.33533653846153844 0.38461538461538464
13 0.8353365384615384 0.3786057692307692 0.328125 0.33413461538461536
2 0.609375 0.48677884615384615 0.1778846153846154 0.19110576923076922
2 0.5180288461538461 0.5516826923076923 0.171875 0.20432692307692307
10 0.8497596153846154 0.6225961538461539 0.20552884615384615 0.1971153846153846
11 0.7548076923076923 0.5733173076923077 0.16706730769230768 0.18870192307692307
11 0.6213942307692307 0.6442307692307693 0.17067307692307693 0.14783653846153846
13 0.34615384615384615 0.5528846153846154 0.30649038461538464 0.328125
10 0.20192307692307693 0.5793269230769231 0.20432692307692307 0.19951923076923078
10 0.18629807692307693 0.7043269230769231 0.20552884615384615 0.16947115384615385
4 0.3581730769230769 0.7680288461538461 0.171875 0.1658653846153846
4 0.5192307692307693 0.7512019230769231 0.19471153846153846 0.14423076923076922
3 0.6790865384615384 0.7079326923076923 0.19951923076923078 0.12740384615384615
14 0.6850961538461539 0.7872596153846154 0.18870192307692307 0.18269230769230768
14 0.8040865384615384 0.7608173076923077 0.19951923076923078 0.1778846153846154
15 0.1814903846153846 0.8641826923076923 0.2536057692307692 0.21875
15 0.40625 0.8629807692307693 0.23918269230769232 0.19951923076923078
15 0.6454326923076923 0.875 0.28966346153846156 0.18870192307692307