6 0.23677884615384615 0.22235576923076922 0.34375 0.39783653846153844
0 0.359375 0.33653846153846156 0.16105769230769232 0.2536057692307692
9 0.18269230769230768 0.4519230769230769 0.20793269230769232 0.16706730769230768
14 0.2091346153846154 0.6201923076923077 0.25721153846153844 0.234375
10 0.4182692307692308 0.5240384615384616 0.23677884615384615 0.20072115384615385
6 0.5733173076923077 0.3112980769230769 0.34975961538461536 0.41346153846153844
4 0.8485576923076923 0.2127403846153846 0.2536057692307692 0.1935096153846154
4 0.8425480769230769 0.40865384615384615 0.2860576923076923 0.2620192307692308
4 0.4338942307692308 0.6778846153846154 0.24278846153846154 0.16706730769230768
4 0.15144230769230768 0.8100961538461539 0.24158653846153846 0.19471153846153846
6 0.40024038461538464 0.8449519230769231 0.31850961538461536 0.25961538461538464
6 0.7091346153846154 0.6201923076923077 0.3545673076923077 0.32572115384615385
6 0.7836538461538461 0.8221153846153846 0.3557692307692308 0.32211538461538464