5 0.5120192307692307 0.23557692307692307 0.34615384615384615 0.4206730769230769
10 0.7379807692307693 0.4495192307692308 0.18990384615384615 0.20192307692307693
4 0.8918269230769231 0.5853365384615384 0.21514423076923078 0.2403846153846154
9 0.5276442307692307 0.5108173076923077 0.15985576923076922 0.20192307692307693
9 0.6298076923076923 0.5889423076923077 0.1971153846153846 0.17668269230769232
6 0.3329326923076923 0.4891826923076923 0.31490384615384615 0.2127403846153846
16 0.13822115384615385 0.46274038461538464 0.09254807692307693 0.10817307692307693
16 0.09134615384615384 0.5456730769230769 0.12860576923076922 0.11057692307692307
6 0.546875 0.7247596153846154 0.30288461538461536 0.20432692307692307
9 0.35697115384615385 0.6754807692307693 0.11899038461538461 0.20072115384615385
8 0.734375 0.8317307692307693 0.10216346153846154 0.1201923076923077
7 0.24158653846153846 0.7572115384615384 0.09615384615384616 0.18629807692307693
1 0.34375 0.8485576923076923 0.13942307692307693 0.10336538461538461
8 0.07451923076923077 0.71875 0.11778846153846154 0.12139423076923077
8 0.10096153846153846 0.8161057692307693 0.11057692307692307 0.08533653846153846