16 0.8629807692307693 0.5685096153846154 0.24519230769230768 0.265625
16 0.59375 0.4483173076923077 0.2247596153846154 0.2620192307692308
16 0.15985576923076922 0.42908653846153844 0.2704326923076923 0.22355769230769232
7 0.6033653846153846 0.7259615384615384 0.12980769230769232 0.328125
7 0.4026442307692308 0.7992788461538461 0.3269230769230769 0.17427884615384615
7 0.49158653846153844 0.5745192307692307 0.1346153846153846 0.30649038461538464
7 0.21754807692307693 0.6622596153846154 0.1466346153846154 0.3161057692307692
7 0.4074519230769231 0.6358173076923077 0.11538461538461539 0.1814903846153846
7 0.3329326923076923 0.7007211538461539 0.10697115384615384 0.18389423076923078
3 0.15625 0.6959134615384616 0.11778846153846154 0.20673076923076922
2 0.09375 0.6141826923076923 0.13701923076923078 0.18509615384615385