16 0.5925480769230769 0.8978365384615384 0.12379807692307693 0.12620192307692307
3 0.7548076923076923 0.7403846153846154 0.12980769230769232 0.1935096153846154
3 0.6730769230769231 0.7584134615384616 0.16706730769230768 0.14783653846153846
1 0.6105769230769231 0.7764423076923077 0.17548076923076922 0.140625
11 0.5204326923076923 0.8581730769230769 0.16346153846153846 0.17908653846153846
13 0.8545673076923077 0.640625 0.2824519230769231 0.3641826923076923
16 0.5733173076923077 0.609375 0.25961538461538464 0.24639423076923078
13 0.7536057692307693 0.4026442307692308 0.29927884615384615 0.36899038461538464
10 0.4483173076923077 0.7319711538461539 0.19230769230769232 0.18509615384615385
16 0.30649038461538464 0.8305288461538461 0.25721153846153844 0.23317307692307693
4 0.5625 0.41225961538461536 0.27524038461538464 0.2920673076923077
4 0.3629807692307692 0.48197115384615385 0.28846153846153844 0.3125
16 0.2439903846153846 0.6057692307692307 0.25 0.2620192307692308
5 0.6742788461538461 0.22956730769230768 0.4026442307692308 0.2692307692307692
5 0.34134615384615385 0.2704326923076923 0.4362980769230769 0.3233173076923077