1 0.11899038461538461 0.38822115384615385 0.15144230769230768 0.09495192307692307
4 0.28365384615384615 0.33653846153846156 0.2548076923076923 0.1814903846153846
11 0.5793269230769231 0.28365384615384615 0.16826923076923078 0.18990384615384615
11 0.1658653846153846 0.5204326923076923 0.12860576923076922 0.17427884615384615
14 0.26802884615384615 0.5180288461538461 0.14423076923076922 0.23197115384615385
11 0.33533653846153844 0.5240384615384616 0.15384615384615385 0.19591346153846154
4 0.6129807692307693 0.4026442307692308 0.2247596153846154 0.24639423076923078
0 0.4326923076923077 0.546875 0.20192307692307693 0.22355769230769232
0 0.515625 0.6610576923076923 0.10576923076923077 0.24759615384615385
11 0.1935096153846154 0.8305288461538461 0.1201923076923077 0.2091346153846154
0 0.3629807692307692 0.7439903846153846 0.22115384615384615 0.21394230769230768
3 0.4014423076923077 0.8197115384615384 0.20673076923076922 0.16346153846153846
16 0.734375 0.41225961538461536 0.1310096153846154 0.12379807692307693
16 0.7199519230769231 0.4951923076923077 0.12259615384615384 0.1045673076923077
16 0.7067307692307693 0.5673076923076923 0.12860576923076922 0.1045673076923077
4 0.6706730769230769 0.6911057692307693 0.23317307692307693 0.25841346153846156
4 0.8389423076923077 0.5180288461538461 0.1935096153846154 0.2536057692307692
3 0.8389423076923077 0.7283653846153846 0.19110576923076922 0.19951923076923078