4 0.6923076923076923 0.17548076923076922 0.16346153846153846 0.23918269230769232
4 0.5612980769230769 0.19110576923076922 0.18870192307692307 0.24879807692307693
4 0.7548076923076923 0.3245192307692308 0.17908653846153846 0.2512019230769231
7 0.5300480769230769 0.34975961538461536 0.16105769230769232 0.171875
16 0.6622596153846154 0.4026442307692308 0.10817307692307693 0.125
1 0.7764423076923077 0.4987980769230769 0.0985576923076923 0.1310096153846154
3 0.75 0.5829326923076923 0.1875 0.19591346153846154
1 0.6237980769230769 0.46875 0.12379807692307693 0.12740384615384615
1 0.5973557692307693 0.4963942307692308 0.12379807692307693 0.1310096153846154
4 0.6370192307692307 0.6826923076923077 0.22115384615384615 0.2692307692307692
0 0.5036057692307693 0.5612980769230769 0.10576923076923077 0.2439903846153846
0 0.3269230769230769 0.5913461538461539 0.24278846153846154 0.09495192307692307
16 0.44591346153846156 0.7103365384615384 0.09495192307692307 0.12259615384615384
1 0.48677884615384615 0.8197115384615384 0.11177884615384616 0.11899038461538461
16 0.3485576923076923 0.6694711538461539 0.10096153846153846 0.07211538461538461
4 0.328125 0.7992788461538461 0.11778846153846154 0.1971153846153846
16 0.3401442307692308 0.44471153846153844 0.2608173076923077 0.18269230769230768
3 0.14543269230769232 0.5228365384615384 0.14302884615384615 0.20192307692307693
4 0.20192307692307693 0.3425480769230769 0.140625 0.22115384615384615
4 0.38221153846153844 0.19591346153846154 0.18269230769230768 0.23197115384615385