14 0.84375 0.2824519230769231 0.21033653846153846 0.25841346153846156
10 0.7091346153846154 0.31490384615384615 0.15384615384615385 0.15625
14 0.6490384615384616 0.17067307692307693 0.21514423076923078 0.25
13 0.4879807692307692 0.27524038461538464 0.3317307692307692 0.3798076923076923
10 0.5721153846153846 0.4375 0.15625 0.15264423076923078
5 0.27524038461538464 0.2620192307692308 0.375 0.39903846153846156
8 0.265625 0.47475961538461536 0.09495192307692307 0.14302884615384615
13 0.39663461538461536 0.5528846153846154 0.3401442307692308 0.24879807692307693
10 0.19591346153846154 0.6177884615384616 0.19951923076923078 0.1971153846153846
3 0.15745192307692307 0.7560096153846154 0.125 0.20793269230769232
15 0.2980769230769231 0.7752403846153846 0.18028846153846154 0.2692307692307692
8 0.640625 0.8497596153846154 0.14783653846153846 0.10817307692307693
6 0.5276442307692307 0.7079326923076923 0.36778846153846156 0.32211538461538464
6 0.6899038461538461 0.5829326923076923 0.35216346153846156 0.3786057692307692
3 0.7992788461538461 0.4266826923076923 0.19471153846153846 0.15264423076923078
3 0.9026442307692307 0.6225961538461539 0.15865384615384615 0.20673076923076922