3 0.8100961538461539 0.28966346153846156 0.11778846153846154 0.20552884615384615
3 0.140625 0.8954326923076923 0.21514423076923078 0.09134615384615384
1 0.33413461538461536 0.7524038461538461 0.14182692307692307 0.16346153846153846
0 0.2764423076923077 0.5973557692307693 0.17908653846153846 0.140625
0 0.359375 0.4375 0.14182692307692307 0.18629807692307693
4 0.6189903846153846 0.44471153846153844 0.21875 0.23798076923076922
4 0.45552884615384615 0.4651442307692308 0.19471153846153846 0.23918269230769232
14 0.6346153846153846 0.8521634615384616 0.11778846153846154 0.18389423076923078
5 0.6959134615384616 0.6442307692307693 0.4675480769230769 0.5120192307692307
5 0.5949519230769231 0.22235576923076922 0.484375 0.44350961538461536
5 0.18629807692307693 0.28966346153846156 0.3713942307692308 0.4951923076923077