11 0.6899038461538461 0.47596153846153844 0.1466346153846154 0.18509615384615385
11 0.7524038461538461 0.5348557692307693 0.16826923076923078 0.18389423076923078
11 0.5685096153846154 0.44350961538461536 0.1141826923076923 0.20192307692307693
4 0.43990384615384615 0.5252403846153846 0.24879807692307693 0.1971153846153846
4 0.3317307692307692 0.7740384615384616 0.23557692307692307 0.17668269230769232
13 0.7560096153846154 0.7596153846153846 0.3389423076923077 0.33413461538461536
13 0.4795673076923077 0.23918269230769232 0.28125 0.31850961538461536
13 0.2860576923076923 0.328125 0.27884615384615385 0.32091346153846156
6 0.7427884615384616 0.19230769230769232 0.34375 0.265625
6 0.3137019230769231 0.5997596153846154 0.3293269230769231 0.2548076923076923
3 0.6105769230769231 0.6298076923076923 0.12740384615384615 0.17908653846153846
3 0.5324519230769231 0.7463942307692307 0.0889423076923077 0.1935096153846154
3 0.484375 0.734375 0.07932692307692307 0.18509615384615385