13 0.2668269230769231 0.36177884615384615 0.33052884615384615 0.28125
3 0.5540865384615384 0.46274038461538464 0.1778846153846154 0.078125
3 0.7259615384615384 0.5973557692307693 0.1141826923076923 0.1622596153846154
15 0.7427884615384616 0.5120192307692307 0.07091346153846154 0.11899038461538461
15 0.8557692307692307 0.5108173076923077 0.109375 0.10817307692307693
15 0.6971153846153846 0.6586538461538461 0.0625 0.12620192307692307
8 0.6069711538461539 0.7283653846153846 0.11899038461538461 0.10817307692307693
3 0.4338942307692308 0.6514423076923077 0.14903846153846154 0.12980769230769232
13 0.6838942307692307 0.8617788461538461 0.265625 0.21995192307692307
7 0.32091346153846156 0.7331730769230769 0.1201923076923077 0.3317307692307692
7 0.24639423076923078 0.5697115384615384 0.28966346153846156 0.24278846153846154