2 0.6766826923076923 0.8942307692307693 0.24879807692307693 0.13942307692307693
2 0.11778846153846154 0.7019230769230769 0.22716346153846154 0.14182692307692307
15 0.5420673076923077 0.7668269230769231 0.16826923076923078 0.1935096153846154
16 0.11057692307692307 0.7800480769230769 0.14783653846153846 0.11778846153846154
16 0.12379807692307693 0.6129807692307693 0.11057692307692307 0.09254807692307693
16 0.22235576923076922 0.6370192307692307 0.12620192307692307 0.11298076923076923
10 0.7211538461538461 0.7259615384615384 0.2536057692307692 0.23076923076923078
7 0.4375 0.7764423076923077 0.27524038461538464 0.23677884615384615
7 0.16706730769230768 0.5396634615384616 0.3269230769230769 0.11899038461538461
7 0.40024038461538464 0.2548076923076923 0.09615384615384616 0.32091346153846156
14 0.29447115384615385 0.7632211538461539 0.1502403846153846 0.27524038461538464
14 0.38341346153846156 0.5348557692307693 0.14182692307692307 0.24278846153846154
14 0.4831730769230769 0.2776442307692308 0.10817307692307693 0.25721153846153844
11 0.44350961538461536 0.6081730769230769 0.1141826923076923 0.16346153846153846
11 0.7307692307692307 0.5168269230769231 0.16346153846153846 0.18509615384615385
11 0.7223557692307693 0.3545673076923077 0.18870192307692307 0.12980769230769232
11 0.5697115384615384 0.6105769230769231 0.1814903846153846 0.12860576923076922
11 0.8257211538461539 0.5552884615384616 0.1622596153846154 0.18269230769230768
0 0.6009615384615384 0.3798076923076923 0.17427884615384615 0.3173076923076923
5 0.19591346153846154 0.28846153846153844 0.375 0.36658653846153844