6 0.24519230769230768 0.2848557692307692 0.2848557692307692 0.31971153846153844
10 0.38822115384615385 0.47596153846153844 0.19471153846153846 0.19471153846153846
7 0.2764423076923077 0.5180288461538461 0.27283653846153844 0.2608173076923077
7 0.42427884615384615 0.7295673076923077 0.2824519230769231 0.24879807692307693
10 0.5096153846153846 0.6201923076923077 0.1971153846153846 0.1971153846153846
5 0.4338942307692308 0.21875 0.23317307692307693 0.3858173076923077
5 0.6370192307692307 0.21514423076923078 0.2860576923076923 0.39663461538461536
5 0.8317307692307693 0.2692307692307692 0.2644230769230769 0.3942307692307692
0 0.5889423076923077 0.41225961538461536 0.23197115384615385 0.11177884615384616
0 0.5805288461538461 0.4987980769230769 0.21875 0.10576923076923077
5 0.7259615384615384 0.6730769230769231 0.47475961538461536 0.49158653846153844
1 0.4891826923076923 0.8629807692307693 0.12259615384615384 0.09975961538461539
1 0.359375 0.8088942307692307 0.12379807692307693 0.06370192307692307
12 0.3954326923076923 0.9182692307692307 0.16947115384615385 0.07211538461538461
12 0.3269230769230769 0.8605769230769231 0.17067307692307693 0.05889423076923077
12 0.17427884615384615 0.7740384615384616 0.16947115384615385 0.08173076923076923
10 0.15745192307692307 0.5925480769230769 0.20192307692307693 0.19951923076923078
0 0.23677884615384615 0.7331730769230769 0.23798076923076922 0.13581730769230768