7 0.5480769230769231 0.3269230769230769 0.10817307692307693 0.23557692307692307
9 0.4362980769230769 0.3557692307692308 0.13701923076923078 0.13341346153846154
16 0.19951923076923078 0.5372596153846154 0.15985576923076922 0.22716346153846154
6 0.4254807692307692 0.6177884615384616 0.23918269230769232 0.3269230769230769
3 0.6959134615384616 0.7091346153846154 0.0625 0.19230769230769232
10 0.6598557692307693 0.22716346153846154 0.21875 0.24759615384615385
10 0.7560096153846154 0.36899038461538464 0.22596153846153846 0.25600961538461536
10 0.8557692307692307 0.5673076923076923 0.2608173076923077 0.24759615384615385
7 0.6201923076923077 0.5685096153846154 0.10697115384615384 0.23557692307692307
3 0.7980769230769231 0.7620192307692307 0.1310096153846154 0.19951923076923078
9 0.33413461538461536 0.4254807692307692 0.15384615384615385 0.15384615384615385