5 0.32091346153846156 0.27403846153846156 0.4411057692307692 0.3786057692307692
5 0.6322115384615384 0.23197115384615385 0.33052884615384615 0.39783653846153844
9 0.8461538461538461 0.3762019230769231 0.30528846153846156 0.41346153846153844
13 0.2764423076923077 0.5336538461538461 0.32091346153846156 0.2644230769230769
13 0.24879807692307693 0.7524038461538461 0.2932692307692308 0.24519230769230768
6 0.5552884615384616 0.5132211538461539 0.33413461538461536 0.2247596153846154
6 0.5492788461538461 0.6935096153846154 0.34134615384615385 0.27403846153846156
15 0.27884615384615385 0.8533653846153846 0.31971153846153844 0.21634615384615385
3 0.8088942307692307 0.59375 0.19951923076923078 0.12620192307692307
3 0.8173076923076923 0.6550480769230769 0.19951923076923078 0.13581730769230768
3 0.765625 0.6995192307692307 0.16826923076923078 0.16947115384615385
15 0.8882211538461539 0.7331730769230769 0.12740384615384615 0.08774038461538461
3 0.8461538461538461 0.8413461538461539 0.046875 0.19591346153846154
1 0.9086538461538461 0.828125 0.08413461538461539 0.14543269230769232
9 0.7091346153846154 0.8509615384615384 0.21995192307692307 0.22956730769230768
9 0.5360576923076923 0.8846153846153846 0.21153846153846154 0.19471153846153846