4 0.5 0.12379807692307693 0.23197115384615385 0.23677884615384615
4 0.2247596153846154 0.7680288461538461 0.23317307692307693 0.18509615384615385
5 0.7860576923076923 0.3161057692307692 0.41947115384615385 0.41466346153846156
5 0.7680288461538461 0.7668269230769231 0.46274038461538464 0.4567307692307692
8 0.24158653846153846 0.17908653846153846 0.11057692307692307 0.08774038461538461
8 0.10336538461538461 0.3016826923076923 0.11298076923076923 0.11177884615384616
12 0.16466346153846154 0.35096153846153844 0.16706730769230768 0.07451923076923077
14 0.3449519230769231 0.32091346153846156 0.22115384615384615 0.22235576923076922
9 0.2403846153846154 0.44471153846153844 0.15985576923076922 0.14783653846153846
14 0.5853365384615384 0.3737980769230769 0.1814903846153846 0.19831730769230768
7 0.3954326923076923 0.4338942307692308 0.25961538461538464 0.25961538461538464
7 0.5276442307692307 0.5144230769230769 0.3329326923076923 0.08774038461538461
2 0.17307692307692307 0.5480769230769231 0.19951923076923078 0.10576923076923077
0 0.21033653846153846 0.6454326923076923 0.27884615384615385 0.15985576923076922
14 0.6045673076923077 0.6514423076923077 0.2283653846153846 0.21995192307692307
0 0.38100961538461536 0.6959134615384616 0.10216346153846154 0.29927884615384615
0 0.4651442307692308 0.7019230769230769 0.08413461538461539 0.2956730769230769