13 0.7764423076923077 0.296875 0.36177884615384615 0.3701923076923077
13 0.6514423076923077 0.48677884615384615 0.3557692307692308 0.3762019230769231
3 0.7752403846153846 0.5985576923076923 0.20793269230769232 0.17548076923076922
3 0.7355769230769231 0.7451923076923077 0.18509615384615385 0.18028846153846154
3 0.4254807692307692 0.6694711538461539 0.2127403846153846 0.10096153846153846
3 0.49038461538461536 0.29447115384615385 0.10817307692307693 0.19471153846153846
3 0.3557692307692308 0.34134615384615385 0.19591346153846154 0.15384615384615385
3 0.3918269230769231 0.44591346153846156 0.19471153846153846 0.15745192307692307
7 0.49158653846153844 0.5805288461538461 0.18028846153846154 0.09375
7 0.30408653846153844 0.6057692307692307 0.19110576923076922 0.12259615384615384
3 0.5240384615384616 0.7620192307692307 0.18629807692307693 0.07572115384615384
3 0.3473557692307692 0.7572115384615384 0.20192307692307693 0.11538461538461539
3 0.12379807692307693 0.6899038461538461 0.16947115384615385 0.19110576923076922
2 0.3641826923076923 0.21875 0.1622596153846154 0.1622596153846154
10 0.19230769230769232 0.265625 0.23197115384615385 0.2512019230769231
10 0.18629807692307693 0.4807692307692308 0.27283653846153844 0.25
16 0.5805288461538461 0.8774038461538461 0.203125 0.1875