14 0.4362980769230769 0.28125 0.23798076923076922 0.20552884615384615
3 0.7872596153846154 0.3161057692307692 0.171875 0.17427884615384615
3 0.703125 0.30288461538461536 0.1814903846153846 0.17548076923076922
3 0.6814903846153846 0.3762019230769231 0.18389423076923078 0.12740384615384615
3 0.8557692307692307 0.4735576923076923 0.07091346153846154 0.1935096153846154
0 0.6935096153846154 0.4567307692307692 0.18990384615384615 0.12259615384615384
0 0.6826923076923077 0.5480769230769231 0.18389423076923078 0.12980769230769232
7 0.6634615384615384 0.6262019230769231 0.33774038461538464 0.171875
0 0.5168269230769231 0.45552884615384615 0.17427884615384615 0.11899038461538461
10 0.38461538461538464 0.5288461538461539 0.20072115384615385 0.17908653846153846
2 0.515625 0.7019230769230769 0.19591346153846154 0.20192307692307693
16 0.4639423076923077 0.8293269230769231 0.22956730769230768 0.234375
7 0.2692307692307692 0.75 0.22716346153846154 0.31971153846153844
10 0.6682692307692307 0.8185096153846154 0.16466346153846154 0.20673076923076922
1 0.8221153846153846 0.7475961538461539 0.23677884615384615 0.25600961538461536