12 0.2536057692307692 0.47115384615384615 0.06129807692307692 0.1814903846153846
12 0.33533653846153844 0.48677884615384615 0.09495192307692307 0.18028846153846154
12 0.38822115384615385 0.4723557692307692 0.09134615384615384 0.18028846153846154
10 0.45913461538461536 0.3605769230769231 0.19831730769230768 0.21634615384615385
10 0.5793269230769231 0.32211538461538464 0.16826923076923078 0.20072115384615385
13 0.28125 0.7259615384615384 0.32211538461538464 0.3918269230769231
6 0.5564903846153846 0.5288461538461539 0.2980769230769231 0.22716346153846154
6 0.7487980769230769 0.49038461538461536 0.32572115384615385 0.34375
0 0.8617788461538461 0.6009615384615384 0.13701923076923078 0.1875
9 0.4963942307692308 0.7115384615384616 0.15865384615384615 0.20192307692307693
9 0.609375 0.7007211538461539 0.13341346153846154 0.20072115384615385
9 0.7295673076923077 0.7548076923076923 0.13942307692307693 0.203125
0 0.8016826923076923 0.7740384615384616 0.1141826923076923 0.19110576923076922
10 0.4951923076923077 0.8846153846153846 0.21634615384615385 0.20793269230769232