6 0.20072115384615385 0.23677884615384615 0.30288461538461536 0.375
4 0.46033653846153844 0.12620192307692307 0.2608173076923077 0.25240384615384615
6 0.5625 0.29086538461538464 0.4362980769230769 0.41225961538461536
6 0.7680288461538461 0.39783653846153844 0.41586538461538464 0.41947115384615385
4 0.7728365384615384 0.6634615384615384 0.23677884615384615 0.15745192307692307
9 0.5612980769230769 0.6021634615384616 0.1622596153846154 0.19831730769230768
11 0.4543269230769231 0.6370192307692307 0.13581730769230768 0.0889423076923077
14 0.38341346153846156 0.5853365384615384 0.12259615384615384 0.25
14 0.3317307692307692 0.5492788461538461 0.09615384615384616 0.24158653846153846
1 0.26322115384615385 0.5793269230769231 0.0985576923076923 0.18028846153846154
1 0.24158653846153846 0.5204326923076923 0.10576923076923077 0.17668269230769232
12 0.15625 0.5612980769230769 0.07451923076923077 0.33052884615384615
12 0.21394230769230768 0.8209134615384616 0.12620192307692307 0.31971153846153844
1 0.27283653846153844 0.8221153846153846 0.06850961538461539 0.16346153846153846
1 0.3137019230769231 0.8533653846153846 0.08173076923076923 0.19230769230769232
14 0.4338942307692308 0.7632211538461539 0.13581730769230768 0.1935096153846154
14 0.5372596153846154 0.7932692307692307 0.13701923076923078 0.1935096153846154
14 0.6586538461538461 0.8245192307692307 0.18269230769230768 0.16706730769230768
12 0.7860576923076923 0.9290865384615384 0.3161057692307692 0.11177884615384616