16 0.5420673076923077 0.21754807692307693 0.2644230769230769 0.203125
16 0.4963942307692308 0.3425480769230769 0.25600961538461536 0.20793269230769232
16 0.6947115384615384 0.33052884615384615 0.20793269230769232 0.25961538461538464
12 0.6766826923076923 0.4807692307692308 0.171875 0.09375
12 0.6394230769230769 0.53125 0.17427884615384615 0.0889423076923077
1 0.7992788461538461 0.5444711538461539 0.1935096153846154 0.2536057692307692
5 0.2608173076923077 0.4387019230769231 0.2644230769230769 0.19591346153846154
5 0.43990384615384615 0.5408653846153846 0.2512019230769231 0.30288461538461536
5 0.29927884615384615 0.6117788461538461 0.24759615384615385 0.17908653846153846
14 0.5889423076923077 0.6430288461538461 0.12139423076923077 0.19471153846153846
14 0.6478365384615384 0.6526442307692307 0.15384615384615385 0.1875
14 0.7199519230769231 0.7223557692307693 0.15264423076923078 0.17307692307692307
15 0.8485576923076923 0.7091346153846154 0.25721153846153844 0.25961538461538464
13 0.4651442307692308 0.8293269230769231 0.29447115384615385 0.2403846153846154