11 0.9278846153846154 0.6454326923076923 0.13581730769230768 0.16706730769230768
2 0.78125 0.6754807692307693 0.140625 0.14903846153846154
3 0.7331730769230769 0.7800480769230769 0.20432692307692307 0.06850961538461539
1 0.4807692307692308 0.8858173076923077 0.18629807692307693 0.21394230769230768
1 0.43149038461538464 0.7139423076923077 0.07692307692307693 0.18990384615384615
13 0.7884615384615384 0.1875 0.34975961538461536 0.375
5 0.3629807692307692 0.22115384615384615 0.4891826923076923 0.4050480769230769
5 0.34615384615384615 0.47596153846153844 0.3004807692307692 0.2512019230769231
13 0.171875 0.7019230769230769 0.34375 0.4375
2 0.5492788461538461 0.5252403846153846 0.16105769230769232 0.12980769230769232
2 0.49038461538461536 0.609375 0.15504807692307693 0.13701923076923078
1 0.7800480769230769 0.39663461538461536 0.21754807692307693 0.18389423076923078
1 0.7151442307692307 0.6069711538461539 0.21754807692307693 0.21033653846153846
1 0.5372596153846154 0.6983173076923077 0.17307692307692307 0.0829326923076923
3 0.38461538461538464 0.8665865384615384 0.09615384615384616 0.1814903846153846
3 0.7103365384615384 0.8341346153846154 0.18629807692307693 0.06490384615384616
1 0.7295673076923077 0.8822115384615384 0.19471153846153846 0.0625