4 0.3954326923076923 0.19110576923076922 0.2608173076923077 0.26802884615384615
4 0.20552884615384615 0.3389423076923077 0.2800480769230769 0.24519230769230768
4 0.42908653846153844 0.4326923076923077 0.24278846153846154 0.2692307692307692
10 0.5600961538461539 0.4723557692307692 0.17908653846153846 0.20552884615384615
10 0.796875 0.46033653846153844 0.27884615384615385 0.27884615384615385
9 0.7163461538461539 0.6105769230769231 0.15865384615384615 0.18389423076923078
4 0.40024038461538464 0.625 0.18629807692307693 0.14423076923076922
7 0.5709134615384616 0.7139423076923077 0.15745192307692307 0.328125
10 0.36778846153846156 0.8353365384615384 0.27524038461538464 0.3004807692307692
9 0.7692307692307693 0.8088942307692307 0.3713942307692308 0.38221153846153844
4 0.22355769230769232 0.796875 0.1971153846153846 0.20072115384615385
4 0.17067307692307693 0.6670673076923077 0.17067307692307693 0.14543269230769232
10 0.12980769230769232 0.5600961538461539 0.2091346153846154 0.17427884615384615