0 0.8185096153846154 0.4963942307692308 0.14783653846153846 0.18509615384615385
0 0.7427884615384616 0.5540865384615384 0.1502403846153846 0.18269230769230768
0 0.4050480769230769 0.4963942307692308 0.11778846153846154 0.17668269230769232
0 0.32091346153846156 0.47115384615384615 0.12259615384615384 0.17668269230769232
12 0.6117788461538461 0.3581730769230769 0.25961538461538464 0.25841346153846156
16 0.40024038461538464 0.265625 0.2127403846153846 0.23677884615384615
16 0.6153846153846154 0.21754807692307693 0.234375 0.234375
9 0.7776442307692307 0.34975961538461536 0.19831730769230768 0.18389423076923078
1 0.7584134615384616 0.6550480769230769 0.1502403846153846 0.07572115384615384
3 0.640625 0.6310096153846154 0.14302884615384615 0.18269230769230768
3 0.5372596153846154 0.7127403846153846 0.19471153846153846 0.13581730769230768
3 0.36658653846153844 0.6286057692307693 0.1658653846153846 0.18870192307692307
3 0.32572115384615385 0.6574519230769231 0.1466346153846154 0.18509615384615385
3 0.5108173076923077 0.5817307692307693 0.1814903846153846 0.1045673076923077
3 0.49038461538461536 0.6262019230769231 0.1935096153846154 0.10216346153846154
1 0.6310096153846154 0.5697115384615384 0.07572115384615384 0.13822115384615385
16 0.5661057692307693 0.4651442307692308 0.2283653846153846 0.23918269230769232
16 0.21634615384615385 0.41225961538461536 0.203125 0.2536057692307692
12 0.23197115384615385 0.6478365384615384 0.23918269230769232 0.29447115384615385
12 0.36658653846153844 0.8257211538461539 0.3088942307692308 0.22596153846153846