0 0.7800480769230769 0.4182692307692308 0.10576923076923077 0.36658653846153844
0 0.3641826923076923 0.6778846153846154 0.2920673076923077 0.2860576923076923
4 0.6598557692307693 0.3786057692307692 0.1502403846153846 0.23197115384615385
4 0.5108173076923077 0.328125 0.17668269230769232 0.23918269230769232
2 0.35096153846153844 0.5612980769230769 0.16947115384615385 0.14783653846153846
2 0.6177884615384616 0.6778846153846154 0.10216346153846154 0.15985576923076922
0 0.5853365384615384 0.5276442307692307 0.2764423076923077 0.18990384615384615
0 0.49038461538461536 0.5913461538461539 0.17067307692307693 0.28125
3 0.7211538461538461 0.6742788461538461 0.12740384615384615 0.18870192307692307
3 0.6069711538461539 0.7764423076923077 0.20192307692307693 0.10096153846153846
3 0.40024038461538464 0.4411057692307692 0.1045673076923077 0.19831730769230768