4 0.4987980769230769 0.16947115384615385 0.2127403846153846 0.14903846153846154
10 0.6117788461538461 0.3545673076923077 0.2439903846153846 0.2824519230769231
4 0.7584134615384616 0.38221153846153844 0.1310096153846154 0.19831730769230768
16 0.7956730769230769 0.5625 0.24879807692307693 0.18629807692307693
4 0.5336538461538461 0.5504807692307693 0.2091346153846154 0.13701923076923078
2 0.47716346153846156 0.47716346153846156 0.1875 0.17307692307692307
2 0.43509615384615385 0.35096153846153844 0.16826923076923078 0.1875
16 0.296875 0.375 0.22115384615384615 0.2620192307692308
11 0.3798076923076923 0.5240384615384616 0.10336538461538461 0.13581730769230768
11 0.3425480769230769 0.5973557692307693 0.12139423076923077 0.1346153846153846
10 0.5625 0.6887019230769231 0.2620192307692308 0.24639423076923078
16 0.6947115384615384 0.7680288461538461 0.2536057692307692 0.265625
11 0.484375 0.8125 0.08653846153846154 0.13822115384615385
6 0.26322115384615385 0.6935096153846154 0.4206730769230769 0.4074519230769231