12 0.2764423076923077 0.20072115384615385 0.109375 0.1875
7 0.18990384615384615 0.4182692307692308 0.09975961538461539 0.3401442307692308
12 0.12620192307692307 0.421875 0.0889423076923077 0.18028846153846154
7 0.3389423076923077 0.3701923076923077 0.11899038461538461 0.3401442307692308
12 0.5637019230769231 0.38461538461538464 0.08413461538461539 0.15985576923076922
12 0.4891826923076923 0.4375 0.0889423076923077 0.1622596153846154
7 0.4375 0.3449519230769231 0.14783653846153846 0.3317307692307692
9 0.6394230769230769 0.47475961538461536 0.16346153846153846 0.12740384615384615
9 0.6466346153846154 0.5973557692307693 0.1310096153846154 0.16466346153846154
6 0.8413461538461539 0.5396634615384616 0.30408653846153844 0.3293269230769231
6 0.7560096153846154 0.7908653846153846 0.27163461538461536 0.21514423076923078
5 0.390625 0.6069711538461539 0.2824519230769231 0.18990384615384615
12 0.2608173076923077 0.49158653846153844 0.08533653846153846 0.16105769230769232
1 0.1875 0.5805288461538461 0.1502403846153846 0.12139423076923077
4 0.15264423076923078 0.7307692307692307 0.14182692307692307 0.22956730769230768
6 0.43509615384615385 0.7980769230769231 0.28846153846153844 0.24519230769230768