10 0.8197115384615384 0.7548076923076923 0.2860576923076923 0.2824519230769231
10 0.5540865384615384 0.8257211538461539 0.2668269230769231 0.25841346153846156
7 0.7704326923076923 0.5661057692307693 0.21033653846153846 0.27403846153846156
7 0.6346153846153846 0.5625 0.1658653846153846 0.32091346153846156
7 0.4519230769230769 0.6730769230769231 0.2247596153846154 0.28125
12 0.375 0.6538461538461539 0.24639423076923078 0.2764423076923077
7 0.2932692307692308 0.6213942307692307 0.25240384615384615 0.24879807692307693
7 0.18269230769230768 0.8269230769230769 0.24158653846153846 0.3016826923076923
10 0.13822115384615385 0.5372596153846154 0.21754807692307693 0.2536057692307692
7 0.2860576923076923 0.36177884615384615 0.109375 0.33533653846153844
12 0.35697115384615385 0.3161057692307692 0.09975961538461539 0.3161057692307692
10 0.15264423076923078 0.24519230769230768 0.19110576923076922 0.25
4 0.5024038461538461 0.296875 0.24879807692307693 0.27524038461538464
12 0.6887019230769231 0.23197115384615385 0.12379807692307693 0.3125
4 0.8930288461538461 0.3401442307692308 0.1971153846153846 0.2403846153846154