16 0.10817307692307693 0.22716346153846154 0.2091346153846154 0.2548076923076923
4 0.28725961538461536 0.20072115384615385 0.2644230769230769 0.21153846153846154
12 0.3629807692307692 0.27163461538461536 0.18629807692307693 0.078125
11 0.32211538461538464 0.33774038461538464 0.21394230769230768 0.09134615384615384
6 0.17427884615384615 0.4855769230769231 0.32211538461538464 0.34134615384615385
16 0.390625 0.42427884615384615 0.24759615384615385 0.16706730769230768
16 0.5264423076923077 0.25841346153846156 0.22235576923076922 0.26802884615384615
11 0.65625 0.24759615384615385 0.16826923076923078 0.18870192307692307
2 0.11298076923076923 0.7055288461538461 0.1346153846153846 0.21754807692307693
7 0.29086538461538464 0.6478365384615384 0.28966346153846156 0.26802884615384615
10 0.23557692307692307 0.8569711538461539 0.20793269230769232 0.23317307692307693
10 0.9002403846153846 0.2776442307692308 0.19110576923076922 0.20072115384615385
6 0.7776442307692307 0.4362980769230769 0.3088942307692308 0.27163461538461536
11 0.6262019230769231 0.5300480769230769 0.21033653846153846 0.125
16 0.5504807692307693 0.6033653846153846 0.2668269230769231 0.23798076923076922
2 0.4411057692307692 0.6778846153846154 0.20072115384615385 0.13942307692307693
4 0.4831730769230769 0.8185096153846154 0.23918269230769232 0.19110576923076922
10 0.7920673076923077 0.6274038461538461 0.21634615384615385 0.21033653846153846
6 0.7788461538461539 0.8185096153846154 0.35336538461538464 0.27884615384615385