6 0.8677884615384616 0.2860576923076923 0.26322115384615385 0.3389423076923077
6 0.6129807692307693 0.25721153846153844 0.24879807692307693 0.3485576923076923
6 0.36778846153846156 0.2283653846153846 0.2692307692307692 0.33413461538461536
14 0.32091346153846156 0.30408653846153844 0.1814903846153846 0.140625
1 0.19471153846153846 0.22956730769230768 0.14783653846153846 0.09975961538461539
4 0.1658653846153846 0.2620192307692308 0.14302884615384615 0.22596153846153846
7 0.4831730769230769 0.4879807692307692 0.31490384615384615 0.18269230769230768
9 0.3918269230769231 0.5588942307692307 0.18629807692307693 0.203125
4 0.234375 0.5120192307692307 0.17908653846153846 0.23557692307692307
4 0.11538461538461539 0.48197115384615385 0.17668269230769232 0.234375
7 0.703125 0.375 0.11538461538461539 0.3317307692307692
16 0.8641826923076923 0.5408653846153846 0.23317307692307693 0.19110576923076922
16 0.7379807692307693 0.6550480769230769 0.20192307692307693 0.14423076923076922
14 0.4831730769230769 0.6610576923076923 0.0733173076923077 0.24519230769230768
6 0.09975961538461539 0.7704326923076923 0.19951923076923078 0.3137019230769231