9 0.7463942307692307 0.26322115384615385 0.22235576923076922 0.203125
9 0.4987980769230769 0.33653846153846156 0.21875 0.1935096153846154
6 0.3016826923076923 0.46634615384615385 0.37740384615384615 0.3545673076923077
6 0.2403846153846154 0.6706730769230769 0.33533653846153844 0.2620192307692308
6 0.4387019230769231 0.7992788461538461 0.3161057692307692 0.23557692307692307
7 0.7307692307692307 0.6057692307692307 0.3076923076923077 0.17908653846153846
2 0.5192307692307693 0.6598557692307693 0.09615384615384616 0.11057692307692307
7 0.4519230769230769 0.6141826923076923 0.109375 0.171875
7 0.6550480769230769 0.5504807692307693 0.31009615384615385 0.12860576923076922
7 0.65625 0.44350961538461536 0.3125 0.15865384615384615
7 0.578125 0.38461538461538464 0.30408653846153844 0.24278846153846154