13 0.4362980769230769 0.22596153846153846 0.3088942307692308 0.3125
13 0.8269230769230769 0.4110576923076923 0.33413461538461536 0.3317307692307692
16 0.6911057692307693 0.2536057692307692 0.21033653846153846 0.21634615384615385
16 0.23076923076923078 0.5120192307692307 0.14543269230769232 0.18629807692307693
16 0.265625 0.7067307692307693 0.2127403846153846 0.1971153846153846
16 0.5132211538461539 0.6935096153846154 0.21033653846153846 0.17427884615384615
0 0.35336538461538464 0.5504807692307693 0.11778846153846154 0.2283653846153846
0 0.5240384615384616 0.5697115384615384 0.23557692307692307 0.13701923076923078
0 0.46634615384615385 0.8317307692307693 0.23197115384615385 0.16466346153846154
0 0.8245192307692307 0.75 0.2403846153846154 0.17908653846153846
10 0.7908653846153846 0.6322115384615384 0.1971153846153846 0.1935096153846154
7 0.4326923076923077 0.4699519230769231 0.11177884615384616 0.16826923076923078
7 0.5168269230769231 0.44350961538461536 0.11177884615384616 0.16466346153846154
7 0.6201923076923077 0.42427884615384615 0.09375 0.15985576923076922
12 0.6754807692307693 0.7800480769230769 0.12139423076923077 0.21634615384615385
12 0.5901442307692307 0.8473557692307693 0.12139423076923077 0.2127403846153846
12 0.2692307692307692 0.8365384615384616 0.16466346153846154 0.1971153846153846