16 0.53125 0.27163461538461536 0.3137019230769231 0.23197115384615385
16 0.7908653846153846 0.4206730769230769 0.30649038461538464 0.2824519230769231
16 0.3954326923076923 0.5108173076923077 0.21875 0.2956730769230769
9 0.7992788461538461 0.6081730769230769 0.19591346153846154 0.18629807692307693
12 0.6298076923076923 0.703125 0.12860576923076922 0.10336538461538461
12 0.625 0.5324519230769231 0.11658653846153846 0.11778846153846154
16 0.625 0.4387019230769231 0.11298076923076923 0.11658653846153846
16 0.2247596153846154 0.5757211538461539 0.08413461538461539 0.1141826923076923
9 0.3125 0.7331730769230769 0.1778846153846154 0.1814903846153846
4 0.5120192307692307 0.6165865384615384 0.12740384615384615 0.27884615384615385
12 0.3918269230769231 0.33052884615384615 0.13701923076923078 0.09014423076923077