13 0.32572115384615385 0.2620192307692308 0.2608173076923077 0.29086538461538464
13 0.5324519230769231 0.2127403846153846 0.23317307692307693 0.27403846153846156
0 0.6346153846153846 0.38100961538461536 0.22596153846153846 0.09495192307692307
12 0.7295673076923077 0.5192307692307693 0.0829326923076923 0.17067307692307693
12 0.7836538461538461 0.3401442307692308 0.0829326923076923 0.16826923076923078
3 0.8497596153846154 0.4807692307692308 0.09375 0.18870192307692307
0 0.5336538461538461 0.5408653846153846 0.1658653846153846 0.2247596153846154
12 0.6911057692307693 0.6418269230769231 0.15504807692307693 0.12379807692307693
5 0.2980769230769231 0.5264423076923077 0.45552884615384615 0.4951923076923077
7 0.5709134615384616 0.7079326923076923 0.33413461538461536 0.12139423076923077
3 0.3918269230769231 0.84375 0.14423076923076922 0.19591346153846154
1 0.3004807692307692 0.7824519230769231 0.14182692307692307 0.0625
1 0.2644230769230769 0.8305288461538461 0.13822115384615385 0.10096153846153846
4 0.5252403846153846 0.8641826923076923 0.20793269230769232 0.19831730769230768
4 0.75 0.8004807692307693 0.203125 0.2091346153846154