13 0.46634615384615385 0.3713942307692308 0.30408653846153844 0.2668269230769231
13 0.7043269230769231 0.4411057692307692 0.29927884615384615 0.3088942307692308
4 0.35697115384615385 0.59375 0.1658653846153846 0.23557692307692307
7 0.5060096153846154 0.5360576923076923 0.1875 0.140625
7 0.6237980769230769 0.6081730769230769 0.09375 0.18389423076923078
7 0.5048076923076923 0.671875 0.1201923076923077 0.19110576923076922
8 0.7776442307692307 0.5973557692307693 0.10576923076923077 0.057692307692307696
15 0.6742788461538461 0.6598557692307693 0.04447115384615385 0.1658653846153846
3 0.4326923076923077 0.7692307692307693 0.1346153846153846 0.15625
8 0.5480769230769231 0.8040865384615384 0.1045673076923077 0.08173076923076923
8 0.6514423076923077 0.7980769230769231 0.11538461538461539 0.09975961538461539
8 0.7367788461538461 0.7391826923076923 0.08653846153846154 0.11778846153846154
8 0.8076923076923077 0.6790865384615384 0.10576923076923077 0.11177884615384616