5 0.8185096153846154 0.35697115384615385 0.3629807692307692 0.5192307692307693
2 0.6033653846153846 0.34615384615384615 0.0889423076923077 0.20072115384615385
2 0.5228365384615384 0.3004807692307692 0.109375 0.16466346153846154
2 0.43509615384615385 0.31490384615384615 0.11538461538461539 0.1658653846153846
2 0.296875 0.2980769230769231 0.11778846153846154 0.16105769230769232
2 0.31850961538461536 0.18509615384615385 0.20673076923076922 0.11778846153846154
6 0.125 0.22956730769230768 0.24759615384615385 0.3233173076923077
5 0.27403846153846156 0.5432692307692307 0.49278846153846156 0.38461538461538464
12 0.3233173076923077 0.6887019230769231 0.18269230769230768 0.09254807692307693
0 0.23798076923076922 0.7307692307692307 0.37259615384615385 0.10697115384615384
9 0.18269230769230768 0.8185096153846154 0.18269230769230768 0.12620192307692307
8 0.16826923076923078 0.9314903846153846 0.14423076923076922 0.09014423076923077
2 0.36658653846153844 0.8221153846153846 0.20673076923076922 0.10697115384615384
2 0.3425480769230769 0.8846153846153846 0.16466346153846154 0.1141826923076923
9 0.578125 0.8521634615384616 0.203125 0.19591346153846154
9 0.7007211538461539 0.7199519230769231 0.20072115384615385 0.19230769230769232
6 0.5649038461538461 0.6346153846153846 0.24879807692307693 0.3233173076923077
6 0.8413461538461539 0.7079326923076923 0.23798076923076922 0.3317307692307692