16 0.20793269230769232 0.27524038461538464 0.21634615384615385 0.2247596153846154
16 0.3786057692307692 0.19591346153846154 0.22355769230769232 0.24158653846153846
4 0.4891826923076923 0.2824519230769231 0.19471153846153846 0.16706730769230768
16 0.7175480769230769 0.25240384615384615 0.2283653846153846 0.2439903846153846
7 0.859375 0.3425480769230769 0.14903846153846154 0.1971153846153846
16 0.328125 0.40384615384615385 0.23918269230769232 0.23798076923076922
16 0.5673076923076923 0.38461538461538464 0.18990384615384615 0.15144230769230768
16 0.5216346153846154 0.5096153846153846 0.19471153846153846 0.14783653846153846
16 0.515625 0.6538461538461539 0.20793269230769232 0.18870192307692307
16 0.7139423076923077 0.48197115384615385 0.1971153846153846 0.21634615384615385
7 0.11538461538461539 0.4963942307692308 0.17668269230769232 0.19471153846153846
3 0.2127403846153846 0.5576923076923077 0.1778846153846154 0.18629807692307693
16 0.30408653846153844 0.609375 0.2091346153846154 0.16826923076923078
8 0.8798076923076923 0.5841346153846154 0.11057692307692307 0.12740384615384615
12 0.2668269230769231 0.7163461538461539 0.21514423076923078 0.07451923076923077
12 0.48197115384615385 0.7560096153846154 0.2127403846153846 0.0985576923076923
12 0.6370192307692307 0.7163461538461539 0.07572115384615384 0.22115384615384615
10 0.7872596153846154 0.7415865384615384 0.27884615384615385 0.26322115384615385