6 0.46634615384615385 0.24639423076923078 0.34134615384615385 0.31971153846153844
11 0.71875 0.3004807692307692 0.17548076923076922 0.14423076923076922
1 0.8100961538461539 0.4375 0.1622596153846154 0.24879807692307693
14 0.24879807692307693 0.28725961538461536 0.24639423076923078 0.14302884615384615
15 0.32211538461538464 0.41346153846153844 0.13581730769230768 0.07091346153846154
1 0.37259615384615385 0.5492788461538461 0.22596153846153846 0.2548076923076923
6 0.5540865384615384 0.5228365384615384 0.30408653846153844 0.3389423076923077
11 0.15144230769230768 0.4831730769230769 0.1622596153846154 0.18028846153846154
15 0.23317307692307693 0.5985576923076923 0.11298076923076923 0.12740384615384615
16 0.07572115384615384 0.5661057692307693 0.14903846153846154 0.23317307692307693
6 0.7235576923076923 0.7223557692307693 0.31850961538461536 0.3161057692307692
16 0.8461538461538461 0.8870192307692307 0.24519230769230768 0.21033653846153846