16 0.1141826923076923 0.27884615384615385 0.2283653846153846 0.3173076923076923
7 0.17668269230769232 0.14783653846153846 0.09975961538461539 0.19230769230769232
7 0.265625 0.23076923076923078 0.11778846153846154 0.1935096153846154
2 0.375 0.18269230769230768 0.12139423076923077 0.13581730769230768
4 0.40625 0.3233173076923077 0.2668269230769231 0.24759615384615385
7 0.1466346153846154 0.5552884615384616 0.11778846153846154 0.19230769230769232
16 0.2247596153846154 0.5949519230769231 0.10576923076923077 0.09014423076923077
2 0.13822115384615385 0.6862980769230769 0.12620192307692307 0.09735576923076923
9 0.2764423076923077 0.7055288461538461 0.1971153846153846 0.15745192307692307
2 0.3112980769230769 0.5721153846153846 0.08774038461538461 0.11658653846153846
16 0.3870192307692308 0.5336538461538461 0.08173076923076923 0.10697115384615384
4 0.5036057692307693 0.5084134615384616 0.18389423076923078 0.234375
11 0.44471153846153844 0.6947115384615384 0.1778846153846154 0.1658653846153846
11 0.5336538461538461 0.7127403846153846 0.17427884615384615 0.16947115384615385
7 0.6274038461538461 0.47716346153846156 0.11057692307692307 0.32572115384615385
4 0.8209134615384616 0.265625 0.24639423076923078 0.18389423076923078
10 0.7295673076923077 0.4543269230769231 0.14903846153846154 0.18509615384615385
16 0.8629807692307693 0.4987980769230769 0.1658653846153846 0.28725961538461536
9 0.7572115384615384 0.6790865384615384 0.19591346153846154 0.16466346153846154