13 0.3389423076923077 0.17427884615384615 0.36778846153846156 0.3425480769230769
0 0.38822115384615385 0.31009615384615385 0.2956730769230769 0.2920673076923077
0 0.5625 0.3581730769230769 0.10697115384615384 0.3545673076923077
13 0.6778846153846154 0.3173076923076923 0.23557692307692307 0.31850961538461536
5 0.8353365384615384 0.3389423076923077 0.21634615384615385 0.30649038461538464
1 0.21033653846153846 0.34375 0.12980769230769232 0.24759615384615385
12 0.19230769230769232 0.47596153846153844 0.18990384615384615 0.09735576923076923
5 0.3798076923076923 0.5 0.3125 0.33052884615384615
2 0.5829326923076923 0.5901442307692307 0.17307692307692307 0.15264423076923078
6 0.7548076923076923 0.6286057692307693 0.33653846153846156 0.3786057692307692
5 0.49399038461538464 0.7247596153846154 0.20072115384615385 0.30408653846153844
6 0.27884615384615385 0.7271634615384616 0.28725961538461536 0.3425480769230769
2 0.10096153846153846 0.6622596153846154 0.14182692307692307 0.13942307692307693
2 0.09375 0.8197115384615384 0.171875 0.17427884615384615
1 0.734375 0.859375 0.15504807692307693 0.06850961538461539