16 0.3401442307692308 0.4411057692307692 0.16466346153846154 0.24759615384615385
7 0.4963942307692308 0.43149038461538464 0.10697115384615384 0.17067307692307693
2 0.5889423076923077 0.43990384615384615 0.11298076923076923 0.1622596153846154
2 0.4963942307692308 0.5853365384615384 0.10697115384615384 0.15384615384615385
7 0.6814903846153846 0.4639423076923077 0.1141826923076923 0.16947115384615385
2 0.6117788461538461 0.5600961538461539 0.09495192307692307 0.11298076923076923
2 0.4951923076923077 0.7223557692307693 0.12379807692307693 0.12379807692307693
7 0.37740384615384615 0.6334134615384616 0.16105769230769232 0.16706730769230768
7 0.31490384615384615 0.7199519230769231 0.24759615384615385 0.2692307692307692
2 0.7596153846153846 0.3389423076923077 0.2127403846153846 0.11899038461538461
7 0.6790865384615384 0.6298076923076923 0.31009615384615385 0.1310096153846154
15 0.5745192307692307 0.8737980769230769 0.1778846153846154 0.15985576923076922
15 0.6875 0.7872596153846154 0.20793269230769232 0.20192307692307693
15 0.8052884615384616 0.7391826923076923 0.19591346153846154 0.20192307692307693