13 0.9014423076923077 0.1778846153846154 0.1971153846153846 0.33052884615384615
9 0.8966346153846154 0.3713942307692308 0.19471153846153846 0.14302884615384615
5 0.7091346153846154 0.17908653846153846 0.18629807692307693 0.2800480769230769
1 0.5444711538461539 0.3245192307692308 0.1814903846153846 0.24639423076923078
5 0.3629807692307692 0.25841346153846156 0.20432692307692307 0.296875
5 0.14903846153846154 0.20192307692307693 0.1971153846153846 0.28846153846153844
12 0.71875 0.47115384615384615 0.06971153846153846 0.171875
12 0.5288461538461539 0.5216346153846154 0.08413461538461539 0.15504807692307693
12 0.30528846153846156 0.47836538461538464 0.10216346153846154 0.16466346153846154
1 0.18990384615384615 0.4579326923076923 0.23557692307692307 0.13822115384615385
1 0.3870192307692308 0.6021634615384616 0.23557692307692307 0.13822115384615385
12 0.22235576923076922 0.6682692307692307 0.1141826923076923 0.15865384615384615
12 0.13822115384615385 0.6033653846153846 0.09615384615384616 0.1814903846153846
12 0.0829326923076923 0.7644230769230769 0.10576923076923077 0.33653846153846156
5 0.7716346153846154 0.7668269230769231 0.45552884615384615 0.35697115384615385