4 0.390625 0.2824519230769231 0.22956730769230768 0.15985576923076922
16 0.5745192307692307 0.265625 0.19230769230769232 0.2620192307692308
13 0.7668269230769231 0.3762019230769231 0.3329326923076923 0.3870192307692308
16 0.5889423076923077 0.42427884615384615 0.11658653846153846 0.09014423076923077
16 0.4651442307692308 0.4026442307692308 0.12259615384615384 0.11057692307692307
16 0.48677884615384615 0.47596153846153844 0.125 0.11057692307692307
12 0.7295673076923077 0.6225961538461539 0.31850961538461536 0.25
12 0.828125 0.8016826923076923 0.32091346153846156 0.23197115384615385
3 0.5901442307692307 0.8293269230769231 0.21514423076923078 0.19471153846153846
3 0.5120192307692307 0.875 0.20673076923076922 0.20552884615384615
8 0.3786057692307692 0.7764423076923077 0.13581730769230768 0.11658653846153846
8 0.3245192307692308 0.6802884615384616 0.13701923076923078 0.09735576923076923
3 0.28846153846153844 0.828125 0.19471153846153846 0.21153846153846154
16 0.5360576923076923 0.6346153846153846 0.2668269230769231 0.28846153846153844
0 0.36658653846153844 0.46634615384615385 0.17307692307692307 0.26802884615384615