10 0.16706730769230768 0.22115384615384615 0.25600961538461536 0.2800480769230769
0 0.2860576923076923 0.30408653846153844 0.15985576923076922 0.24639423076923078
10 0.421875 0.3137019230769231 0.26802884615384615 0.2860576923076923
4 0.5180288461538461 0.3786057692307692 0.1814903846153846 0.27403846153846156
4 0.6850961538461539 0.4254807692307692 0.28725961538461536 0.16706730769230768
4 0.7115384615384616 0.3317307692307692 0.3004807692307692 0.14783653846153846
5 0.8269230769230769 0.609375 0.34375 0.4206730769230769
0 0.6033653846153846 0.6057692307692307 0.17548076923076922 0.2439903846153846
0 0.48677884615384615 0.6177884615384616 0.18028846153846154 0.24639423076923078
2 0.3858173076923077 0.578125 0.18509615384615385 0.18269230769230768
3 0.24639423076923078 0.4495192307692308 0.2247596153846154 0.109375
10 0.20432692307692307 0.6742788461538461 0.2692307692307692 0.28846153846153844
3 0.359375 0.7920673076923077 0.21033653846153846 0.1814903846153846
3 0.16947115384615385 0.8701923076923077 0.15384615384615385 0.20552884615384615
10 0.5697115384615384 0.8509615384615384 0.30288461538461536 0.25961538461538464
3 0.8112980769230769 0.90625 0.19831730769230768 0.17908653846153846