3 0.5300480769230769 0.7632211538461539 0.12980769230769232 0.17908653846153846
16 0.7932692307692307 0.6911057692307693 0.1201923076923077 0.11298076923076923
1 0.6947115384615384 0.7055288461538461 0.078125 0.14302884615384615
3 0.6286057692307693 0.7463942307692307 0.11298076923076923 0.18870192307692307
3 0.5625 0.7235576923076923 0.12259615384615384 0.16826923076923078
16 0.7391826923076923 0.6129807692307693 0.09254807692307693 0.11658653846153846
16 0.828125 0.5528846153846154 0.11778846153846154 0.1045673076923077
11 0.7596153846153846 0.44711538461538464 0.140625 0.16826923076923078
11 0.6814903846153846 0.4951923076923077 0.1466346153846154 0.16466346153846154
11 0.6033653846153846 0.36658653846153844 0.1622596153846154 0.14783653846153846
7 0.5997596153846154 0.5877403846153846 0.1778846153846154 0.2920673076923077
7 0.4579326923076923 0.6153846153846154 0.09254807692307693 0.3088942307692308
13 0.29447115384615385 0.7824519230769231 0.31971153846153844 0.2980769230769231
2 0.31009615384615385 0.6069711538461539 0.1201923076923077 0.19230769230769232
14 0.18269230769230768 0.6237980769230769 0.17427884615384615 0.22235576923076922
13 0.39903846153846156 0.3545673076923077 0.26802884615384615 0.2956730769230769
2 0.24158653846153846 0.44471153846153844 0.1622596153846154 0.1502403846153846
2 0.23918269230769232 0.33413461538461536 0.18509615384615385 0.12620192307692307