10 0.25 0.23317307692307693 0.2247596153846154 0.23918269230769232
10 0.37740384615384615 0.2764423076923077 0.21754807692307693 0.28966346153846156
4 0.6430288461538461 0.41586538461538464 0.12259615384615384 0.14182692307692307
4 0.7151442307692307 0.35336538461538464 0.11778846153846154 0.1502403846153846
4 0.3401442307692308 0.5829326923076923 0.15985576923076922 0.16947115384615385
15 0.21875 0.4579326923076923 0.18509615384615385 0.1658653846153846
15 0.5060096153846154 0.6478365384615384 0.15745192307692307 0.17427884615384615
15 0.28725961538461536 0.8233173076923077 0.25600961538461536 0.19951923076923078
15 0.44711538461538464 0.4951923076923077 0.2403846153846154 0.22956730769230768
15 0.6466346153846154 0.5889423076923077 0.2091346153846154 0.2536057692307692
13 0.8197115384615384 0.8389423076923077 0.24158653846153846 0.29447115384615385
1 0.4483173076923077 0.7463942307692307 0.14543269230769232 0.14182692307692307
1 0.4519230769230769 0.8329326923076923 0.1466346153846154 0.14783653846153846