5 0.33052884615384615 0.26802884615384615 0.19831730769230768 0.2860576923076923
7 0.2127403846153846 0.4951923076923077 0.13822115384615385 0.19831730769230768
10 0.5709134615384616 0.28365384615384615 0.3137019230769231 0.2920673076923077
3 0.7572115384615384 0.27163461538461536 0.20192307692307693 0.20072115384615385
10 0.43990384615384615 0.4723557692307692 0.25 0.2608173076923077
1 0.6165865384615384 0.4206730769230769 0.21875 0.21875
1 0.7151442307692307 0.4543269230769231 0.22716346153846154 0.21634615384615385
10 0.35697115384615385 0.6862980769230769 0.2620192307692308 0.2848557692307692
8 0.46875 0.7872596153846154 0.11778846153846154 0.1310096153846154
8 0.5805288461538461 0.6105769230769231 0.08653846153846154 0.11298076923076923
8 0.5793269230769231 0.7151442307692307 0.09735576923076923 0.11778846153846154
7 0.7115384615384616 0.6358173076923077 0.10697115384615384 0.19110576923076922