8 0.8016826923076923 0.6514423076923077 0.10096153846153846 0.11778846153846154
8 0.6862980769230769 0.5625 0.11778846153846154 0.10817307692307693
8 0.7680288461538461 0.4326923076923077 0.11538461538461539 0.11778846153846154
12 0.5769230769230769 0.43509615384615385 0.203125 0.07211538461538461
13 0.5144230769230769 0.65625 0.32572115384615385 0.3016826923076923
10 0.4182692307692308 0.5144230769230769 0.1935096153846154 0.20192307692307693
13 0.2668269230769231 0.5901442307692307 0.2439903846153846 0.3004807692307692
13 0.4375 0.3004807692307692 0.27163461538461536 0.2536057692307692
10 0.22716346153846154 0.3137019230769231 0.18990384615384615 0.18870192307692307
15 0.5865384615384616 0.2620192307692308 0.296875 0.3112980769230769
12 0.7295673076923077 0.234375 0.09014423076923077 0.22115384615384615
12 0.7956730769230769 0.2692307692307692 0.09254807692307693 0.2091346153846154