14 0.8389423076923077 0.17908653846153846 0.1622596153846154 0.22355769230769232
14 0.7403846153846154 0.16826923076923078 0.16706730769230768 0.21754807692307693
14 0.828125 0.36778846153846156 0.17427884615384615 0.20793269230769232
1 0.8653846153846154 0.5264423076923077 0.18028846153846154 0.13701923076923078
1 0.8725961538461539 0.6778846153846154 0.20072115384615385 0.21153846153846154
4 0.6730769230769231 0.7103365384615384 0.22716346153846154 0.17427884615384615
1 0.6670673076923077 0.8377403846153846 0.19951923076923078 0.12620192307692307
7 0.7463942307692307 0.4675480769230769 0.1141826923076923 0.33052884615384615
10 0.6430288461538461 0.4699519230769231 0.20072115384615385 0.1971153846153846
10 0.6057692307692307 0.28365384615384615 0.19951923076923078 0.19230769230769232
13 0.42908653846153844 0.26802884615384615 0.27403846153846156 0.2980769230769231
13 0.24158653846153846 0.28846153846153844 0.21153846153846154 0.30408653846153844
13 0.44591346153846156 0.5276442307692307 0.265625 0.24158653846153846
13 0.44591346153846156 0.6959134615384616 0.3269230769230769 0.28125
4 0.3641826923076923 0.8533653846153846 0.20552884615384615 0.1346153846153846
13 0.19110576923076922 0.7367788461538461 0.3016826923076923 0.3269230769230769
13 0.2403846153846154 0.5012019230769231 0.2644230769230769 0.33052884615384615