16 0.36778846153846156 0.25841346153846156 0.29086538461538464 0.2704326923076923
16 0.6538461538461539 0.24278846153846154 0.28846153846153844 0.22596153846153846
16 0.21754807692307693 0.4987980769230769 0.17067307692307693 0.2824519230769231
2 0.38100961538461536 0.4387019230769231 0.10817307692307693 0.08774038461538461
8 0.45552884615384615 0.36778846153846156 0.11057692307692307 0.11899038461538461
8 0.5841346153846154 0.36177884615384615 0.1201923076923077 0.10336538461538461
3 0.6634615384615384 0.45552884615384615 0.20072115384615385 0.08653846153846154
9 0.8353365384615384 0.4266826923076923 0.18629807692307693 0.21514423076923078
9 0.7512019230769231 0.5697115384615384 0.21394230769230768 0.18629807692307693
3 0.6069711538461539 0.5745192307692307 0.20192307692307693 0.17548076923076922
12 0.4699519230769231 0.4675480769230769 0.12980769230769232 0.19110576923076922
12 0.5036057692307693 0.5024038461538461 0.12379807692307693 0.19471153846153846
14 0.36658653846153844 0.5829326923076923 0.14543269230769232 0.18509615384615385
14 0.4807692307692308 0.6862980769230769 0.18990384615384615 0.1875
16 0.6298076923076923 0.6742788461538461 0.11899038461538461 0.10697115384615384
3 0.6875 0.7512019230769231 0.19471153846153846 0.11778846153846154
13 0.39663461538461536 0.7860576923076923 0.36658653846153844 0.3389423076923077