8 0.1502403846153846 0.19471153846153846 0.11057692307692307 0.12139423076923077
16 0.328125 0.28365384615384615 0.20793269230769232 0.15745192307692307
14 0.546875 0.22355769230769232 0.16826923076923078 0.35096153846153844
14 0.5300480769230769 0.36778846153846156 0.125 0.22716346153846154
11 0.7800480769230769 0.12259615384615384 0.1310096153846154 0.10216346153846154
4 0.8473557692307693 0.3641826923076923 0.1935096153846154 0.2403846153846154
11 0.39663461538461536 0.4182692307692308 0.12980769230769232 0.06971153846153846
5 0.7884615384615384 0.6466346153846154 0.3401442307692308 0.41225961538461536
5 0.5144230769230769 0.6310096153846154 0.32572115384615385 0.3701923076923077
16 0.40625 0.8834134615384616 0.21153846153846154 0.19230769230769232
14 0.3389423076923077 0.5925480769230769 0.09134615384615384 0.23197115384615385
8 0.2548076923076923 0.625 0.11658653846153846 0.10216346153846154
14 0.15504807692307693 0.5841346153846154 0.13221153846153846 0.3629807692307692