11 0.15144230769230768 0.07211538461538461 0.1310096153846154 0.0829326923076923
14 0.47115384615384615 0.171875 0.17427884615384615 0.20192307692307693
16 0.20192307692307693 0.17067307692307693 0.2608173076923077 0.1814903846153846
16 0.20192307692307693 0.375 0.2403846153846154 0.2620192307692308
16 0.3137019230769231 0.4879807692307692 0.2283653846153846 0.2608173076923077
15 0.17067307692307693 0.6033653846153846 0.2644230769230769 0.18629807692307693
4 0.22596153846153846 0.7824519230769231 0.21033653846153846 0.2608173076923077
12 0.4423076923076923 0.7536057692307693 0.09735576923076923 0.3269230769230769
14 0.5949519230769231 0.7403846153846154 0.1935096153846154 0.19951923076923078
7 0.5048076923076923 0.48677884615384615 0.2848557692307692 0.2620192307692308
4 0.796875 0.20072115384615385 0.2608173076923077 0.21634615384615385
14 0.7151442307692307 0.44471153846153844 0.11658653846153846 0.17307692307692307
10 0.8557692307692307 0.6322115384615384 0.22716346153846154 0.24879807692307693