9 0.5600961538461539 0.5564903846153846 0.140625 0.14182692307692307
14 0.7127403846153846 0.6394230769230769 0.22355769230769232 0.24158653846153846
14 0.7956730769230769 0.7740384615384616 0.24519230769230768 0.22716346153846154
14 0.5721153846153846 0.7127403846153846 0.19591346153846154 0.19471153846153846
13 0.31971153846153844 0.6802884615384616 0.3269230769230769 0.26802884615384615
13 0.8125 0.4098557692307692 0.296875 0.30528846153846156
13 0.6971153846153846 0.3137019230769231 0.3161057692307692 0.3329326923076923
5 0.5144230769230769 0.2536057692307692 0.25841346153846156 0.38221153846153844
5 0.40384615384615385 0.34134615384615385 0.40625 0.3942307692307692
5 0.2644230769230769 0.45913461538461536 0.39783653846153844 0.35216346153846156
15 0.6141826923076923 0.8677884615384616 0.23798076923076922 0.1466346153846154