5 0.5853365384615384 0.29086538461538464 0.3701923076923077 0.43990384615384615
5 0.3473557692307692 0.2860576923076923 0.2668269230769231 0.4423076923076923
2 0.7560096153846154 0.4879807692307692 0.10216346153846154 0.12139423076923077
12 0.7139423076923077 0.5661057692307693 0.15144230769230768 0.11177884615384616
4 0.5997596153846154 0.5625 0.125 0.18389423076923078
4 0.4963942307692308 0.5745192307692307 0.12379807692307693 0.18629807692307693
4 0.4182692307692308 0.6021634615384616 0.14302884615384615 0.21514423076923078
7 0.28966346153846156 0.6177884615384616 0.18389423076923078 0.31850961538461536
0 0.19831730769230768 0.6814903846153846 0.11538461538461539 0.18509615384615385
7 0.5637019230769231 0.6875 0.30408653846153844 0.21394230769230768
7 0.6983173076923077 0.7079326923076923 0.30288461538461536 0.2091346153846154
11 0.6418269230769231 0.8317307692307693 0.16947115384615385 0.13942307692307693