16 0.6911057692307693 0.23317307692307693 0.23076923076923078 0.19110576923076922
16 0.4423076923076923 0.28966346153846156 0.23076923076923078 0.22355769230769232
16 0.29086538461538464 0.38341346153846156 0.22716346153846154 0.20793269230769232
16 0.20552884615384615 0.6262019230769231 0.18028846153846154 0.24759615384615385
14 0.6418269230769231 0.3473557692307692 0.20793269230769232 0.15985576923076922
14 0.6634615384615384 0.49399038461538464 0.19110576923076922 0.18389423076923078
14 0.6117788461538461 0.5252403846153846 0.20192307692307693 0.16826923076923078
14 0.46634615384615385 0.5060096153846154 0.21754807692307693 0.13341346153846154
14 0.5360576923076923 0.6069711538461539 0.2247596153846154 0.0733173076923077
14 0.5853365384615384 0.6478365384615384 0.2247596153846154 0.0829326923076923
6 0.8149038461538461 0.4567307692307692 0.24278846153846154 0.3245192307692308
4 0.7524038461538461 0.6995192307692307 0.16947115384615385 0.23557692307692307
4 0.3557692307692308 0.6129807692307693 0.18870192307692307 0.23798076923076922
3 0.5865384615384616 0.7524038461538461 0.18990384615384615 0.0985576923076923
3 0.5877403846153846 0.8161057692307693 0.18990384615384615 0.08413461538461539
3 0.5733173076923077 0.875 0.18870192307692307 0.0829326923076923
11 0.4411057692307692 0.8533653846153846 0.12980769230769232 0.12379807692307693
11 0.36778846153846156 0.8100961538461539 0.1201923076923077 0.13341346153846154