16 0.8629807692307693 0.33533653846153844 0.24158653846153846 0.27403846153846156
16 0.8185096153846154 0.7319711538461539 0.27163461538461536 0.23557692307692307
16 0.45552884615384615 0.18269230769230768 0.27884615384615385 0.25240384615384615
4 0.2704326923076923 0.3076923076923077 0.234375 0.19110576923076922
9 0.15504807692307693 0.49399038461538464 0.20673076923076922 0.17427884615384615
9 0.25600961538461536 0.8233173076923077 0.19951923076923078 0.1502403846153846
16 0.1875 0.6802884615384616 0.12259615384615384 0.12740384615384615
16 0.4110576923076923 0.6682692307692307 0.08052884615384616 0.11057692307692307
16 0.4723557692307692 0.5985576923076923 0.11658653846153846 0.12860576923076922
0 0.34975961538461536 0.5168269230769231 0.24278846153846154 0.328125
0 0.5913461538461539 0.3329326923076923 0.3161057692307692 0.27403846153846156
7 0.5204326923076923 0.46274038461538464 0.18509615384615385 0.14423076923076922
7 0.5564903846153846 0.5853365384615384 0.16466346153846154 0.19230769230769232
4 0.4495192307692308 0.8617788461538461 0.22235576923076922 0.15745192307692307
4 0.78125 0.5492788461538461 0.21875 0.16706730769230768
3 0.6466346153846154 0.8245192307692307 0.14182692307692307 0.21153846153846154