7 0.5997596153846154 0.19110576923076922 0.1201923076923077 0.17668269230769232
7 0.4362980769230769 0.3401442307692308 0.14423076923076922 0.1658653846153846
7 0.6009615384615384 0.5324519230769231 0.12860576923076922 0.171875
0 0.48197115384615385 0.7704326923076923 0.0985576923076923 0.2439903846153846
16 0.6971153846153846 0.32211538461538464 0.2091346153846154 0.21754807692307693
4 0.703125 0.6009615384615384 0.23317307692307693 0.23317307692307693
4 0.8545673076923077 0.6490384615384616 0.2536057692307692 0.24158653846153846
14 0.8713942307692307 0.8221153846153846 0.23557692307692307 0.2127403846153846
14 0.6995192307692307 0.8413461538461539 0.2127403846153846 0.2668269230769231
14 0.5612980769230769 0.84375 0.0733173076923077 0.23918269230769232
12 0.5324519230769231 0.5120192307692307 0.14783653846153846 0.24879807692307693
14 0.4411057692307692 0.5480769230769231 0.06370192307692307 0.22716346153846154
14 0.3545673076923077 0.4567307692307692 0.09615384615384616 0.234375
1 0.29086538461538464 0.40625 0.06370192307692307 0.17427884615384615
4 0.13942307692307693 0.2704326923076923 0.2608173076923077 0.24639423076923078
16 0.16346153846153846 0.5132211538461539 0.20552884615384615 0.22596153846153846
14 0.31971153846153844 0.7824519230769231 0.23918269230769232 0.23076923076923078
4 0.12259615384615384 0.7091346153846154 0.24519230769230768 0.20192307692307693