5 0.2704326923076923 0.20793269230769232 0.48197115384615385 0.3545673076923077
5 0.23798076923076922 0.5276442307692307 0.4735576923076923 0.3545673076923077
2 0.16947115384615385 0.7319711538461539 0.1658653846153846 0.10096153846153846
16 0.13822115384615385 0.8473557692307693 0.21634615384615385 0.17307692307692307
7 0.36778846153846156 0.7391826923076923 0.1622596153846154 0.10216346153846154
5 0.40625 0.8533653846153846 0.27884615384615385 0.18629807692307693
13 0.7307692307692307 0.8689903846153846 0.35096153846153844 0.2608173076923077
12 0.6069711538461539 0.7091346153846154 0.17908653846153846 0.08413461538461539
4 0.5853365384615384 0.5649038461538461 0.1310096153846154 0.22115384615384615
7 0.6875 0.5865384615384616 0.09615384615384616 0.16466346153846154
13 0.8317307692307693 0.5817307692307693 0.2403846153846154 0.328125
16 0.9158653846153846 0.31850961538461536 0.1658653846153846 0.1971153846153846
10 0.7307692307692307 0.3581730769230769 0.21514423076923078 0.2283653846153846
4 0.5745192307692307 0.35336538461538464 0.13581730769230768 0.22355769230769232
4 0.5564903846153846 0.14302884615384615 0.13822115384615385 0.2283653846153846
10 0.7391826923076923 0.15745192307692307 0.23197115384615385 0.22355769230769232