14 0.22716346153846154 0.30528846153846156 0.1622596153846154 0.21033653846153846
14 0.4387019230769231 0.40625 0.2776442307692308 0.28125
14 0.27283653846153844 0.5444711538461539 0.12620192307692307 0.35096153846153844
10 0.7115384615384616 0.38100961538461536 0.18509615384615385 0.16706730769230768
10 0.5228365384615384 0.48677884615384615 0.18629807692307693 0.19110576923076922
10 0.6947115384615384 0.5985576923076923 0.18629807692307693 0.17548076923076922
14 0.5228365384615384 0.6370192307692307 0.19230769230769232 0.17307692307692307
14 0.4206730769230769 0.6298076923076923 0.19471153846153846 0.17908653846153846
4 0.36658653846153844 0.75 0.13341346153846154 0.20793269230769232
4 0.5576923076923077 0.7800480769230769 0.1875 0.10817307692307693
0 0.22355769230769232 0.7512019230769231 0.16466346153846154 0.15264423076923078
0 0.43149038461538464 0.8617788461538461 0.13822115384615385 0.16826923076923078