12 0.7848557692307693 0.8701923076923077 0.30288461538461536 0.1502403846153846
4 0.5384615384615384 0.8942307692307693 0.21875 0.16466346153846154
4 0.8269230769230769 0.640625 0.1778846153846154 0.2403846153846154
9 0.8185096153846154 0.42427884615384615 0.1658653846153846 0.1875
6 0.6346153846153846 0.6466346153846154 0.23798076923076922 0.3317307692307692
6 0.6418269230769231 0.3605769230769231 0.22716346153846154 0.296875
12 0.4074519230769231 0.7572115384615384 0.15144230769230768 0.3016826923076923
11 0.27403846153846156 0.8353365384615384 0.1045673076923077 0.16466346153846154
11 0.19110576923076922 0.7872596153846154 0.0829326923076923 0.12980769230769232
3 0.11538461538461539 0.8112980769230769 0.10096153846153846 0.20192307692307693
7 0.453125 0.5432692307692307 0.14182692307692307 0.16947115384615385
6 0.21754807692307693 0.5973557692307693 0.30528846153846156 0.24759615384615385
0 0.34134615384615385 0.45072115384615385 0.2403846153846154 0.1310096153846154
9 0.4026442307692308 0.3293269230769231 0.18509615384615385 0.15264423076923078
0 0.21153846153846154 0.38822115384615385 0.1971153846153846 0.21394230769230768
14 0.13581730769230768 0.3701923076923077 0.17668269230769232 0.22355769230769232
11 0.0829326923076923 0.3245192307692308 0.12139423076923077 0.12980769230769232