8 0.5252403846153846 0.2920673076923077 0.10336538461538461 0.12259615384615384
8 0.6153846153846154 0.27403846153846156 0.0985576923076923 0.11778846153846154
8 0.7151442307692307 0.22596153846153846 0.12259615384615384 0.11298076923076923
14 0.8449519230769231 0.3329326923076923 0.25240384615384615 0.2860576923076923
2 0.44471153846153844 0.4338942307692308 0.10817307692307693 0.125
14 0.5913461538461539 0.4026442307692308 0.22355769230769232 0.15504807692307693
14 0.6586538461538461 0.42427884615384615 0.20432692307692307 0.18629807692307693
8 0.6730769230769231 0.5096153846153846 0.11899038461538461 0.09735576923076923
14 0.8197115384615384 0.5240384615384616 0.23557692307692307 0.13581730769230768
14 0.859375 0.6129807692307693 0.15985576923076922 0.19110576923076922
14 0.7596153846153846 0.6550480769230769 0.1346153846153846 0.1875
7 0.4639423076923077 0.546875 0.33533653846153844 0.13942307692307693
7 0.421875 0.6298076923076923 0.33533653846153844 0.1346153846153846
8 0.6346153846153846 0.6225961538461539 0.11658653846153846 0.07091346153846154
14 0.6911057692307693 0.7103365384615384 0.12860576923076922 0.20552884615384615
7 0.546875 0.7728365384615384 0.3173076923076923 0.22716346153846154
10 0.3389423076923077 0.7716346153846154 0.23076923076923078 0.23677884615384615