9 0.140625 0.3401442307692308 0.23557692307692307 0.23557692307692307
9 0.3425480769230769 0.19230769230769232 0.2692307692307692 0.2668269230769231
0 0.46875 0.2608173076923077 0.11899038461538461 0.1814903846153846
0 0.6141826923076923 0.2848557692307692 0.14182692307692307 0.24278846153846154
9 0.7824519230769231 0.30288461538461536 0.21875 0.09975961538461539
9 0.9230769230769231 0.29927884615384615 0.11658653846153846 0.21514423076923078
0 0.7175480769230769 0.4651442307692308 0.10336538461538461 0.18629807692307693
9 0.8449519230769231 0.5961538461538461 0.20432692307692307 0.21754807692307693
15 0.9026442307692307 0.7572115384615384 0.08052884615384616 0.125
0 0.6778846153846154 0.6213942307692307 0.17307692307692307 0.11658653846153846
15 0.6334134615384616 0.6935096153846154 0.13221153846153846 0.06129807692307692
7 0.5204326923076923 0.5060096153846154 0.15985576923076922 0.3173076923076923
7 0.46033653846153844 0.5709134615384616 0.15985576923076922 0.3245192307692308
7 0.38221153846153844 0.65625 0.09495192307692307 0.3389423076923077
7 0.3016826923076923 0.6153846153846154 0.08774038461538461 0.18990384615384615
4 0.19591346153846154 0.6646634615384616 0.140625 0.15625