14 0.8209134615384616 0.6899038461538461 0.2091346153846154 0.19831730769230768
4 0.6911057692307693 0.7752403846153846 0.2091346153846154 0.25240384615384615
14 0.7632211538461539 0.5600961538461539 0.19471153846153846 0.21153846153846154
14 0.6490384615384616 0.6033653846153846 0.1778846153846154 0.203125
7 0.5420673076923077 0.6394230769230769 0.17307692307692307 0.3425480769230769
7 0.4639423076923077 0.7043269230769231 0.17067307692307693 0.35697115384615385
7 0.36899038461538464 0.7223557692307693 0.16346153846153846 0.3473557692307692
16 0.7944711538461539 0.44471153846153844 0.09134615384615384 0.11658653846153846
16 0.8137019230769231 0.34375 0.0985576923076923 0.125
16 0.7379807692307693 0.27884615384615385 0.09254807692307693 0.11899038461538461
16 0.6117788461538461 0.3125 0.22956730769230768 0.28365384615384615
16 0.47115384615384615 0.35697115384615385 0.2127403846153846 0.2800480769230769
16 0.3293269230769231 0.38822115384615385 0.23076923076923078 0.2824519230769231