4 0.5216346153846154 0.34615384615384615 0.24158653846153846 0.2439903846153846
8 0.6502403846153846 0.4795673076923077 0.11658653846153846 0.08533653846153846
16 0.7800480769230769 0.4651442307692308 0.15625 0.28966346153846156
14 0.765625 0.6370192307692307 0.171875 0.10817307692307693
9 0.640625 0.640625 0.17548076923076922 0.10817307692307693
1 0.5600961538461539 0.5733173076923077 0.0625 0.13341346153846154
0 0.5120192307692307 0.6706730769230769 0.2824519230769231 0.13341346153846154
16 0.2824519230769231 0.5745192307692307 0.2283653846153846 0.24278846153846154
16 0.4423076923076923 0.5036057692307693 0.203125 0.2536057692307692
4 0.4338942307692308 0.8040865384615384 0.24158653846153846 0.19831730769230768
1 0.5769230769230769 0.7644230769230769 0.16346153846153846 0.046875
4 0.7319711538461539 0.8257211538461539 0.2548076923076923 0.2608173076923077
8 0.6382211538461539 0.5528846153846154 0.11538461538461539 0.07692307692307693