13 0.2283653846153846 0.33533653846153844 0.2920673076923077 0.32572115384615385
13 0.43149038461538464 0.3485576923076923 0.27163461538461536 0.328125
13 0.6442307692307693 0.29447115384615385 0.265625 0.33533653846153844
13 0.7872596153846154 0.2439903846153846 0.35336538461538464 0.36899038461538464
13 0.21514423076923078 0.6081730769230769 0.33774038461538464 0.26802884615384615
4 0.19471153846153846 0.796875 0.25 0.21033653846153846
9 0.41586538461538464 0.6298076923076923 0.13221153846153846 0.18028846153846154
9 0.5637019230769231 0.5901442307692307 0.1310096153846154 0.19230769230769232
1 0.41586538461538464 0.8221153846153846 0.12980769230769232 0.13822115384615385
1 0.46153846153846156 0.7980769230769231 0.14182692307692307 0.13221153846153846
9 0.6947115384615384 0.5757211538461539 0.13822115384615385 0.1935096153846154
4 0.7956730769230769 0.5661057692307693 0.14783653846153846 0.22716346153846154
3 0.8557692307692307 0.6394230769230769 0.15504807692307693 0.20432692307692307
3 0.7403846153846154 0.7451923076923077 0.20793269230769232 0.12620192307692307
12 0.6706730769230769 0.8149038461538461 0.31490384615384615 0.10336538461538461