4 0.5228365384615384 0.21033653846153846 0.2932692307692308 0.27403846153846156
6 0.6045673076923077 0.3004807692307692 0.2247596153846154 0.29447115384615385
16 0.7860576923076923 0.3641826923076923 0.18269230769230768 0.23317307692307693
7 0.6694711538461539 0.5048076923076923 0.19471153846153846 0.11899038461538461
1 0.5276442307692307 0.41586538461538464 0.12620192307692307 0.13221153846153846
1 0.5168269230769231 0.4699519230769231 0.13701923076923078 0.11899038461538461
7 0.42427884615384615 0.5276442307692307 0.16466346153846154 0.18509615384615385
4 0.5276442307692307 0.6334134615384616 0.30649038461538464 0.28846153846153844
4 0.6742788461538461 0.7235576923076923 0.1875 0.25
4 0.4230769230769231 0.7536057692307693 0.265625 0.24158653846153846
1 0.3245192307692308 0.5612980769230769 0.08052884615384616 0.14783653846153846
16 0.20072115384615385 0.5096153846153846 0.2536057692307692 0.26322115384615385
4 0.3605769230769231 0.3954326923076923 0.234375 0.24519230769230768
7 0.3713942307692308 0.2620192307692308 0.18629807692307693 0.1778846153846154