16 0.5697115384615384 0.27163461538461536 0.23918269230769232 0.3076923076923077
16 0.7355769230769231 0.4014423076923077 0.2608173076923077 0.30408653846153844
10 0.8245192307692307 0.5805288461538461 0.17307692307692307 0.20432692307692307
0 0.5661057692307693 0.5552884615384616 0.11177884615384616 0.29447115384615385
0 0.33774038461538464 0.30528846153846156 0.18028846153846154 0.2860576923076923
15 0.19230769230769232 0.3581730769230769 0.18990384615384615 0.16346153846153846
16 0.45072115384615385 0.5072115384615384 0.0985576923076923 0.11899038461538461
16 0.36778846153846156 0.5168269230769231 0.09615384615384616 0.11658653846153846
0 0.2620192307692308 0.5276442307692307 0.10576923076923077 0.17548076923076922
15 0.1875 0.5384615384615384 0.17908653846153846 0.15745192307692307
12 0.375 0.6394230769230769 0.15985576923076922 0.078125
15 0.5564903846153846 0.6862980769230769 0.19110576923076922 0.16105769230769232
10 0.48677884615384615 0.7956730769230769 0.2644230769230769 0.29086538461538464
16 0.6430288461538461 0.8798076923076923 0.09615384615384616 0.12980769230769232
10 0.7584134615384616 0.8737980769230769 0.19951923076923078 0.24759615384615385
10 0.2403846153846154 0.8076923076923077 0.27163461538461536 0.2800480769230769
10 0.4014423076923077 0.3737980769230769 0.22235576923076922 0.22596153846153846