11 0.1141826923076923 0.3870192307692308 0.14543269230769232 0.17307692307692307
11 0.2620192307692308 0.4723557692307692 0.13942307692307693 0.11177884615384616
11 0.4266826923076923 0.35096153846153844 0.13581730769230768 0.1310096153846154
15 0.17427884615384615 0.5252403846153846 0.14903846153846154 0.09014423076923077
15 0.765625 0.29927884615384615 0.3485576923076923 0.27884615384615385
7 0.4254807692307692 0.5625 0.30528846153846156 0.17307692307692307
7 0.1814903846153846 0.7463942307692307 0.10697115384615384 0.17908653846153846
7 0.27524038461538464 0.7307692307692307 0.11658653846153846 0.3425480769230769
15 0.328125 0.7019230769230769 0.06009615384615385 0.15264423076923078
15 0.4254807692307692 0.7632211538461539 0.17548076923076922 0.33774038461538464
11 0.5685096153846154 0.7067307692307693 0.16826923076923078 0.14182692307692307
11 0.6274038461538461 0.5096153846153846 0.14783653846153846 0.16346153846153846
15 0.8040865384615384 0.5757211538461539 0.23677884615384615 0.3425480769230769
11 0.7091346153846154 0.8377403846153846 0.13581730769230768 0.11057692307692307