16 0.8365384615384616 0.3004807692307692 0.24278846153846154 0.23677884615384615
16 0.6346153846153846 0.2512019230769231 0.21754807692307693 0.25600961538461536
11 0.8100961538461539 0.6947115384615384 0.12740384615384615 0.17668269230769232
2 0.5396634615384616 0.8076923076923077 0.15384615384615385 0.20072115384615385
14 0.7043269230769231 0.6454326923076923 0.1310096153846154 0.24639423076923078
7 0.5853365384615384 0.6887019230769231 0.20432692307692307 0.11899038461538461
7 0.5757211538461539 0.5528846153846154 0.19471153846153846 0.11778846153846154
12 0.4098557692307692 0.6310096153846154 0.1201923076923077 0.30408653846153844
12 0.34134615384615385 0.6165865384615384 0.12139423076923077 0.32211538461538464
10 0.234375 0.4495192307692308 0.20552884615384615 0.21634615384615385
10 0.8064903846153846 0.47596153846153844 0.24639423076923078 0.23076923076923078
4 0.6009615384615384 0.4230769230769231 0.25841346153846156 0.1814903846153846
4 0.4411057692307692 0.33533653846153844 0.203125 0.2536057692307692