14 0.296875 0.34134615384615385 0.21754807692307693 0.2403846153846154
14 0.4735576923076923 0.21995192307692307 0.24879807692307693 0.23317307692307693
14 0.5901442307692307 0.6141826923076923 0.1622596153846154 0.20192307692307693
12 0.6658653846153846 0.34375 0.3245192307692308 0.15625
12 0.38461538461538464 0.6346153846153846 0.19951923076923078 0.32572115384615385
11 0.22596153846153846 0.48677884615384615 0.13701923076923078 0.17548076923076922
11 0.4050480769230769 0.3786057692307692 0.16105769230769232 0.17427884615384615
1 0.23317307692307693 0.6310096153846154 0.25240384615384615 0.19471153846153846
1 0.6947115384615384 0.47475961538461536 0.24158653846153846 0.13701923076923078
1 0.8317307692307693 0.5420673076923077 0.203125 0.18509615384615385
3 0.43509615384615385 0.5288461538461539 0.07091346153846154 0.203125
7 0.5 0.5420673076923077 0.1045673076923077 0.3233173076923077
3 0.46875 0.8028846153846154 0.16466346153846154 0.18269230769230768
3 0.78125 0.6165865384615384 0.171875 0.18269230769230768
14 0.6454326923076923 0.7740384615384616 0.2848557692307692 0.25600961538461536
1 0.7199519230769231 0.6165865384615384 0.12259615384615384 0.13221153846153846