2 0.7644230769230769 0.24639423076923078 0.18990384615384615 0.18990384615384615
4 0.8978365384615384 0.3485576923076923 0.19831730769230768 0.22716346153846154
4 0.5673076923076923 0.25240384615384615 0.2403846153846154 0.17427884615384615
12 0.6346153846153846 0.33413461538461536 0.18509615384615385 0.08413461538461539
6 0.6947115384615384 0.44350961538461536 0.34134615384615385 0.25600961538461536
16 0.41346153846153844 0.4014423076923077 0.1201923076923077 0.1201923076923077
7 0.4567307692307692 0.47475961538461536 0.28725961538461536 0.25
13 0.24278846153846154 0.34375 0.24278846153846154 0.3016826923076923
12 0.3137019230769231 0.6141826923076923 0.078125 0.18028846153846154
12 0.2692307692307692 0.7271634615384616 0.1875 0.0889423076923077
16 0.25721153846153844 0.6430288461538461 0.0829326923076923 0.11057692307692307
2 0.19230769230769232 0.5552884615384616 0.20192307692307693 0.10576923076923077
2 0.4182692307692308 0.6346153846153846 0.18028846153846154 0.1814903846153846
15 0.1935096153846154 0.7668269230769231 0.19110576923076922 0.17427884615384615
15 0.4375 0.7752403846153846 0.203125 0.20673076923076922
7 0.6069711538461539 0.6081730769230769 0.31850961538461536 0.1971153846153846
13 0.7139423076923077 0.7163461538461539 0.3125 0.24759615384615385
15 0.8762019230769231 0.6105769230769231 0.17307692307692307 0.1622596153846154