16 0.21634615384615385 0.08533653846153846 0.31009615384615385 0.16947115384615385
16 0.23197115384615385 0.27884615384615385 0.19110576923076922 0.2920673076923077
11 0.46875 0.15384615384615385 0.16947115384615385 0.19110576923076922
6 0.6766826923076923 0.20552884615384615 0.27403846153846156 0.33533653846153844
4 0.8737980769230769 0.19831730769230768 0.16346153846153846 0.23317307692307693
12 0.515625 0.3088942307692308 0.09134615384615384 0.2512019230769231
9 0.38461538461538464 0.2920673076923077 0.15144230769230768 0.20793269230769232
12 0.46875 0.45552884615384615 0.2536057692307692 0.11177884615384616
6 0.7764423076923077 0.4362980769230769 0.35697115384615385 0.265625
4 0.7848557692307693 0.6201923076923077 0.24158653846153846 0.1622596153846154
6 0.4891826923076923 0.5612980769230769 0.31971153846153844 0.18990384615384615
7 0.46634615384615385 0.6754807692307693 0.30408653846153844 0.09735576923076923
16 0.18028846153846154 0.49399038461538464 0.32211538461538464 0.22235576923076922
9 0.0829326923076923 0.30528846153846156 0.15384615384615385 0.19471153846153846
11 0.12860576923076922 0.5793269230769231 0.1935096153846154 0.11057692307692307
10 0.2403846153846154 0.6694711538461539 0.16466346153846154 0.17067307692307693
9 0.09254807692307693 0.7115384615384616 0.12980769230769232 0.18269230769230768
6 0.22115384615384615 0.8076923076923077 0.24759615384615385 0.22716346153846154
5 0.796875 0.8197115384615384 0.40625 0.3605769230769231
6 0.49399038461538464 0.8257211538461539 0.3293269230769231 0.2956730769230769