12 0.9074519230769231 0.33052884615384615 0.10216346153846154 0.3137019230769231
13 0.7271634615384616 0.3161057692307692 0.30649038461538464 0.3425480769230769
2 0.6033653846153846 0.35697115384615385 0.13221153846153846 0.16706730769230768
13 0.46634615384615385 0.32572115384615385 0.2620192307692308 0.28846153846153844
13 0.328125 0.4026442307692308 0.3088942307692308 0.2668269230769231
0 0.4026442307692308 0.5576923076923077 0.2764423076923077 0.203125
13 0.23317307692307693 0.6850961538461539 0.34134615384615385 0.35336538461538464
12 0.4495192307692308 0.6021634615384616 0.28365384615384615 0.24278846153846154
12 0.5348557692307693 0.7091346153846154 0.3137019230769231 0.10697115384615384
14 0.5480769230769231 0.8245192307692307 0.18870192307692307 0.14423076923076922
2 0.6201923076923077 0.5949519230769231 0.10817307692307693 0.15865384615384615
3 0.7572115384615384 0.6923076923076923 0.171875 0.17908653846153846
3 0.8185096153846154 0.7728365384615384 0.20192307692307693 0.0625
14 0.8954326923076923 0.6334134615384616 0.13701923076923078 0.18389423076923078
3 0.8016826923076923 0.5108173076923077 0.06610576923076923 0.1658653846153846
3 0.7211538461538461 0.5625 0.18389423076923078 0.16947115384615385