15 0.12379807692307693 0.234375 0.19951923076923078 0.33533653846153844
11 0.2824519230769231 0.3269230769230769 0.08173076923076923 0.1310096153846154
14 0.36899038461538464 0.2824519230769231 0.1502403846153846 0.23677884615384615
2 0.4326923076923077 0.27283653846153844 0.11658653846153846 0.19230769230769232
14 0.5336538461538461 0.2536057692307692 0.1502403846153846 0.22716346153846154
4 0.7139423076923077 0.24879807692307693 0.2512019230769231 0.21514423076923078
14 0.8485576923076923 0.32091346153846156 0.22235576923076922 0.1875
14 0.12620192307692307 0.53125 0.07091346153846154 0.24639423076923078
5 0.34975961538461536 0.5276442307692307 0.3545673076923077 0.33413461538461536
9 0.5841346153846154 0.45552884615384615 0.18028846153846154 0.21033653846153846
4 0.6358173076923077 0.6141826923076923 0.27283653846153844 0.2776442307692308
14 0.8305288461538461 0.5456730769230769 0.234375 0.25240384615384615
11 0.0829326923076923 0.921875 0.12620192307692307 0.12259615384615384
15 0.23317307692307693 0.7956730769230769 0.34975961538461536 0.20793269230769232
0 0.5012019230769231 0.7908653846153846 0.17307692307692307 0.15264423076923078
15 0.9411057692307693 0.7920673076923077 0.051682692307692304 0.12740384615384615
15 0.8954326923076923 0.7716346153846154 0.04927884615384615 0.12860576923076922
15 0.71875 0.8209134615384616 0.3317307692307692 0.3269230769230769