13 0.3137019230769231 0.21875 0.3233173076923077 0.27403846153846156
13 0.8076923076923077 0.2800480769230769 0.34134615384615385 0.3629807692307692
0 0.7079326923076923 0.39302884615384615 0.14302884615384615 0.3713942307692308
0 0.6177884615384616 0.42788461538461536 0.13221153846153846 0.37740384615384615
0 0.5180288461538461 0.4266826923076923 0.12620192307692307 0.37259615384615385
9 0.40024038461538464 0.40384615384615385 0.1346153846153846 0.21634615384615385
7 0.3161057692307692 0.46033653846153844 0.11899038461538461 0.1658653846153846
7 0.4699519230769231 0.6875 0.17067307692307693 0.13221153846153846
7 0.6237980769230769 0.6526442307692307 0.16826923076923078 0.1045673076923077
14 0.8088942307692307 0.5769230769230769 0.11899038461538461 0.18389423076923078
14 0.7307692307692307 0.7199519230769231 0.20432692307692307 0.19471153846153846
14 0.4963942307692308 0.8088942307692307 0.18028846153846154 0.125
14 0.29447115384615385 0.7127403846153846 0.20072115384615385 0.19951923076923078
16 0.22716346153846154 0.5144230769230769 0.10817307692307693 0.12860576923076922
2 0.35697115384615385 0.5973557692307693 0.11899038461538461 0.16105769230769232
2 0.4375 0.578125 0.11538461538461539 0.15625