16 0.49038461538461536 0.1502403846153846 0.22115384615384615 0.2439903846153846
16 0.39903846153846156 0.33413461538461536 0.23677884615384615 0.20432692307692307
16 0.22355769230769232 0.5192307692307693 0.23677884615384615 0.16466346153846154
6 0.8185096153846154 0.4651442307692308 0.34615384615384615 0.3245192307692308
6 0.7475961538461539 0.3317307692307692 0.3449519230769231 0.3161057692307692
2 0.5528846153846154 0.46033653846153844 0.17548076923076922 0.15144230769230768
2 0.6105769230769231 0.6009615384615384 0.17908653846153846 0.14903846153846154
2 0.4050480769230769 0.5228365384615384 0.19591346153846154 0.15264423076923078
2 0.44471153846153844 0.6045673076923077 0.171875 0.11298076923076923
2 0.4651442307692308 0.7115384615384616 0.16706730769230768 0.125
2 0.7788461538461539 0.6766826923076923 0.17427884615384615 0.11177884615384616
12 0.328125 0.7295673076923077 0.2512019230769231 0.2848557692307692
1 0.5901442307692307 0.7391826923076923 0.16826923076923078 0.08173076923076923
1 0.8052884615384616 0.7716346153846154 0.14903846153846154 0.08533653846153846
1 0.8076923076923077 0.7235576923076923 0.15264423076923078 0.0829326923076923
3 0.6286057692307693 0.8028846153846154 0.19591346153846154 0.09254807692307693
3 0.515625 0.8509615384615384 0.1875 0.08173076923076923
8 0.8629807692307693 0.8161057692307693 0.07572115384615384 0.10336538461538461
1 0.7319711538461539 0.8701923076923077 0.2512019230769231 0.15865384615384615