13 0.7211538461538461 0.3137019230769231 0.34134615384615385 0.38100961538461536
10 0.5348557692307693 0.42908653846153844 0.27403846153846156 0.2536057692307692
10 0.40024038461538464 0.46634615384615385 0.21634615384615385 0.2548076923076923
14 0.8473557692307693 0.5889423076923077 0.17307692307692307 0.21754807692307693
7 0.6911057692307693 0.5528846153846154 0.22355769230769232 0.21394230769230768
7 0.5685096153846154 0.6033653846153846 0.24158653846153846 0.12620192307692307
11 0.5709134615384616 0.7055288461538461 0.12860576923076922 0.10096153846153846
11 0.6165865384615384 0.7644230769230769 0.12980769230769232 0.10096153846153846
11 0.4891826923076923 0.7668269230769231 0.13581730769230768 0.12139423076923077
0 0.39663461538461536 0.7151442307692307 0.13822115384615385 0.18028846153846154
0 0.3449519230769231 0.6442307692307693 0.16947115384615385 0.1502403846153846