10 0.7115384615384616 0.3389423076923077 0.27163461538461536 0.26322115384615385
10 0.36658653846153844 0.44711538461538464 0.21995192307692307 0.2644230769230769
0 0.5793269230769231 0.49158653846153844 0.28365384615384615 0.13341346153846154
6 0.7524038461538461 0.6310096153846154 0.3016826923076923 0.2620192307692308
6 0.6658653846153846 0.8076923076923077 0.31009615384615385 0.21634615384615385
11 0.5072115384615384 0.6394230769230769 0.15504807692307693 0.16706730769230768
3 0.5372596153846154 0.5372596153846154 0.20192307692307693 0.13701923076923078
3 0.5300480769230769 0.34615384615384615 0.22596153846153846 0.11057692307692307
3 0.7560096153846154 0.4723557692307692 0.1502403846153846 0.17548076923076922
1 0.25 0.5625 0.0625 0.13341346153846154
1 0.3954326923076923 0.6129807692307693 0.09495192307692307 0.12259615384615384
7 0.28966346153846156 0.6670673076923077 0.1045673076923077 0.1971153846153846
4 0.4098557692307692 0.7704326923076923 0.26322115384615385 0.2704326923076923