14 0.6646634615384616 0.8473557692307693 0.28966346153846156 0.24639423076923078
14 0.890625 0.6802884615384616 0.171875 0.19831730769230768
14 0.7788461538461539 0.6778846153846154 0.1935096153846154 0.17908653846153846
3 0.8028846153846154 0.515625 0.11538461538461539 0.19591346153846154
1 0.7584134615384616 0.515625 0.08533653846153846 0.15504807692307693
1 0.7175480769230769 0.5216346153846154 0.09134615384615384 0.14543269230769232
3 0.8269230769230769 0.46634615384615385 0.11538461538461539 0.20192307692307693
3 0.8689903846153846 0.4495192307692308 0.10697115384615384 0.2091346153846154
15 0.8473557692307693 0.25240384615384615 0.3004807692307692 0.328125
10 0.5685096153846154 0.7331730769230769 0.19471153846153846 0.1935096153846154
10 0.6586538461538461 0.5709134615384616 0.19471153846153846 0.19230769230769232
10 0.38221153846153844 0.8497596153846154 0.18389423076923078 0.1466346153846154
10 0.18509615384615385 0.8125 0.19471153846153846 0.1658653846153846
10 0.2620192307692308 0.7163461538461539 0.17668269230769232 0.16706730769230768
2 0.4495192307692308 0.6778846153846154 0.09014423076923077 0.09735576923076923
2 0.38221153846153844 0.7019230769230769 0.1045673076923077 0.12139423076923077
10 0.45552884615384615 0.5420673076923077 0.18990384615384615 0.19591346153846154
5 0.5516826923076923 0.2776442307692308 0.453125 0.4495192307692308
5 0.23197115384615385 0.46875 0.38221153846153844 0.39783653846153844