4 0.24879807692307693 0.1658653846153846 0.21754807692307693 0.25
4 0.4014423076923077 0.23677884615384615 0.13341346153846154 0.22355769230769232
1 0.1778846153846154 0.3473557692307692 0.1622596153846154 0.14182692307692307
1 0.34134615384615385 0.5504807692307693 0.054086538461538464 0.18509615384615385
1 0.40024038461538464 0.8185096153846154 0.17307692307692307 0.11298076923076923
4 0.5829326923076923 0.8665865384615384 0.234375 0.17067307692307693
11 0.5360576923076923 0.45072115384615385 0.10216346153846154 0.15384615384615385
11 0.8413461538461539 0.8040865384615384 0.13341346153846154 0.171875
1 0.5625 0.78125 0.14182692307692307 0.05889423076923077
6 0.5697115384615384 0.22716346153846154 0.23918269230769232 0.31850961538461536
6 0.7475961538461539 0.4230769230769231 0.36538461538461536 0.32572115384615385
7 0.2668269230769231 0.3641826923076923 0.17908653846153846 0.12259615384615384
7 0.5949519230769231 0.6129807692307693 0.10576923076923077 0.17668269230769232
14 0.7367788461538461 0.6009615384615384 0.2127403846153846 0.20072115384615385
14 0.4891826923076923 0.7295673076923077 0.24759615384615385 0.07932692307692307
14 0.23317307692307693 0.7211538461538461 0.25240384615384615 0.10817307692307693
0 0.39783653846153844 0.5949519230769231 0.10576923076923077 0.24519230769230768
0 0.7536057692307693 0.7427884615384616 0.14543269230769232 0.24639423076923078