9 0.27524038461538464 0.328125 0.12740384615384615 0.13221153846153846
9 0.6322115384615384 0.7391826923076923 0.13942307692307693 0.14783653846153846
16 0.4387019230769231 0.28365384615384615 0.23557692307692307 0.16947115384615385
16 0.8305288461538461 0.7800480769230769 0.2620192307692308 0.21875
16 0.24278846153846154 0.8064903846153846 0.2439903846153846 0.15865384615384615
15 0.22355769230769232 0.2439903846153846 0.17668269230769232 0.15264423076923078
15 0.6442307692307693 0.3125 0.15625 0.16826923076923078
15 0.4795673076923077 0.796875 0.19110576923076922 0.18389423076923078
11 0.6454326923076923 0.47115384615384615 0.14302884615384615 0.17548076923076922
11 0.2608173076923077 0.4855769230769231 0.12259615384615384 0.15625
14 0.8401442307692307 0.4735576923076923 0.15985576923076922 0.21875
14 0.4831730769230769 0.4807692307692308 0.21995192307692307 0.17067307692307693
2 0.3449519230769231 0.5673076923076923 0.14543269230769232 0.1935096153846154
11 0.22956730769230768 0.6875 0.15865384615384615 0.11057692307692307
7 0.46274038461538464 0.6646634615384616 0.3233173076923077 0.15264423076923078
4 0.1502403846153846 0.49158653846153844 0.18028846153846154 0.23557692307692307