7 0.4519230769230769 0.20793269230769232 0.34375 0.17307692307692307
7 0.5697115384615384 0.359375 0.15504807692307693 0.1201923076923077
0 0.5144230769230769 0.49158653846153844 0.22115384615384615 0.11658653846153846
9 0.359375 0.5889423076923077 0.10817307692307693 0.1875
3 0.08413461538461539 0.7860576923076923 0.16826923076923078 0.23798076923076922
15 0.671875 0.5612980769230769 0.2920673076923077 0.3317307692307692
13 0.8149038461538461 0.7896634615384616 0.3329326923076923 0.28125
13 0.18028846153846154 0.34975961538461536 0.359375 0.36538461538461536
7 0.35216346153846156 0.4338942307692308 0.35336538461538464 0.16346153846153846
7 0.4387019230769231 0.7283653846153846 0.109375 0.3581730769230769
9 0.34615384615384615 0.7860576923076923 0.14302884615384615 0.19591346153846154
0 0.2620192307692308 0.671875 0.109375 0.25961538461538464
7 0.171875 0.6021634615384616 0.0985576923076923 0.17067307692307693