16 0.7716346153846154 0.27163461538461536 0.23317307692307693 0.3112980769230769
16 0.5528846153846154 0.4387019230769231 0.3016826923076923 0.2824519230769231
1 0.5504807692307693 0.21153846153846154 0.09735576923076923 0.13942307692307693
1 0.4026442307692308 0.24278846153846154 0.08173076923076923 0.14423076923076922
1 0.2608173076923077 0.1935096153846154 0.19951923076923078 0.14302884615384615
1 0.33413461538461536 0.31490384615384615 0.21394230769230768 0.22235576923076922
11 0.2127403846153846 0.3161057692307692 0.12740384615384615 0.13701923076923078
11 0.49759615384615385 0.5913461538461539 0.09254807692307693 0.12259615384615384
14 0.1346153846153846 0.5685096153846154 0.2403846153846154 0.20793269230769232
15 0.21514423076923078 0.6658653846153846 0.0829326923076923 0.12980769230769232
15 0.5588942307692307 0.8088942307692307 0.0625 0.1346153846153846
4 0.5925480769230769 0.6802884615384616 0.21153846153846154 0.11658653846153846
6 0.35336538461538464 0.7944711538461539 0.30528846153846156 0.3762019230769231
11 0.6177884615384616 0.8100961538461539 0.0829326923076923 0.13221153846153846