6 0.6862980769230769 0.8052884615384616 0.31850961538461536 0.31009615384615385
10 0.8341346153846154 0.5925480769230769 0.19230769230769232 0.19230769230769232
16 0.6394230769230769 0.6225961538461539 0.22235576923076922 0.18629807692307693
7 0.4735576923076923 0.7668269230769231 0.12620192307692307 0.3137019230769231
1 0.38822115384615385 0.8257211538461539 0.04326923076923077 0.14783653846153846
1 0.32572115384615385 0.8305288461538461 0.057692307692307696 0.1466346153846154
7 0.6081730769230769 0.5144230769230769 0.30528846153846156 0.17548076923076922
14 0.5528846153846154 0.45552884615384615 0.19831730769230768 0.18269230769230768
6 0.8016826923076923 0.31009615384615385 0.3425480769230769 0.36177884615384615
9 0.4026442307692308 0.625 0.25600961538461536 0.2608173076923077
10 0.5432692307692307 0.32211538461538464 0.18990384615384615 0.1971153846153846
6 0.16947115384615385 0.7872596153846154 0.2536057692307692 0.31850961538461536
14 0.2439903846153846 0.546875 0.07451923076923077 0.23317307692307693
9 0.12379807692307693 0.5276442307692307 0.203125 0.21875
16 0.4098557692307692 0.41466346153846156 0.16826923076923078 0.20793269230769232
7 0.29927884615384615 0.40625 0.1141826923076923 0.17307692307692307
14 0.41466346153846156 0.15985576923076922 0.24759615384615385 0.2283653846153846
9 0.15504807692307693 0.28365384615384615 0.1935096153846154 0.203125
1 0.3870192307692308 0.3076923076923077 0.12860576923076922 0.03365384615384615