13 0.29086538461538464 0.2848557692307692 0.28846153846153844 0.30528846153846156
13 0.5697115384615384 0.2644230769230769 0.359375 0.3545673076923077
0 0.48197115384615385 0.35697115384615385 0.1502403846153846 0.15264423076923078
13 0.7740384615384616 0.31490384615384615 0.30649038461538464 0.3425480769230769
7 0.8894230769230769 0.39663461538461536 0.10336538461538461 0.17668269230769232
13 0.19591346153846154 0.5733173076923077 0.2704326923076923 0.31850961538461536
13 0.3545673076923077 0.5216346153846154 0.23677884615384615 0.2980769230769231
6 0.5564903846153846 0.5649038461538461 0.265625 0.34134615384615385
0 0.7175480769230769 0.4831730769230769 0.16826923076923078 0.12620192307692307
16 0.6706730769230769 0.6189903846153846 0.0889423076923077 0.1141826923076923
4 0.8233173076923077 0.6045673076923077 0.2704326923076923 0.23798076923076922
3 0.20552884615384615 0.8137019230769231 0.17427884615384615 0.1310096153846154
6 0.33533653846153844 0.7331730769230769 0.3425480769230769 0.26322115384615385
7 0.5709134615384616 0.8100961538461539 0.13341346153846154 0.1935096153846154
16 0.6862980769230769 0.7127403846153846 0.11538461538461539 0.09735576923076923
4 0.8040865384615384 0.7908653846153846 0.2956730769230769 0.28725961538461536