3 0.6923076923076923 0.8028846153846154 0.1971153846153846 0.06370192307692307
3 0.7716346153846154 0.7211538461538461 0.1935096153846154 0.12139423076923077
14 0.8064903846153846 0.5516826923076923 0.23918269230769232 0.2403846153846154
14 0.6141826923076923 0.6923076923076923 0.2283653846153846 0.23557692307692307
8 0.7584134615384616 0.3701923076923077 0.09375 0.07572115384615384
15 0.6346153846153846 0.4483173076923077 0.20192307692307693 0.3004807692307692
8 0.4387019230769231 0.7091346153846154 0.140625 0.125
14 0.5048076923076923 0.5588942307692307 0.23798076923076922 0.20432692307692307
14 0.33052884615384615 0.6586538461538461 0.2283653846153846 0.19831730769230768
3 0.46875 0.41466346153846156 0.20552884615384615 0.0625
14 0.3245192307692308 0.4891826923076923 0.1346153846153846 0.1778846153846154
4 0.20192307692307693 0.5060096153846154 0.14423076923076922 0.140625
8 0.45552884615384615 0.32091346153846156 0.1310096153846154 0.11538461538461539
8 0.35216346153846156 0.3269230769230769 0.078125 0.078125
15 0.5961538461538461 0.2548076923076923 0.3293269230769231 0.2536057692307692
15 0.2403846153846154 0.2932692307692308 0.2512019230769231 0.2403846153846154