16 0.6634615384615384 0.21634615384615385 0.21875 0.23076923076923078
12 0.8569711538461539 0.2692307692307692 0.21153846153846154 0.09735576923076923
12 0.8185096153846154 0.3112980769230769 0.21514423076923078 0.09254807692307693
10 0.7668269230769231 0.38822115384615385 0.20072115384615385 0.1971153846153846
10 0.5276442307692307 0.28125 0.19110576923076922 0.19110576923076922
7 0.6370192307692307 0.41466346153846156 0.12740384615384615 0.18990384615384615
1 0.7079326923076923 0.5588942307692307 0.15985576923076922 0.21875
6 0.8629807692307693 0.5492788461538461 0.2620192307692308 0.3088942307692308
2 0.5697115384615384 0.47115384615384615 0.13581730769230768 0.15985576923076922
2 0.484375 0.5144230769230769 0.14423076923076922 0.16346153846153846
7 0.5769230769230769 0.5913461538461539 0.16706730769230768 0.1310096153846154
1 0.6838942307692307 0.7127403846153846 0.2247596153846154 0.12259615384615384
7 0.43028846153846156 0.5817307692307693 0.1466346153846154 0.16706730769230768
7 0.49759615384615385 0.703125 0.18269230769230768 0.11538461538461539
11 0.35216346153846156 0.6021634615384616 0.1201923076923077 0.1346153846153846
6 0.328125 0.390625 0.296875 0.27884615384615385
6 0.21995192307692307 0.5673076923076923 0.19110576923076922 0.28365384615384615
16 0.32211538461538464 0.7956730769230769 0.23076923076923078 0.23557692307692307
1 0.4963942307692308 0.8269230769230769 0.21634615384615385 0.19951923076923078
16 0.7223557692307693 0.8473557692307693 0.22956730769230768 0.21033653846153846