4 0.7680288461538461 0.37740384615384615 0.2536057692307692 0.20673076923076922
14 0.5805288461538461 0.5576923076923077 0.14423076923076922 0.35336538461538464
14 0.7151442307692307 0.6995192307692307 0.234375 0.32572115384615385
8 0.5288461538461539 0.8557692307692307 0.08653846153846154 0.09615384615384616
2 0.390625 0.7211538461538461 0.1622596153846154 0.15504807692307693
15 0.2824519230769231 0.7548076923076923 0.31009615384615385 0.3004807692307692
8 0.2824519230769231 0.578125 0.1045673076923077 0.05889423076923077
8 0.07932692307692307 0.5769230769230769 0.055288461538461536 0.1045673076923077
4 0.25 0.4807692307692308 0.25240384615384615 0.18629807692307693
2 0.44471153846153844 0.4182692307692308 0.16105769230769232 0.18269230769230768
7 0.5264423076923077 0.47475961538461536 0.125 0.16706730769230768
7 0.47115384615384615 0.6225961538461539 0.1466346153846154 0.15745192307692307
14 0.36778846153846156 0.3004807692307692 0.36177884615384615 0.109375