6 0.23557692307692307 0.3641826923076923 0.18629807692307693 0.2860576923076923
7 0.44591346153846156 0.34975961538461536 0.15985576923076922 0.1466346153846154
10 0.6875 0.27403846153846156 0.22115384615384615 0.2127403846153846
12 0.7019230769230769 0.46033653846153844 0.2403846153846154 0.15985576923076922
12 0.45913461538461536 0.7211538461538461 0.22115384615384615 0.18870192307692307
0 0.3858173076923077 0.5048076923076923 0.13822115384615385 0.23197115384615385
0 0.49038461538461536 0.5528846153846154 0.13581730769230768 0.2283653846153846
0 0.5516826923076923 0.4651442307692308 0.12620192307692307 0.23076923076923078
10 0.6586538461538461 0.6466346153846154 0.22596153846153846 0.19471153846153846
6 0.8233173076923077 0.6947115384615384 0.27403846153846156 0.3485576923076923
10 0.25600961538461536 0.6021634615384616 0.2644230769230769 0.27283653846153844