4 0.8617788461538461 0.28846153846153844 0.21995192307692307 0.2620192307692308
4 0.8425480769230769 0.6826923076923077 0.2403846153846154 0.27283653846153844
6 0.5324519230769231 0.8257211538461539 0.30649038461538464 0.23557692307692307
6 0.18990384615384615 0.5901442307692307 0.24278846153846154 0.3088942307692308
11 0.3581730769230769 0.6802884615384616 0.10576923076923077 0.16346153846153846
0 0.453125 0.6225961538461539 0.14423076923076922 0.2283653846153846
0 0.5300480769230769 0.4699519230769231 0.16105769230769232 0.21514423076923078
0 0.6310096153846154 0.3605769230769231 0.17548076923076922 0.21153846153846154
3 0.6466346153846154 0.6081730769230769 0.1875 0.15865384615384615
3 0.7163461538461539 0.640625 0.17548076923076922 0.17067307692307693
11 0.7932692307692307 0.47475961538461536 0.20072115384615385 0.14543269230769232
11 0.7295673076923077 0.33413461538461536 0.15625 0.15144230769230768
7 0.5036057692307693 0.2512019230769231 0.22956730769230768 0.17668269230769232
7 0.31009615384615385 0.40384615384615385 0.14543269230769232 0.23197115384615385
7 0.38822115384615385 0.4495192307692308 0.15504807692307693 0.24278846153846154