6 0.8725961538461539 0.3485576923076923 0.2439903846153846 0.3125
10 0.7439903846153846 0.375 0.21153846153846154 0.20793269230769232
5 0.5072115384615384 0.24158653846153846 0.44711538461538464 0.4206730769230769
16 0.328125 0.33774038461538464 0.22235576923076922 0.18389423076923078
7 0.5384615384615384 0.4735576923076923 0.3401442307692308 0.109375
7 0.46875 0.5913461538461539 0.32211538461538464 0.20673076923076922
7 0.45072115384615385 0.671875 0.3293269230769231 0.21394230769230768
5 0.20192307692307693 0.5240384615384616 0.32211538461538464 0.4074519230769231
16 0.19831730769230768 0.7800480769230769 0.21153846153846154 0.17427884615384615
10 0.38341346153846156 0.7932692307692307 0.20673076923076922 0.20793269230769232
4 0.7512019230769231 0.8209134615384616 0.23918269230769232 0.23317307692307693
4 0.5384615384615384 0.8569711538461539 0.25841346153846156 0.27163461538461536
14 0.8894230769230769 0.6802884615384616 0.20793269230769232 0.1875
1 0.7752403846153846 0.6502403846153846 0.23798076923076922 0.20793269230769232
2 0.6730769230769231 0.5889423076923077 0.11899038461538461 0.171875
2 0.7740384615384616 0.5240384615384616 0.12980769230769232 0.17067307692307693