5 0.3161057692307692 0.3485576923076923 0.3161057692307692 0.35697115384615385
5 0.4543269230769231 0.2439903846153846 0.3894230769230769 0.26802884615384615
16 0.6971153846153846 0.21875 0.1622596153846154 0.2403846153846154
16 0.8461538461538461 0.40625 0.2283653846153846 0.2620192307692308
6 0.27283653846153844 0.6237980769230769 0.34615384615384615 0.3701923076923077
16 0.19110576923076922 0.7740384615384616 0.1045673076923077 0.1141826923076923
6 0.4735576923076923 0.5168269230769231 0.2548076923076923 0.2692307692307692
6 0.6838942307692307 0.49038461538461536 0.28725961538461536 0.2980769230769231
3 0.9026442307692307 0.5612980769230769 0.18509615384615385 0.07211538461538461
6 0.5793269230769231 0.6682692307692307 0.28725961538461536 0.29447115384615385
1 0.3293269230769231 0.9158653846153846 0.12740384615384615 0.10096153846153846
12 0.4423076923076923 0.8413461538461539 0.3137019230769231 0.13581730769230768
0 0.7079326923076923 0.7103365384615384 0.15504807692307693 0.15865384615384615
3 0.6814903846153846 0.8257211538461539 0.18389423076923078 0.08052884615384616
3 0.5745192307692307 0.9230769230769231 0.18389423076923078 0.12139423076923077
3 0.7379807692307693 0.9014423076923077 0.1814903846153846 0.07211538461538461
3 0.8557692307692307 0.8112980769230769 0.17548076923076922 0.14543269230769232
1 0.8209134615384616 0.765625 0.14543269230769232 0.140625
1 0.8617788461538461 0.6442307692307693 0.13581730769230768 0.14182692307692307