13 0.27403846153846156 0.8245192307692307 0.35216346153846156 0.34975961538461536
7 0.40625 0.7608173076923077 0.12620192307692307 0.20072115384615385
4 0.5961538461538461 0.7932692307692307 0.2620192307692308 0.2644230769230769
3 0.7379807692307693 0.7463942307692307 0.09615384615384616 0.2091346153846154
3 0.8004807692307693 0.6081730769230769 0.1045673076923077 0.18870192307692307
3 0.8461538461538461 0.5997596153846154 0.09975961538461539 0.19230769230769232
16 0.8497596153846154 0.7668269230769231 0.1201923076923077 0.09975961538461539
12 0.5817307692307693 0.6502403846153846 0.3125 0.1466346153846154
12 0.6021634615384616 0.5721153846153846 0.3112980769230769 0.140625
11 0.4579326923076923 0.5180288461538461 0.16346153846153846 0.13221153846153846
11 0.5985576923076923 0.44591346153846156 0.1658653846153846 0.13341346153846154
5 0.2548076923076923 0.5084134615384616 0.25841346153846156 0.3786057692307692
5 0.7764423076923077 0.32091346153846156 0.31850961538461536 0.41586538461538464
5 0.5528846153846154 0.2608173076923077 0.27403846153846156 0.27403846153846156
6 0.3161057692307692 0.27163461538461536 0.2860576923076923 0.39903846153846156