4 0.1875 0.2860576923076923 0.2512019230769231 0.20192307692307693
15 0.39903846153846156 0.35096153846153844 0.1814903846153846 0.1622596153846154
15 0.4831730769230769 0.515625 0.18509615384615385 0.171875
4 0.24759615384615385 0.49278846153846156 0.16947115384615385 0.234375
16 0.08774038461538461 0.5120192307692307 0.17548076923076922 0.2776442307692308
2 0.35336538461538464 0.5697115384615384 0.14423076923076922 0.16706730769230768
2 0.22956730769230768 0.6742788461538461 0.10697115384615384 0.16466346153846154
15 0.09134615384615384 0.7007211538461539 0.13221153846153846 0.09735576923076923
8 0.17307692307692307 0.8798076923076923 0.09014423076923077 0.11177884615384616
8 0.2920673076923077 0.8786057692307693 0.12379807692307693 0.1201923076923077
8 0.5576923076923077 0.9002403846153846 0.11778846153846154 0.109375
2 0.37259615384615385 0.7584134615384616 0.09254807692307693 0.16706730769230768
2 0.46153846153846156 0.7067307692307693 0.09735576923076923 0.16105769230769232
0 0.5949519230769231 0.6538461538461539 0.140625 0.37740384615384615
0 0.7295673076923077 0.6394230769230769 0.12860576923076922 0.3798076923076923
10 0.859375 0.8209134615384616 0.19591346153846154 0.20673076923076922