16 0.84375 0.5973557692307693 0.19831730769230768 0.2980769230769231
16 0.8052884615384616 0.2403846153846154 0.17668269230769232 0.22115384615384615
16 0.15985576923076922 0.6069711538461539 0.2956730769230769 0.2980769230769231
16 0.6634615384615384 0.22596153846153846 0.171875 0.21153846153846154
16 0.5216346153846154 0.24519230769230768 0.17307692307692307 0.2091346153846154
4 0.203125 0.41346153846153844 0.22716346153846154 0.23677884615384615
4 0.3545673076923077 0.3389423076923077 0.23317307692307693 0.23076923076923078
4 0.27884615384615385 0.24879807692307693 0.23197115384615385 0.23197115384615385
3 0.5204326923076923 0.640625 0.14903846153846154 0.1814903846153846
13 0.6658653846153846 0.6598557692307693 0.23557692307692307 0.3161057692307692
9 0.7007211538461539 0.4014423076923077 0.21875 0.16466346153846154
9 0.49759615384615385 0.4375 0.21754807692307693 0.16706730769230768
15 0.6213942307692307 0.4963942307692308 0.17427884615384615 0.09975961538461539
15 0.5733173076923077 0.46875 0.1658653846153846 0.09495192307692307
10 0.33413461538461536 0.5396634615384616 0.24879807692307693 0.2692307692307692
10 0.4375 0.6935096153846154 0.25600961538461536 0.2800480769230769