15 0.8016826923076923 0.47836538461538464 0.2439903846153846 0.3112980769230769
16 0.6165865384615384 0.3545673076923077 0.23197115384615385 0.21033653846153846
7 0.6394230769230769 0.46875 0.17067307692307693 0.14423076923076922
7 0.4963942307692308 0.5204326923076923 0.10697115384615384 0.17307692307692307
16 0.328125 0.5084134615384616 0.22355769230769232 0.22596153846153846
8 0.4170673076923077 0.6129807692307693 0.09254807692307693 0.125
12 0.25721153846153844 0.7355769230769231 0.09254807692307693 0.16466346153846154
12 0.3485576923076923 0.7475961538461539 0.14903846153846154 0.11778846153846154
12 0.3713942307692308 0.6778846153846154 0.15745192307692307 0.11778846153846154
7 0.5012019230769231 0.6766826923076923 0.11538461538461539 0.18269230769230768
7 0.6310096153846154 0.6947115384615384 0.1658653846153846 0.1971153846153846
3 0.5240384615384616 0.78125 0.20432692307692307 0.09735576923076923
3 0.4891826923076923 0.8485576923076923 0.20432692307692307 0.10216346153846154
10 0.8185096153846154 0.75 0.2848557692307692 0.2932692307692308
16 0.6935096153846154 0.6057692307692307 0.22716346153846154 0.23317307692307693