5 0.7716346153846154 0.33533653846153844 0.3389423076923077 0.453125
5 0.4735576923076923 0.2932692307692308 0.27283653846153844 0.3161057692307692
5 0.15745192307692307 0.19591346153846154 0.18990384615384615 0.2848557692307692
12 0.27403846153846156 0.2439903846153846 0.0889423076923077 0.15625
12 0.34134615384615385 0.29447115384615385 0.12139423076923077 0.17908653846153846
13 0.8004807692307693 0.6971153846153846 0.33533653846153844 0.3269230769230769
1 0.203125 0.4699519230769231 0.234375 0.12379807692307693
1 0.33052884615384615 0.5733173076923077 0.14182692307692307 0.23317307692307693
12 0.4206730769230769 0.5516826923076923 0.08774038461538461 0.15985576923076922
12 0.4699519230769231 0.6069711538461539 0.09134615384615384 0.1778846153846154
12 0.49759615384615385 0.7403846153846154 0.08173076923076923 0.15625
12 0.6766826923076923 0.8052884615384616 0.23918269230769232 0.2980769230769231
1 0.36177884615384615 0.8149038461538461 0.24278846153846154 0.21153846153846154
9 0.20793269230769232 0.8762019230769231 0.1778846153846154 0.15264423076923078
5 0.16105769230769232 0.671875 0.21875 0.30649038461538464