3 0.921875 0.28725961538461536 0.08052884615384616 0.21875
3 0.8521634615384616 0.3317307692307692 0.10096153846153846 0.19591346153846154
3 0.7439903846153846 0.32211538461538464 0.1502403846153846 0.14543269230769232
4 0.5865384615384616 0.20192307692307693 0.1466346153846154 0.18629807692307693
4 0.4387019230769231 0.20793269230769232 0.18629807692307693 0.17668269230769232
15 0.6742788461538461 0.2692307692307692 0.13581730769230768 0.13221153846153846
7 0.6213942307692307 0.36177884615384615 0.296875 0.2283653846153846
3 0.49278846153846156 0.4014423076923077 0.11658653846153846 0.16346153846153846
15 0.6262019230769231 0.5192307692307693 0.12379807692307693 0.14423076923076922
15 0.5144230769230769 0.5540865384615384 0.12740384615384615 0.14182692307692307
9 0.7716346153846154 0.5877403846153846 0.140625 0.20192307692307693
9 0.703125 0.6478365384615384 0.14182692307692307 0.20072115384615385
9 0.24519230769230768 0.47115384615384615 0.1502403846153846 0.20072115384615385
16 0.7752403846153846 0.8173076923076923 0.3245192307692308 0.25961538461538464
16 0.3557692307692308 0.6634615384615384 0.20673076923076922 0.2932692307692308
16 0.3485576923076923 0.3737980769230769 0.20793269230769232 0.29927884615384615
3 0.49759615384615385 0.6574519230769231 0.15384615384615385 0.1814903846153846
3 0.15144230769230768 0.6322115384615384 0.18629807692307693 0.13341346153846154
3 0.13701923076923078 0.5096153846153846 0.11899038461538461 0.18269230769230768
3 0.18509615384615385 0.4807692307692308 0.12860576923076922 0.18389423076923078