5 0.296875 0.328125 0.38341346153846156 0.359375
5 0.6274038461538461 0.35697115384615385 0.359375 0.3737980769230769
9 0.26802884615384615 0.4675480769230769 0.3125 0.3629807692307692
9 0.4266826923076923 0.5360576923076923 0.19230769230769232 0.19951923076923078
9 0.5805288461538461 0.5649038461538461 0.2247596153846154 0.18990384615384615
16 0.8365384615384616 0.46033653846153844 0.21875 0.23557692307692307
11 0.625 0.6598557692307693 0.12620192307692307 0.0889423076923077
11 0.8052884615384616 0.6514423076923077 0.09014423076923077 0.1310096153846154
13 0.21875 0.7223557692307693 0.24158653846153846 0.29927884615384615
13 0.38341346153846156 0.7331730769230769 0.21514423076923078 0.2956730769230769
13 0.5600961538461539 0.8100961538461539 0.28966346153846156 0.2764423076923077
3 0.7560096153846154 0.7391826923076923 0.18870192307692307 0.13581730769230768
3 0.8966346153846154 0.6802884615384616 0.0985576923076923 0.1971153846153846
3 0.8004807692307693 0.8353365384615384 0.18389423076923078 0.1045673076923077