12 0.6826923076923077 0.3317307692307692 0.15865384615384615 0.3076923076923077
12 0.7451923076923077 0.4831730769230769 0.28365384615384615 0.2091346153846154
9 0.22596153846153846 0.21153846153846154 0.20072115384615385 0.1971153846153846
9 0.3762019230769231 0.2668269230769231 0.17548076923076922 0.18990384615384615
2 0.5576923076923077 0.375 0.10576923076923077 0.15625
2 0.42427884615384615 0.45913461538461536 0.1502403846153846 0.1622596153846154
9 0.24158653846153846 0.359375 0.19951923076923078 0.1658653846153846
6 0.19230769230769232 0.4795673076923077 0.3125 0.25721153846153844
2 0.5492788461538461 0.5144230769230769 0.16105769230769232 0.13942307692307693
2 0.35697115384615385 0.5588942307692307 0.14302884615384615 0.1622596153846154
1 0.19951923076923078 0.5997596153846154 0.1502403846153846 0.078125
1 0.22355769230769232 0.7956730769230769 0.15144230769230768 0.057692307692307696
10 0.6814903846153846 0.6514423076923077 0.25721153846153844 0.23076923076923078
7 0.5829326923076923 0.8112980769230769 0.3112980769230769 0.18389423076923078
7 0.5048076923076923 0.8713942307692307 0.3173076923076923 0.17548076923076922