7 0.6706730769230769 0.7704326923076923 0.25841346153846156 0.234375
4 0.7524038461538461 0.546875 0.1814903846153846 0.2403846153846154
10 0.8665865384615384 0.3918269230769231 0.20552884615384615 0.23918269230769232
2 0.6153846153846154 0.6310096153846154 0.15384615384615385 0.1622596153846154
2 0.5336538461538461 0.734375 0.1502403846153846 0.15865384615384615
0 0.46274038461538464 0.8173076923076923 0.16466346153846154 0.12620192307692307
0 0.3269230769230769 0.7463942307692307 0.16346153846153846 0.1502403846153846
10 0.44471153846153844 0.6237980769230769 0.25721153846153844 0.2644230769230769
10 0.6153846153846154 0.4579326923076923 0.13581730769230768 0.15865384615384615
4 0.7067307692307693 0.3389423076923077 0.18629807692307693 0.23798076923076922
10 0.4483173076923077 0.47475961538461536 0.23798076923076922 0.21394230769230768
16 0.4855769230769231 0.3125 0.22956730769230768 0.17548076923076922
16 0.18990384615384615 0.5769230769230769 0.1875 0.21634615384615385
16 0.27403846153846156 0.3701923076923077 0.22355769230769232 0.24639423076923078