6 0.7824519230769231 0.30408653846153844 0.2692307692307692 0.3137019230769231
6 0.7788461538461539 0.5012019230769231 0.2644230769230769 0.3112980769230769
6 0.23317307692307693 0.5348557692307693 0.3004807692307692 0.2692307692307692
10 0.6165865384615384 0.23076923076923078 0.15504807692307693 0.14543269230769232
10 0.4254807692307692 0.2127403846153846 0.15144230769230768 0.16346153846153846
10 0.59375 0.5144230769230769 0.15144230769230768 0.15625
16 0.4855769230769231 0.5504807692307693 0.11658653846153846 0.12259615384615384
16 0.5865384615384616 0.6394230769230769 0.109375 0.13581730769230768
16 0.5072115384615384 0.6790865384615384 0.11658653846153846 0.12139423076923077
9 0.3918269230769231 0.4807692307692308 0.23918269230769232 0.21875
9 0.7403846153846154 0.6971153846153846 0.25841346153846156 0.2668269230769231
4 0.2668269230769231 0.33533653846153844 0.2800480769230769 0.29927884615384615
4 0.53125 0.38221153846153844 0.28725961538461536 0.28966346153846156
3 0.4951923076923077 0.78125 0.15144230769230768 0.15745192307692307
3 0.42788461538461536 0.7007211538461539 0.09134615384615384 0.16826923076923078
7 0.3557692307692308 0.734375 0.1346153846153846 0.1935096153846154
3 0.65625 0.49759615384615385 0.09975961538461539 0.1875