6 0.1310096153846154 0.3016826923076923 0.25721153846153844 0.33052884615384615
16 0.28125 0.19471153846153846 0.21754807692307693 0.23557692307692307
9 0.5012019230769231 0.16706730769230768 0.24759615384615385 0.2439903846153846
9 0.3942307692307692 0.33653846153846156 0.19110576923076922 0.14423076923076922
9 0.32572115384615385 0.43149038461538464 0.23197115384615385 0.24759615384615385
6 0.1658653846153846 0.6442307692307693 0.3004807692307692 0.3545673076923077
6 0.25240384615384615 0.8557692307692307 0.3401442307692308 0.28846153846153844
7 0.39903846153846156 0.8293269230769231 0.22355769230769232 0.2824519230769231
14 0.39903846153846156 0.7223557692307693 0.20673076923076922 0.20192307692307693
6 0.5913461538461539 0.7764423076923077 0.28966346153846156 0.27283653846153844
6 0.8461538461538461 0.7307692307692307 0.29086538461538464 0.37740384615384615
3 0.6057692307692307 0.6069711538461539 0.18870192307692307 0.14302884615384615
3 0.4483173076923077 0.6418269230769231 0.18269230769230768 0.0889423076923077
4 0.4807692307692308 0.49038461538461536 0.2247596153846154 0.25
1 0.5564903846153846 0.5360576923076923 0.09375 0.13942307692307693
4 0.7620192307692307 0.42908653846153844 0.25 0.19831730769230768
9 0.6814903846153846 0.3245192307692308 0.19110576923076922 0.17668269230769232
9 0.7776442307692307 0.25 0.15865384615384615 0.18990384615384615
16 0.21514423076923078 0.6105769230769231 0.18870192307692307 0.22956730769230768