11 0.5444711538461539 0.8834134615384616 0.13701923076923078 0.10576923076923077
11 0.8449519230769231 0.2824519230769231 0.12740384615384615 0.12740384615384615
11 0.8858173076923077 0.23076923076923078 0.140625 0.13341346153846154
4 0.7860576923076923 0.828125 0.21153846153846154 0.20552884615384615
4 0.8413461538461539 0.6802884615384616 0.21033653846153846 0.203125
3 0.5625 0.75 0.18629807692307693 0.12139423076923077
3 0.6802884615384616 0.7584134615384616 0.17067307692307693 0.19471153846153846
9 0.3894230769230769 0.7956730769230769 0.14543269230769232 0.20552884615384615
6 0.1658653846153846 0.7896634615384616 0.3125 0.3245192307692308
13 0.3762019230769231 0.578125 0.29927884615384615 0.25240384615384615
14 0.6935096153846154 0.6346153846153846 0.3581730769230769 0.18990384615384615
14 0.6670673076923077 0.46033653846153844 0.35216346153846156 0.20673076923076922
14 0.7247596153846154 0.5276442307692307 0.35096153846153844 0.20673076923076922
13 0.17668269230769232 0.4879807692307692 0.2704326923076923 0.31009615384615385
13 0.4110576923076923 0.34375 0.29086538461538464 0.3389423076923077
13 0.5132211538461539 0.17067307692307693 0.25721153846153844 0.3317307692307692
5 0.3076923076923077 0.21634615384615385 0.2824519230769231 0.36658653846153844
5 0.15745192307692307 0.24278846153846154 0.2403846153846154 0.38341346153846156
6 0.6947115384615384 0.23076923076923078 0.3088942307692308 0.3557692307692308