7 0.31490384615384615 0.09735576923076923 0.30288461538461536 0.19471153846153846
16 0.11538461538461539 0.35096153846153844 0.17908653846153846 0.24278846153846154
11 0.31009615384615385 0.3641826923076923 0.15985576923076922 0.171875
6 0.6262019230769231 0.17067307692307693 0.3473557692307692 0.3125
11 0.6153846153846154 0.22115384615384615 0.17067307692307693 0.1622596153846154
11 0.16466346153846154 0.5192307692307693 0.17668269230769232 0.13822115384615385
11 0.296875 0.640625 0.08774038461538461 0.20552884615384615
6 0.14903846153846154 0.7007211538461539 0.25240384615384615 0.32091346153846156
11 0.6370192307692307 0.5012019230769231 0.171875 0.18990384615384615
11 0.8353365384615384 0.4891826923076923 0.2091346153846154 0.17307692307692307
11 0.8221153846153846 0.6069711538461539 0.1658653846153846 0.10576923076923077
7 0.5588942307692307 0.6201923076923077 0.328125 0.15504807692307693
7 0.4891826923076923 0.6802884615384616 0.3233173076923077 0.17668269230769232
14 0.16466346153846154 0.9086538461538461 0.17908653846153846 0.13942307692307693
5 0.47596153846153844 0.8269230769230769 0.47716346153846156 0.3449519230769231
16 0.7788461538461539 0.7788461538461539 0.1935096153846154 0.27403846153846156