1 0.3245192307692308 0.23317307692307693 0.2536057692307692 0.19471153846153846
1 0.4951923076923077 0.3629807692307692 0.17548076923076922 0.24158653846153846
2 0.6201923076923077 0.4110576923076923 0.07932692307692307 0.19591346153846154
1 0.5504807692307693 0.515625 0.14302884615384615 0.04567307692307692
9 0.30649038461538464 0.3954326923076923 0.19230769230769232 0.21754807692307693
9 0.15264423076923078 0.35336538461538464 0.22115384615384615 0.10817307692307693
2 0.21153846153846154 0.5372596153846154 0.16826923076923078 0.140625
1 0.34134615384615385 0.4855769230769231 0.08533653846153846 0.14423076923076922
1 0.29086538461538464 0.6129807692307693 0.08774038461538461 0.14302884615384615
9 0.23677884615384615 0.7487980769230769 0.19230769230769232 0.20192307692307693
12 0.3545673076923077 0.5853365384615384 0.1658653846153846 0.31490384615384615
8 0.4675480769230769 0.6694711538461539 0.12139423076923077 0.11298076923076923
2 0.546875 0.7439903846153846 0.15745192307692307 0.15865384615384615
1 0.7055288461538461 0.8846153846153846 0.21394230769230768 0.22956730769230768
2 0.7896634615384616 0.7379807692307693 0.16346153846153846 0.15985576923076922
9 0.7199519230769231 0.6045673076923077 0.18269230769230768 0.20192307692307693