13 0.23798076923076922 0.27283653846153844 0.3125 0.32211538461538464
13 0.5084134615384616 0.24639423076923078 0.30408653846153844 0.2536057692307692
13 0.7848557692307693 0.24158653846153846 0.296875 0.2403846153846154
16 0.19230769230769232 0.5372596153846154 0.19471153846153846 0.2824519230769231
14 0.34134615384615385 0.4807692307692308 0.16466346153846154 0.19230769230769232
0 0.4651442307692308 0.4110576923076923 0.27524038461538464 0.15985576923076922
12 0.671875 0.4026442307692308 0.15504807692307693 0.08653846153846154
12 0.8305288461538461 0.390625 0.14423076923076922 0.12259615384615384
14 0.39302884615384615 0.6021634615384616 0.18990384615384615 0.15384615384615385
14 0.484375 0.5240384615384616 0.15264423076923078 0.16947115384615385
14 0.5829326923076923 0.5216346153846154 0.11057692307692307 0.17067307692307693
12 0.7367788461538461 0.46875 0.20552884615384615 0.05048076923076923
12 0.7391826923076923 0.5745192307692307 0.20793269230769232 0.11899038461538461
15 0.9122596153846154 0.5661057692307693 0.15865384615384615 0.24278846153846154
15 0.24519230769230768 0.7596153846153846 0.22115384615384615 0.19831730769230768
15 0.39663461538461536 0.8149038461538461 0.23677884615384615 0.14182692307692307
14 0.5576923076923077 0.796875 0.17668269230769232 0.12620192307692307
2 0.4254807692307692 0.7139423076923077 0.15625 0.11658653846153846
12 0.6153846153846154 0.6586538461538461 0.20793269230769232 0.12139423076923077
16 0.7944711538461539 0.8016826923076923 0.30649038461538464 0.25240384615384615