6 0.49278846153846156 0.3173076923076923 0.32572115384615385 0.2608173076923077
6 0.33533653846153844 0.4254807692307692 0.3389423076923077 0.36658653846153844
7 0.3954326923076923 0.5168269230769231 0.24519230769230768 0.24639423076923078
7 0.4855769230769231 0.546875 0.2620192307692308 0.25961538461538464
2 0.6802884615384616 0.43990384615384615 0.16346153846153846 0.14423076923076922
2 0.8485576923076923 0.5132211538461539 0.16826923076923078 0.1502403846153846
7 0.5432692307692307 0.609375 0.2704326923076923 0.2644230769230769
7 0.6310096153846154 0.6454326923076923 0.265625 0.26802884615384615
7 0.7295673076923077 0.671875 0.27283653846153844 0.2692307692307692
1 0.7680288461538461 0.7704326923076923 0.140625 0.09615384615384616
4 0.5072115384615384 0.8629807692307693 0.25600961538461536 0.23798076923076922
4 0.18389423076923078 0.5697115384615384 0.2091346153846154 0.23677884615384615
4 0.31490384615384615 0.7451923076923077 0.22355769230769232 0.24519230769230768