13 0.7331730769230769 0.25240384615384615 0.33413461538461536 0.3137019230769231
13 0.4963942307692308 0.28365384615384615 0.31490384615384615 0.27163461538461536
16 0.24879807692307693 0.3016826923076923 0.21754807692307693 0.2283653846153846
16 0.36899038461538464 0.8016826923076923 0.2283653846153846 0.24639423076923078
5 0.3004807692307692 0.5588942307692307 0.40024038461538464 0.3401442307692308
10 0.5841346153846154 0.4699519230769231 0.28365384615384615 0.2668269230769231
10 0.5264423076923077 0.6995192307692307 0.2644230769230769 0.29927884615384615
4 0.6454326923076923 0.7572115384615384 0.17067307692307693 0.2247596153846154
11 0.7716346153846154 0.45913461538461536 0.13942307692307693 0.09735576923076923
11 0.7307692307692307 0.5396634615384616 0.1310096153846154 0.09254807692307693
8 0.8701923076923077 0.5480769230769231 0.07572115384615384 0.11538461538461539
8 0.8665865384615384 0.6923076923076923 0.07692307692307693 0.11899038461538461
8 0.7932692307692307 0.7728365384615384 0.1201923076923077 0.12860576923076922
14 0.8004807692307693 0.6538461538461539 0.11778846153846154 0.18028846153846154
14 0.7055288461538461 0.6622596153846154 0.13581730769230768 0.17668269230769232