10 0.24759615384615385 0.2439903846153846 0.19951923076923078 0.24759615384615385
11 0.22956730769230768 0.421875 0.10336538461538461 0.1814903846153846
10 0.26322115384615385 0.6021634615384616 0.25600961538461536 0.21514423076923078
10 0.29927884615384615 0.7764423076923077 0.23918269230769232 0.203125
5 0.5276442307692307 0.2980769230769231 0.44711538461538464 0.33052884615384615
5 0.7956730769230769 0.5324519230769231 0.3317307692307692 0.4579326923076923
0 0.4795673076923077 0.45552884615384615 0.3762019230769231 0.125
11 0.46634615384615385 0.5516826923076923 0.1814903846153846 0.08774038461538461
1 0.46875 0.6442307692307693 0.19591346153846154 0.10096153846153846
11 0.48197115384615385 0.7728365384615384 0.1814903846153846 0.09254807692307693
14 0.6225961538461539 0.6334134615384616 0.14302884615384615 0.2127403846153846