10 0.8389423076923077 0.36177884615384615 0.15384615384615385 0.14783653846153846
4 0.7127403846153846 0.3004807692307692 0.14423076923076922 0.14543269230769232
4 0.5697115384615384 0.2956730769230769 0.14783653846153846 0.14783653846153846
2 0.7427884615384616 0.4375 0.13581730769230768 0.125
2 0.6262019230769231 0.3918269230769231 0.125 0.12740384615384615
4 0.6682692307692307 0.5108173076923077 0.17548076923076922 0.1466346153846154
15 0.8365384615384616 0.5901442307692307 0.3245192307692308 0.3161057692307692
15 0.6622596153846154 0.625 0.3125 0.26802884615384615
13 0.5841346153846154 0.8245192307692307 0.30288461538461536 0.24759615384615385
15 0.4170673076923077 0.6790865384615384 0.31850961538461536 0.3581730769230769
15 0.37259615384615385 0.30408653846153844 0.31971153846153844 0.31490384615384615
4 0.2439903846153846 0.4423076923076923 0.14903846153846154 0.1502403846153846
10 0.21754807692307693 0.5709134615384616 0.14783653846153846 0.15264423076923078
13 0.25 0.7800480769230769 0.38822115384615385 0.3605769230769231
1 0.4723557692307692 0.43990384615384615 0.2512019230769231 0.1971153846153846
1 0.5300480769230769 0.5372596153846154 0.24759615384615385 0.19230769230769232