6 0.6826923076923077 0.39663461538461536 0.3233173076923077 0.3918269230769231
6 0.43509615384615385 0.3870192307692308 0.35216346153846156 0.40384615384615385
14 0.8353365384615384 0.5252403846153846 0.18629807692307693 0.19591346153846154
14 0.9074519230769231 0.5685096153846154 0.1814903846153846 0.18509615384615385
1 0.6165865384615384 0.5612980769230769 0.16706730769230768 0.1045673076923077
8 0.6923076923076923 0.6358173076923077 0.11177884615384616 0.07692307692307693
8 0.5877403846153846 0.6394230769230769 0.11658653846153846 0.09014423076923077
8 0.49399038461538464 0.671875 0.11057692307692307 0.10096153846153846
4 0.3401442307692308 0.5228365384615384 0.1971153846153846 0.20192307692307693
4 0.23677884615384615 0.5901442307692307 0.15264423076923078 0.19110576923076922
11 0.2776442307692308 0.7043269230769231 0.125 0.12620192307692307
11 0.47836538461538464 0.7572115384615384 0.12740384615384615 0.09975961538461539
11 0.3713942307692308 0.7596153846153846 0.09014423076923077 0.13822115384615385
7 0.4110576923076923 0.6334134615384616 0.18629807692307693 0.13822115384615385
8 0.5901442307692307 0.7151442307692307 0.1045673076923077 0.08653846153846154