16 0.5048076923076923 0.09735576923076923 0.18389423076923078 0.1875
13 0.21514423076923078 0.30408653846153844 0.36778846153846156 0.3858173076923077
13 0.5192307692307693 0.2704326923076923 0.2848557692307692 0.23798076923076922
13 0.41346153846153844 0.45913461538461536 0.296875 0.24879807692307693
16 0.8774038461538461 0.36778846153846156 0.22716346153846154 0.22716346153846154
13 0.7283653846153846 0.5300480769230769 0.36778846153846156 0.359375
11 0.5661057692307693 0.6033653846153846 0.1466346153846154 0.14302884615384615
11 0.33533653846153844 0.6502403846153846 0.1502403846153846 0.14302884615384615
14 0.18629807692307693 0.5396634615384616 0.18870192307692307 0.19230769230769232
4 0.12740384615384615 0.7115384615384616 0.22716346153846154 0.21995192307692307
2 0.29447115384615385 0.7584134615384616 0.16346153846153846 0.0889423076923077
16 0.4795673076923077 0.7175480769230769 0.22716346153846154 0.23918269230769232
13 0.7223557692307693 0.8100961538461539 0.3605769230769231 0.35096153846153844