1 0.7884615384615384 0.7980769230769231 0.15625 0.06370192307692307
1 0.8966346153846154 0.6382211538461539 0.07091346153846154 0.15144230769230768
1 0.8389423076923077 0.6346153846153846 0.07572115384615384 0.14783653846153846
7 0.7644230769230769 0.5853365384615384 0.09375 0.33774038461538464
7 0.6754807692307693 0.6177884615384616 0.09014423076923077 0.33413461538461536
4 0.6045673076923077 0.8413461538461539 0.19591346153846154 0.16466346153846154
3 0.43509615384615385 0.7259615384615384 0.1814903846153846 0.14423076923076922
16 0.5432692307692307 0.5841346153846154 0.17427884615384615 0.25
4 0.8473557692307693 0.32211538461538464 0.19471153846153846 0.25841346153846156
4 0.7139423076923077 0.3112980769230769 0.18629807692307693 0.234375
4 0.6286057692307693 0.30408653846153844 0.17668269230769232 0.2247596153846154
14 0.5120192307692307 0.26322115384615385 0.09014423076923077 0.35336538461538464
14 0.4326923076923077 0.30528846153846156 0.09134615384615384 0.36778846153846156
7 0.31971153846153844 0.7139423076923077 0.11538461538461539 0.171875
7 0.22956730769230768 0.7223557692307693 0.11298076923076923 0.17668269230769232
4 0.24519230769230768 0.5036057692307693 0.18509615384615385 0.15504807692307693
13 0.28966346153846156 0.28846153846153844 0.22956730769230768 0.3016826923076923