10 0.2920673076923077 0.18870192307692307 0.21995192307692307 0.1971153846153846
5 0.5252403846153846 0.23677884615384615 0.3762019230769231 0.45072115384615385
5 0.29086538461538464 0.43028846153846156 0.38461538461538464 0.36899038461538464
10 0.43509615384615385 0.4026442307692308 0.27403846153846156 0.23317307692307693
5 0.7668269230769231 0.34975961538461536 0.4639423076923077 0.5252403846153846
3 0.6862980769230769 0.4879807692307692 0.2127403846153846 0.10216346153846154
6 0.22235576923076922 0.7091346153846154 0.2608173076923077 0.35216346153846156
0 0.4110576923076923 0.6081730769230769 0.1466346153846154 0.14182692307692307
10 0.421875 0.7692307692307693 0.2127403846153846 0.23798076923076922
6 0.609375 0.5745192307692307 0.36538461538461536 0.3076923076923077
16 0.7716346153846154 0.6358173076923077 0.11899038461538461 0.1141826923076923
0 0.7463942307692307 0.7211538461538461 0.15144230769230768 0.17548076923076922
6 0.59375 0.7572115384615384 0.3125 0.30408653846153844
16 0.7632211538461539 0.8605769230769231 0.12860576923076922 0.08413461538461539
4 0.8846153846153846 0.6237980769230769 0.20072115384615385 0.24639423076923078