6 0.8305288461538461 0.41947115384615385 0.3389423076923077 0.38221153846153844
6 0.7415865384615384 0.30528846153846156 0.32211538461538464 0.31009615384615385
6 0.5504807692307693 0.328125 0.25 0.30649038461538464
4 0.4074519230769231 0.3173076923076923 0.13581730769230768 0.15745192307692307
4 0.29086538461538464 0.41586538461538464 0.1814903846153846 0.1875
2 0.234375 0.5168269230769231 0.16105769230769232 0.16947115384615385
2 0.3245192307692308 0.671875 0.17908653846153846 0.15384615384615385
7 0.5132211538461539 0.6947115384615384 0.2980769230769231 0.16706730769230768
7 0.46033653846153844 0.5769230769230769 0.3016826923076923 0.12860576923076922
7 0.4879807692307692 0.5120192307692307 0.3016826923076923 0.13701923076923078
4 0.7091346153846154 0.6057692307692307 0.27283653846153844 0.22596153846153846
10 0.6742788461538461 0.8100961538461539 0.25240384615384615 0.2764423076923077
4 0.4735576923076923 0.7920673076923077 0.2127403846153846 0.2127403846153846