5 0.8557692307692307 0.8125 0.27524038461538464 0.296875
7 0.5612980769230769 0.7896634615384616 0.3245192307692308 0.09495192307692307
14 0.5456730769230769 0.9002403846153846 0.19230769230769232 0.1502403846153846
16 0.27403846153846156 0.8545673076923077 0.265625 0.23317307692307693
14 0.796875 0.6225961538461539 0.18870192307692307 0.1658653846153846
4 0.6598557692307693 0.5072115384615384 0.24519230769230768 0.23918269230769232
11 0.8509615384615384 0.421875 0.11658653846153846 0.15865384615384615
7 0.5120192307692307 0.5997596153846154 0.125 0.30408653846153844
7 0.4206730769230769 0.6033653846153846 0.10096153846153846 0.2980769230769231
14 0.32091346153846156 0.6165865384615384 0.08413461538461539 0.23918269230769232
14 0.25721153846153844 0.6153846153846154 0.0985576923076923 0.23918269230769232
16 0.15625 0.625 0.1814903846153846 0.25
2 0.5168269230769231 0.33653846153846156 0.12620192307692307 0.17908653846153846
7 0.33533653846153844 0.43028846153846156 0.3173076923076923 0.15384615384615385
7 0.3088942307692308 0.35336538461538464 0.3161057692307692 0.15504807692307693
7 0.24519230769230768 0.29447115384615385 0.2776442307692308 0.20072115384615385
4 0.1466346153846154 0.18269230769230768 0.24278846153846154 0.24639423076923078
14 0.4375 0.15745192307692307 0.17548076923076922 0.1935096153846154
5 0.7427884615384616 0.203125 0.41466346153846156 0.4014423076923077