1 0.1201923076923077 0.2956730769230769 0.06009615384615385 0.17668269230769232
1 0.37740384615384615 0.23317307692307693 0.14543269230769232 0.15264423076923078
4 0.6670673076923077 0.26322115384615385 0.2644230769230769 0.23197115384615385
1 0.44350961538461536 0.49158653846153844 0.10817307692307693 0.1658653846153846
6 0.5877403846153846 0.5084134615384616 0.1971153846153846 0.265625
12 0.7536057692307693 0.6430288461538461 0.14903846153846154 0.3088942307692308
15 0.38100961538461536 0.5865384615384616 0.1622596153846154 0.18629807692307693
4 0.49158653846153844 0.6646634615384616 0.1502403846153846 0.15865384615384615
11 0.20552884615384615 0.6598557692307693 0.14543269230769232 0.17307692307692307
11 0.27283653846153844 0.8004807692307693 0.10096153846153846 0.16105769230769232
6 0.5612980769230769 0.7908653846153846 0.2776442307692308 0.21394230769230768