12 0.671875 0.32572115384615385 0.2536057692307692 0.0985576923076923
16 0.453125 0.28966346153846156 0.21153846153846154 0.1875
16 0.2704326923076923 0.328125 0.21754807692307693 0.18028846153846154
12 0.3173076923076923 0.4795673076923077 0.24278846153846154 0.15865384615384615
7 0.22115384615384615 0.5108173076923077 0.19591346153846154 0.12740384615384615
2 0.4387019230769231 0.4519230769230769 0.15985576923076922 0.16466346153846154
8 0.5168269230769231 0.5168269230769231 0.12259615384615384 0.12620192307692307
8 0.5661057692307693 0.5528846153846154 0.1201923076923077 0.12379807692307693
7 0.6899038461538461 0.49158653846153844 0.17908653846153846 0.14783653846153846
2 0.7235576923076923 0.6153846153846154 0.10697115384615384 0.171875
4 0.8052884615384616 0.640625 0.10096153846153846 0.21394230769230768
4 0.765625 0.7692307692307693 0.20192307692307693 0.15144230769230768
7 0.5901442307692307 0.6370192307692307 0.1778846153846154 0.1466346153846154
7 0.6153846153846154 0.7439903846153846 0.17067307692307693 0.1778846153846154
8 0.4807692307692308 0.6574519230769231 0.09975961538461539 0.13822115384615385
1 0.40625 0.7692307692307693 0.20432692307692307 0.25
1 0.3233173076923077 0.8125 0.203125 0.2439903846153846
14 0.2668269230769231 0.8401442307692307 0.17548076923076922 0.19110576923076922