2 0.734375 0.7596153846153846 0.17908653846153846 0.12740384615384615
8 0.5949519230769231 0.7415865384615384 0.10697115384615384 0.11538461538461539
16 0.4423076923076923 0.7548076923076923 0.21153846153846154 0.17908653846153846
11 0.7788461538461539 0.671875 0.13221153846153846 0.06370192307692307
11 0.7391826923076923 0.6129807692307693 0.12860576923076922 0.07211538461538461
11 0.734375 0.5480769230769231 0.12860576923076922 0.0625
11 0.6009615384615384 0.6310096153846154 0.12740384615384615 0.11899038461538461
7 0.43509615384615385 0.6346153846153846 0.16826923076923078 0.1141826923076923
8 0.5264423076923077 0.5709134615384616 0.10817307692307693 0.07692307692307693
7 0.4254807692307692 0.4987980769230769 0.15504807692307693 0.15745192307692307
7 0.5444711538461539 0.47115384615384615 0.10576923076923077 0.16466346153846154
11 0.6478365384615384 0.4987980769230769 0.13942307692307693 0.16346153846153846
11 0.7692307692307693 0.4495192307692308 0.09975961538461539 0.14543269230769232
11 0.6442307692307693 0.3545673076923077 0.18389423076923078 0.11298076923076923
16 0.42908653846153844 0.33774038461538464 0.21634615384615385 0.1778846153846154