8 0.8076923076923077 0.6802884615384616 0.07451923076923077 0.10216346153846154
15 0.6298076923076923 0.6370192307692307 0.10336538461538461 0.171875
15 0.6045673076923077 0.6550480769230769 0.0985576923076923 0.1658653846153846
15 0.5360576923076923 0.7259615384615384 0.17427884615384615 0.09615384615384616
3 0.6826923076923077 0.6045673076923077 0.17427884615384615 0.20793269230769232
3 0.7884615384615384 0.5096153846153846 0.07091346153846154 0.17427884615384615
3 0.7175480769230769 0.49038461538461536 0.08413461538461539 0.17668269230769232
7 0.5661057692307693 0.4639423076923077 0.15504807692307693 0.15745192307692307
10 0.6802884615384616 0.3137019230769231 0.2608173076923077 0.20072115384615385
0 0.4411057692307692 0.4987980769230769 0.13221153846153846 0.37259615384615385
7 0.49399038461538464 0.6057692307692307 0.10697115384615384 0.1622596153846154
3 0.2956730769230769 0.45552884615384615 0.20072115384615385 0.17548076923076922