16 0.28125 0.2091346153846154 0.24759615384615385 0.25240384615384615
16 0.1971153846153846 0.36899038461538464 0.24759615384615385 0.13822115384615385
14 0.49399038461538464 0.18629807692307693 0.28966346153846156 0.25
13 0.7475961538461539 0.14302884615384615 0.2932692307692308 0.21754807692307693
13 0.8461538461538461 0.30528846153846156 0.29447115384615385 0.2403846153846154
13 0.23798076923076922 0.6274038461538461 0.27403846153846156 0.2956730769230769
13 0.4266826923076923 0.6502403846153846 0.26322115384615385 0.296875
5 0.6814903846153846 0.4951923076923077 0.5697115384615384 0.5360576923076923
11 0.36538461538461536 0.4014423076923077 0.13581730769230768 0.15745192307692307
11 0.0985576923076923 0.5865384615384616 0.15985576923076922 0.12259615384615384
3 0.890625 0.6802884615384616 0.1622596153846154 0.14903846153846154
3 0.09495192307692307 0.7043269230769231 0.06610576923076923 0.17427884615384615
2 0.3161057692307692 0.828125 0.1814903846153846 0.14903846153846154
4 0.6911057692307693 0.8605769230769231 0.15985576923076922 0.23677884615384615
4 0.5084134615384616 0.8305288461538461 0.21394230769230768 0.12860576923076922