13 0.3329326923076923 0.3786057692307692 0.3389423076923077 0.33413461538461536
13 0.5192307692307693 0.30408653846153844 0.32091346153846156 0.3629807692307692
13 0.21754807692307693 0.5360576923076923 0.2764423076923077 0.31009615384615385
15 0.6682692307692307 0.2704326923076923 0.17307692307692307 0.24278846153846154
15 0.7331730769230769 0.30528846153846156 0.18028846153846154 0.24519230769230768
15 0.8064903846153846 0.2692307692307692 0.2091346153846154 0.2512019230769231
4 0.8737980769230769 0.4362980769230769 0.11177884615384616 0.14783653846153846
4 0.8581730769230769 0.59375 0.13581730769230768 0.140625
4 0.7884615384615384 0.5228365384615384 0.13822115384615385 0.14423076923076922
2 0.6610576923076923 0.5264423076923077 0.15865384615384615 0.18028846153846154
2 0.5456730769230769 0.5625 0.1622596153846154 0.1814903846153846
10 0.4014423076923077 0.5745192307692307 0.1935096153846154 0.18870192307692307
2 0.45072115384615385 0.6995192307692307 0.18509615384615385 0.17427884615384615
14 0.5552884615384616 0.7944711538461539 0.18509615384615385 0.15264423076923078
14 0.6298076923076923 0.7199519230769231 0.18509615384615385 0.1658653846153846
14 0.6983173076923077 0.6658653846153846 0.19110576923076922 0.15144230769230768
16 0.8233173076923077 0.7259615384615384 0.109375 0.12259615384615384
1 0.21514423076923078 0.75 0.23677884615384615 0.2091346153846154
1 0.19471153846153846 0.7692307692307693 0.23317307692307693 0.12139423076923077
15 0.40384615384615385 0.8449519230769231 0.27403846153846156 0.1935096153846154