14 0.17427884615384615 0.14903846153846154 0.12860576923076922 0.16706730769230768
9 0.21634615384615385 0.2800480769230769 0.14423076923076922 0.13701923076923078
16 0.33533653846153844 0.234375 0.11899038461538461 0.10576923076923077
8 0.23076923076923078 0.4639423076923077 0.11177884615384616 0.1141826923076923
7 0.3425480769230769 0.4338942307692308 0.140625 0.23918269230769232
16 0.421875 0.4579326923076923 0.09375 0.1141826923076923
16 0.19110576923076922 0.5961538461538461 0.10817307692307693 0.11658653846153846
11 0.27524038461538464 0.7632211538461539 0.14543269230769232 0.17548076923076922
7 0.49158653846153844 0.4795673076923077 0.12860576923076922 0.3269230769230769
7 0.5661057692307693 0.6021634615384616 0.13341346153846154 0.328125
14 0.6538461538461539 0.359375 0.18509615384615385 0.140625
16 0.6706730769230769 0.4723557692307692 0.10216346153846154 0.07451923076923077
16 0.7956730769230769 0.49038461538461536 0.12620192307692307 0.1141826923076923
9 0.8088942307692307 0.6105769230769231 0.15985576923076922 0.15625
8 0.640625 0.7151442307692307 0.09014423076923077 0.11298076923076923
14 0.7211538461538461 0.8677884615384616 0.18990384615384615 0.15144230769230768