6 0.8449519230769231 0.4266826923076923 0.3088942307692308 0.35336538461538464
4 0.7932692307692307 0.6286057692307693 0.19230769230769232 0.12620192307692307
4 0.484375 0.5012019230769231 0.14182692307692307 0.21995192307692307
11 0.3701923076923077 0.6201923076923077 0.09014423076923077 0.19110576923076922
12 0.109375 0.3245192307692308 0.13581730769230768 0.12620192307692307
12 0.21754807692307693 0.16466346153846154 0.26322115384615385 0.14903846153846154
5 0.7043269230769231 0.8137019230769231 0.4206730769230769 0.33052884615384615
4 0.47475961538461536 0.2860576923076923 0.15504807692307693 0.22956730769230768
12 0.4375 0.11778846153846154 0.25721153846153844 0.12620192307692307
12 0.22596153846153846 0.2403846153846154 0.2644230769230769 0.15625
12 0.21153846153846154 0.28725961538461536 0.13341346153846154 0.0733173076923077
4 0.6586538461538461 0.29086538461538464 0.17067307692307693 0.24158653846153846
4 0.6153846153846154 0.5084134615384616 0.15865384615384615 0.22355769230769232
4 0.5036057692307693 0.6658653846153846 0.19591346153846154 0.12620192307692307
6 0.22716346153846154 0.47596153846153844 0.40384615384615385 0.4230769230769231
4 0.11778846153846154 0.6682692307692307 0.23557692307692307 0.21514423076923078
6 0.20673076923076922 0.8569711538461539 0.3125 0.19951923076923078
6 0.4098557692307692 0.8257211538461539 0.23798076923076922 0.18990384615384615