4 0.09495192307692307 0.37259615384615385 0.1875 0.15985576923076922
4 0.24519230769230768 0.31850961538461536 0.18389423076923078 0.1622596153846154
4 0.375 0.24639423076923078 0.1814903846153846 0.16706730769230768
0 0.21875 0.47716346153846156 0.09735576923076923 0.15865384615384615
0 0.3245192307692308 0.5576923076923077 0.13221153846153846 0.16706730769230768
4 0.3016826923076923 0.7463942307692307 0.20552884615384615 0.2536057692307692
4 0.515625 0.4050480769230769 0.20432692307692307 0.24519230769230768
15 0.53125 0.6382211538461539 0.13341346153846154 0.16346153846153846
4 0.4723557692307692 0.7824519230769231 0.24519230769230768 0.21514423076923078
13 0.6706730769230769 0.3605769230769231 0.28846153846153844 0.2848557692307692
13 0.8954326923076923 0.4675480769230769 0.18509615384615385 0.26802884615384615
13 0.6959134615384616 0.53125 0.28846153846153844 0.2512019230769231
0 0.65625 0.6490384615384616 0.12379807692307693 0.16466346153846154
0 0.6959134615384616 0.7584134615384616 0.21754807692307693 0.1875
4 0.75 0.8677884615384616 0.24879807692307693 0.24519230769230768