4 0.3557692307692308 0.21394230769230768 0.22956730769230768 0.21514423076923078
4 0.2764423076923077 0.32211538461538464 0.2512019230769231 0.21033653846153846
4 0.5552884615384616 0.2704326923076923 0.203125 0.24879807692307693
16 0.7295673076923077 0.3112980769230769 0.16466346153846154 0.2439903846153846
5 0.734375 0.6021634615384616 0.2608173076923077 0.3641826923076923
10 0.6670673076923077 0.8689903846153846 0.3112980769230769 0.24879807692307693
16 0.49158653846153844 0.45072115384615385 0.12259615384615384 0.11658653846153846
16 0.38822115384615385 0.48197115384615385 0.11177884615384616 0.11899038461538461
16 0.4423076923076923 0.5769230769230769 0.11658653846153846 0.11899038461538461
3 0.26802884615384615 0.5733173076923077 0.1971153846153846 0.10697115384615384
3 0.3425480769230769 0.7548076923076923 0.10336538461538461 0.19471153846153846
9 0.43028846153846156 0.890625 0.17067307692307693 0.11778846153846154
12 0.1658653846153846 0.6814903846153846 0.14903846153846154 0.14783653846153846
12 0.4639423076923077 0.7067307692307693 0.056490384615384616 0.17427884615384615
12 0.5168269230769231 0.7235576923076923 0.0985576923076923 0.16346153846153846
12 0.22596153846153846 0.7091346153846154 0.11778846153846154 0.140625