7 0.6838942307692307 0.328125 0.11177884615384616 0.23918269230769232
7 0.7019230769230769 0.5252403846153846 0.23557692307692307 0.14903846153846154
7 0.4699519230769231 0.40625 0.13221153846153846 0.23317307692307693
13 0.5709134615384616 0.359375 0.28365384615384615 0.2932692307692308
7 0.35216346153846156 0.35096153846153844 0.12980769230769232 0.19110576923076922
7 0.6165865384615384 0.6478365384615384 0.17908653846153846 0.17307692307692307
3 0.8149038461538461 0.7091346153846154 0.09254807692307693 0.21754807692307693
3 0.7235576923076923 0.6670673076923077 0.06370192307692307 0.2091346153846154
3 0.7872596153846154 0.6334134615384616 0.08413461538461539 0.18629807692307693
3 0.33774038461538464 0.609375 0.07451923076923077 0.18990384615384615
3 0.28125 0.5072115384615384 0.09615384615384616 0.18629807692307693
0 0.41466346153846156 0.5336538461538461 0.13341346153846154 0.23798076923076922
3 0.48677884615384615 0.7884615384615384 0.20192307692307693 0.1658653846153846