14 0.8233173076923077 0.5769230769230769 0.13341346153846154 0.2283653846153846
14 0.7584134615384616 0.6141826923076923 0.12980769230769232 0.2403846153846154
14 0.20673076923076922 0.7716346153846154 0.10576923076923077 0.24759615384615385
7 0.7019230769230769 0.7247596153846154 0.12139423076923077 0.35216346153846156
7 0.39663461538461536 0.4951923076923077 0.12379807692307693 0.3389423076923077
7 0.2283653846153846 0.3389423076923077 0.23677884615384615 0.29086538461538464
12 0.30649038461538464 0.6971153846153846 0.16706730769230768 0.11057692307692307
12 0.2956730769230769 0.7980769230769231 0.1141826923076923 0.16826923076923078
9 0.4026442307692308 0.8197115384615384 0.1466346153846154 0.15264423076923078
13 0.5264423076923077 0.6298076923076923 0.3004807692307692 0.3293269230769231
13 0.5877403846153846 0.34375 0.33653846153846156 0.3581730769230769
11 0.1346153846153846 0.7992788461538461 0.125 0.17307692307692307
13 0.21875 0.5576923076923077 0.29927884615384615 0.24519230769230768
9 0.3137019230769231 0.38822115384615385 0.15384615384615385 0.1622596153846154