5 0.6213942307692307 0.25961538461538464 0.30288461538461536 0.43149038461538464
5 0.39663461538461536 0.2548076923076923 0.32572115384615385 0.4543269230769231
9 0.20192307692307693 0.2403846153846154 0.14302884615384615 0.13341346153846154
9 0.2247596153846154 0.3713942307692308 0.14302884615384615 0.12860576923076922
7 0.6586538461538461 0.5492788461538461 0.3125 0.12740384615384615
7 0.3329326923076923 0.5060096153846154 0.32211538461538464 0.11298076923076923
11 0.12980769230769232 0.35336538461538464 0.054086538461538464 0.13221153846153846
11 0.2091346153846154 0.4735576923076923 0.13341346153846154 0.0829326923076923
11 0.23076923076923078 0.6045673076923077 0.12740384615384615 0.0733173076923077
1 0.3605769230769231 0.5793269230769231 0.125 0.10336538461538461
1 0.5180288461538461 0.5769230769230769 0.12620192307692307 0.11538461538461539
2 0.11177884615384616 0.7800480769230769 0.08173076923076923 0.20552884615384615
4 0.25240384615384615 0.7608173076923077 0.20432692307692307 0.24639423076923078
7 0.40625 0.8125 0.09375 0.3269230769230769
0 0.47716346153846156 0.7199519230769231 0.09615384615384616 0.24879807692307693
0 0.6177884615384616 0.7199519230769231 0.10336538461538461 0.23918269230769232
0 0.703125 0.7415865384615384 0.09014423076923077 0.23798076923076922
2 0.5492788461538461 0.7439903846153846 0.07211538461538461 0.20673076923076922
4 0.8365384615384616 0.7512019230769231 0.19591346153846154 0.2403846153846154