13 0.6105769230769231 0.1971153846153846 0.32211538461538464 0.22716346153846154
16 0.8040865384615384 0.33413461538461536 0.18389423076923078 0.2247596153846154
4 0.7992788461538461 0.4735576923076923 0.1778846153846154 0.11298076923076923
4 0.7644230769230769 0.5829326923076923 0.19230769230769232 0.15504807692307693
0 0.6670673076923077 0.5072115384615384 0.15504807692307693 0.2824519230769231
0 0.5492788461538461 0.5144230769230769 0.11899038461538461 0.34975961538461536
16 0.421875 0.4026442307692308 0.20673076923076922 0.19591346153846154
13 0.19471153846153846 0.4074519230769231 0.359375 0.375
11 0.4110576923076923 0.5685096153846154 0.0985576923076923 0.13341346153846154
11 0.33413461538461536 0.6502403846153846 0.12860576923076922 0.09975961538461539
6 0.16346153846153846 0.6694711538461539 0.3233173076923077 0.390625
6 0.43990384615384615 0.8245192307692307 0.39302884615384615 0.3269230769230769
6 0.7908653846153846 0.7463942307692307 0.4182692307692308 0.375