11 0.12860576923076922 0.1814903846153846 0.09975961538461539 0.15865384615384615
11 0.2247596153846154 0.1875 0.11057692307692307 0.15985576923076922
11 0.3161057692307692 0.19471153846153846 0.109375 0.1658653846153846
16 0.4411057692307692 0.16105769230769232 0.17548076923076922 0.22716346153846154
4 0.6165865384615384 0.23798076923076922 0.1778846153846154 0.23557692307692307
11 0.20192307692307693 0.46274038461538464 0.1971153846153846 0.12379807692307693
12 0.3317307692307692 0.4567307692307692 0.12620192307692307 0.2536057692307692
11 0.23557692307692307 0.6021634615384616 0.10216346153846154 0.18629807692307693
11 0.39783653846153844 0.6610576923076923 0.13822115384615385 0.19230769230769232
1 0.2764423076923077 0.6923076923076923 0.10336538461538461 0.14423076923076922
1 0.27403846153846156 0.7896634615384616 0.09615384615384616 0.14543269230769232
7 0.5528846153846154 0.49038461538461536 0.12139423076923077 0.18870192307692307
7 0.75 0.5048076923076923 0.16105769230769232 0.18509615384615385
16 0.5877403846153846 0.6911057692307693 0.23317307692307693 0.24519230769230768
6 0.6021634615384616 0.8497596153846154 0.2620192307692308 0.29927884615384615
4 0.8125 0.7704326923076923 0.22716346153846154 0.2644230769230769