16 0.6766826923076923 0.17548076923076922 0.2403846153846154 0.22596153846153846
13 0.4891826923076923 0.37259615384615385 0.27163461538461536 0.2283653846153846
6 0.3425480769230769 0.4699519230769231 0.18629807692307693 0.2512019230769231
7 0.49759615384615385 0.5588942307692307 0.17668269230769232 0.15144230769230768
1 0.6526442307692307 0.6622596153846154 0.24759615384615385 0.17307692307692307
11 0.8617788461538461 0.5793269230769231 0.12860576923076922 0.08774038461538461
10 0.7644230769230769 0.8329326923076923 0.203125 0.1971153846153846
14 0.28365384615384615 0.6201923076923077 0.23557692307692307 0.19110576923076922
8 0.3798076923076923 0.7548076923076923 0.11538461538461539 0.09375
4 0.33653846153846156 0.8161057692307693 0.18028846153846154 0.15745192307692307
16 0.46033653846153844 0.18269230769230768 0.1622596153846154 0.21875
16 0.27163461538461536 0.28125 0.19951923076923078 0.1658653846153846
13 0.75 0.36899038461538464 0.29927884615384615 0.2800480769230769
13 0.7019230769230769 0.5324519230769231 0.3245192307692308 0.3245192307692308
6 0.19471153846153846 0.5576923076923077 0.1502403846153846 0.3125
7 0.4362980769230769 0.6670673076923077 0.16826923076923078 0.12980769230769232
14 0.5588942307692307 0.7620192307692307 0.2800480769230769 0.2704326923076923
11 0.8413461538461539 0.6490384615384616 0.13221153846153846 0.07932692307692307
11 0.8473557692307693 0.7355769230769231 0.09014423076923077 0.125