1 0.6730769230769231 0.5516826923076923 0.14783653846153846 0.04927884615384615
1 0.6622596153846154 0.59375 0.14423076923076922 0.06129807692307692
1 0.6466346153846154 0.6346153846153846 0.14783653846153846 0.054086538461538464
2 0.5925480769230769 0.4362980769230769 0.19831730769230768 0.1141826923076923
0 0.53125 0.5396634615384616 0.16947115384615385 0.12379807692307693
2 0.40384615384615385 0.49158653846153844 0.18509615384615385 0.1875
16 0.7295673076923077 0.3112980769230769 0.19110576923076922 0.2512019230769231
4 0.5685096153846154 0.2644230769230769 0.24639423076923078 0.19230769230769232
4 0.24759615384615385 0.4230769230769231 0.18028846153846154 0.23918269230769232
16 0.25841346153846156 0.6586538461538461 0.23798076923076922 0.2608173076923077
10 0.6778846153846154 0.78125 0.23197115384615385 0.1971153846153846
10 0.45552884615384615 0.8197115384615384 0.24158653846153846 0.2091346153846154
10 0.4795673076923077 0.6694711538461539 0.23677884615384615 0.20192307692307693
6 0.8449519230769231 0.6117788461538461 0.2247596153846154 0.32091346153846156
6 0.8485576923076923 0.4026442307692308 0.24158653846153846 0.3293269230769231
6 0.37259615384615385 0.2692307692307692 0.32091346153846156 0.23076923076923078