5 0.2956730769230769 0.3016826923076923 0.4375 0.3641826923076923
12 0.5420673076923077 0.25721153846153844 0.1141826923076923 0.30528846153846156
7 0.6899038461538461 0.3329326923076923 0.1346153846153846 0.25
7 0.8076923076923077 0.3954326923076923 0.18990384615384615 0.23798076923076922
12 0.8233173076923077 0.6490384615384616 0.22235576923076922 0.30288461538461536
3 0.7644230769230769 0.8016826923076923 0.22115384615384615 0.07211538461538461
3 0.65625 0.7463942307692307 0.15865384615384615 0.19591346153846154
1 0.515625 0.7427884615384616 0.14783653846153846 0.07211538461538461
5 0.4723557692307692 0.5576923076923077 0.42908653846153844 0.3786057692307692
0 0.2860576923076923 0.7596153846153846 0.15625 0.24158653846153846
3 0.1875 0.5625 0.19591346153846154 0.06009615384615385