14 0.7536057692307693 0.7572115384615384 0.2800480769230769 0.28725961538461536
10 0.8269230769230769 0.5552884615384616 0.15144230769230768 0.15504807692307693
1 0.7007211538461539 0.6081730769230769 0.1466346153846154 0.06129807692307692
1 0.609375 0.6971153846153846 0.14783653846153846 0.07932692307692307
8 0.5360576923076923 0.7824519230769231 0.140625 0.13341346153846154
16 0.41586538461538464 0.765625 0.11298076923076923 0.09615384615384616
16 0.6754807692307693 0.5444711538461539 0.10216346153846154 0.08173076923076923
3 0.5324519230769231 0.6225961538461539 0.13221153846153846 0.19831730769230768
16 0.921875 0.29927884615384615 0.11778846153846154 0.12980769230769232
13 0.7512019230769231 0.3112980769230769 0.23677884615384615 0.33774038461538464
1 0.515625 0.5612980769230769 0.10096153846153846 0.14302884615384615
8 0.35096153846153844 0.6418269230769231 0.07572115384615384 0.0829326923076923
8 0.29927884615384615 0.5985576923076923 0.07932692307692307 0.08413461538461539
10 0.42908653846153844 0.5480769230769231 0.1466346153846154 0.14783653846153846
14 0.20072115384615385 0.6430288461538461 0.25961538461538464 0.27884615384615385
6 0.5685096153846154 0.3233173076923077 0.26802884615384615 0.32572115384615385
14 0.36177884615384615 0.41947115384615385 0.2668269230769231 0.2824519230769231
8 0.19110576923076922 0.38221153846153844 0.09495192307692307 0.078125
6 0.3786057692307692 0.2824519230769231 0.3401442307692308 0.3016826923076923