10 0.42788461538461536 0.42427884615384615 0.19591346153846154 0.20072115384615385
10 0.6189903846153846 0.41346153846153844 0.1971153846153846 0.19831730769230768
10 0.2848557692307692 0.5625 0.23798076923076922 0.23557692307692307
10 0.49278846153846156 0.6213942307692307 0.24278846153846154 0.2824519230769231
3 0.796875 0.44591346153846156 0.17427884615384615 0.19471153846153846
3 0.765625 0.5372596153846154 0.16466346153846154 0.19471153846153846
3 0.8533653846153846 0.6322115384615384 0.18509615384615385 0.20192307692307693
1 0.625 0.5456730769230769 0.13581730769230768 0.14543269230769232
1 0.6490384615384616 0.5817307692307693 0.13942307692307693 0.1466346153846154
1 0.671875 0.6189903846153846 0.14543269230769232 0.14903846153846154
14 0.6899038461538461 0.7199519230769231 0.23317307692307693 0.19831730769230768
3 0.36538461538461536 0.7512019230769231 0.1971153846153846 0.09495192307692307
3 0.3641826923076923 0.8137019230769231 0.19831730769230768 0.09375