2 0.17067307692307693 0.2439903846153846 0.1971153846153846 0.15625
4 0.4855769230769231 0.24759615384615385 0.21754807692307693 0.1346153846153846
10 0.7920673076923077 0.2860576923076923 0.1875 0.19110576923076922
2 0.4110576923076923 0.36899038461538464 0.1778846153846154 0.13341346153846154
10 0.23197115384615385 0.36778846153846156 0.19471153846153846 0.18870192307692307
4 0.21514423076923078 0.5480769230769231 0.13221153846153846 0.21394230769230768
4 0.34615384615384615 0.7079326923076923 0.24639423076923078 0.2091346153846154
7 0.484375 0.5204326923076923 0.28966346153846156 0.21394230769230768
2 0.5588942307692307 0.6033653846153846 0.18389423076923078 0.18870192307692307
10 0.6466346153846154 0.7355769230769231 0.2091346153846154 0.21634615384615385
16 0.8545673076923077 0.8137019230769231 0.23076923076923078 0.20673076923076922
16 0.17668269230769232 0.7920673076923077 0.22716346153846154 0.23918269230769232