13 0.7403846153846154 0.32091346153846156 0.22355769230769232 0.27884615384615385
13 0.5709134615384616 0.3557692307692308 0.20552884615384615 0.28365384615384615
10 0.4110576923076923 0.3317307692307692 0.16346153846153846 0.20072115384615385
10 0.27524038461538464 0.3233173076923077 0.17427884615384615 0.20192307692307693
10 0.13701923076923078 0.25721153846153844 0.2127403846153846 0.15865384615384615
4 0.15865384615384615 0.38100961538461536 0.16947115384615385 0.19591346153846154
2 0.18389423076923078 0.5132211538461539 0.171875 0.15985576923076922
0 0.34134615384615385 0.46634615384615385 0.1814903846153846 0.12980769230769232
2 0.3317307692307692 0.5913461538461539 0.1466346153846154 0.171875
2 0.4338942307692308 0.5288461538461539 0.1346153846153846 0.16706730769230768
6 0.5576923076923077 0.6117788461538461 0.23317307692307693 0.28725961538461536
2 0.7391826923076923 0.5600961538461539 0.16947115384615385 0.1875
6 0.7091346153846154 0.7139423076923077 0.31009615384615385 0.24639423076923078
2 0.42908653846153844 0.6887019230769231 0.13701923076923078 0.19591346153846154
16 0.47115384615384615 0.8774038461538461 0.28846153846153844 0.1778846153846154
6 0.20192307692307693 0.6730769230769231 0.34134615384615385 0.24519230769230768
2 0.22716346153846154 0.8052884615384616 0.20192307692307693 0.12980769230769232
0 0.17307692307692307 0.8822115384615384 0.19230769230769232 0.11298076923076923