6 0.4230769230769231 0.20192307692307693 0.35096153846153844 0.3161057692307692
16 0.6995192307692307 0.23197115384615385 0.25961538461538464 0.2127403846153846
6 0.26322115384615385 0.36658653846153844 0.2956730769230769 0.36778846153846156
7 0.46274038461538464 0.40024038461538464 0.28125 0.2764423076923077
10 0.734375 0.4206730769230769 0.2764423076923077 0.25961538461538464
2 0.5528846153846154 0.44471153846153844 0.15865384615384615 0.17307692307692307
2 0.4326923076923077 0.5516826923076923 0.16947115384615385 0.15985576923076922
16 0.25841346153846156 0.6153846153846154 0.2548076923076923 0.2608173076923077
2 0.8149038461538461 0.5516826923076923 0.20072115384615385 0.140625
14 0.5961538461538461 0.5612980769230769 0.22115384615384615 0.19110576923076922
14 0.47836538461538464 0.6887019230769231 0.18629807692307693 0.2091346153846154
2 0.6514423076923077 0.6802884615384616 0.203125 0.1310096153846154
4 0.859375 0.6670673076923077 0.24879807692307693 0.23076923076923078
4 0.33052884615384615 0.7980769230769231 0.25 0.18269230769230768
3 0.4891826923076923 0.8581730769230769 0.17067307692307693 0.18870192307692307
3 0.5396634615384616 0.8798076923076923 0.1875 0.1935096153846154
3 0.6826923076923077 0.7560096153846154 0.1971153846153846 0.09975961538461539
3 0.703125 0.8016826923076923 0.1935096153846154 0.10697115384615384