9 0.8629807692307693 0.6286057692307693 0.15264423076923078 0.22355769230769232
9 0.2704326923076923 0.65625 0.12980769230769232 0.21995192307692307
4 0.7884615384615384 0.6081730769230769 0.09134615384615384 0.14302884615384615
4 0.7776442307692307 0.8209134615384616 0.14903846153846154 0.14423076923076922
8 0.7283653846153846 0.6670673076923077 0.06850961538461539 0.12139423076923077
8 0.3245192307692308 0.7319711538461539 0.07451923076923077 0.12139423076923077
2 0.6790865384615384 0.5865384615384616 0.0889423076923077 0.20673076923076922
2 0.6165865384615384 0.6706730769230769 0.078125 0.2127403846153846
2 0.5516826923076923 0.5745192307692307 0.109375 0.16466346153846154
2 0.15625 0.2644230769230769 0.15264423076923078 0.17427884615384615
9 0.7211538461538461 0.41466346153846156 0.19831730769230768 0.171875
9 0.46033653846153844 0.5985576923076923 0.11538461538461539 0.20552884615384615
9 0.38100961538461536 0.6334134615384616 0.12259615384615384 0.20673076923076922
6 0.47596153846153844 0.7956730769230769 0.2932692307692308 0.24879807692307693
2 0.4567307692307692 0.4074519230769231 0.17668269230769232 0.171875
0 0.5913461538461539 0.375 0.28966346153846156 0.26322115384615385
0 0.3449519230769231 0.38822115384615385 0.25721153846153844 0.30528846153846156
0 0.20673076923076922 0.40024038461538464 0.21153846153846154 0.32572115384615385
14 0.09375 0.41225961538461536 0.1875 0.19951923076923078
14 0.16826923076923078 0.8401442307692307 0.21514423076923078 0.1935096153846154