7 0.15985576923076922 0.2956730769230769 0.25961538461538464 0.1466346153846154
7 0.35697115384615385 0.4230769230769231 0.24278846153846154 0.15504807692307693
7 0.41466346153846156 0.49038461538461536 0.2512019230769231 0.15504807692307693
4 0.17307692307692307 0.46634615384615385 0.1778846153846154 0.2403846153846154
1 0.11298076923076923 0.5012019230769231 0.03485576923076923 0.16706730769230768
11 0.24158653846153846 0.6574519230769231 0.12259615384615384 0.1658653846153846
4 0.3557692307692308 0.6490384615384616 0.140625 0.1875
1 0.41586538461538464 0.6923076923076923 0.05889423076923077 0.17668269230769232
7 0.4651442307692308 0.6826923076923077 0.1201923076923077 0.33413461538461536
7 0.90625 0.6177884615384616 0.15264423076923078 0.32211538461538464
0 0.3269230769230769 0.8401442307692307 0.16947115384615385 0.23798076923076922
5 0.7055288461538461 0.7944711538461539 0.4074519230769231 0.3858173076923077
5 0.6850961538461539 0.5216346153846154 0.37259615384615385 0.375
5 0.8173076923076923 0.2692307692307692 0.3641826923076923 0.41225961538461536