16 0.59375 0.24278846153846154 0.12379807692307693 0.09735576923076923
2 0.5408653846153846 0.30649038461538464 0.21033653846153846 0.13341346153846154
10 0.25 0.33413461538461536 0.2800480769230769 0.22956730769230768
16 0.24158653846153846 0.49038461538461536 0.12740384615384615 0.12860576923076922
4 0.08173076923076923 0.5252403846153846 0.15504807692307693 0.234375
2 0.19591346153846154 0.6274038461538461 0.11298076923076923 0.2127403846153846
4 0.53125 0.47115384615384615 0.2608173076923077 0.26322115384615385
4 0.41947115384615385 0.6117788461538461 0.27163461538461536 0.26322115384615385
10 0.16826923076923078 0.8137019230769231 0.2800480769230769 0.24278846153846154
4 0.3737980769230769 0.828125 0.24639423076923078 0.27163461538461536
16 0.7560096153846154 0.8858173076923077 0.1141826923076923 0.10336538461538461
9 0.6526442307692307 0.7175480769230769 0.43149038461538464 0.4170673076923077