3 0.6826923076923077 0.8701923076923077 0.09254807692307693 0.21033653846153846
3 0.7620192307692307 0.7524038461538461 0.15504807692307693 0.1622596153846154
2 0.6346153846153846 0.7584134615384616 0.16105769230769232 0.13341346153846154
1 0.7668269230769231 0.703125 0.12620192307692307 0.11658653846153846
6 0.8137019230769231 0.5324519230769231 0.23557692307692307 0.3161057692307692
6 0.5408653846153846 0.6418269230769231 0.3088942307692308 0.2247596153846154
2 0.36177884615384615 0.7007211538461539 0.1346153846153846 0.16466346153846154
16 0.6959134615384616 0.40625 0.1935096153846154 0.25721153846153844
16 0.5348557692307693 0.4338942307692308 0.18870192307692307 0.24759615384615385
16 0.8713942307692307 0.20673076923076922 0.2091346153846154 0.2644230769230769
5 0.5769230769230769 0.27524038461538464 0.4567307692307692 0.3389423076923077
5 0.33052884615384615 0.3473557692307692 0.32091346153846156 0.453125