16 0.5504807692307693 0.33653846153846156 0.23317307692307693 0.1814903846153846
12 0.6382211538461539 0.5144230769230769 0.09375 0.15504807692307693
14 0.7764423076923077 0.5745192307692307 0.18990384615384615 0.23918269230769232
0 0.53125 0.6670673076923077 0.16105769230769232 0.11538461538461539
4 0.3858173076923077 0.7752403846153846 0.20432692307692307 0.1201923076923077
4 0.16947115384615385 0.7824519230769231 0.2536057692307692 0.23557692307692307
16 0.23677884615384615 0.5480769230769231 0.14423076923076922 0.10096153846153846
16 0.22716346153846154 0.4050480769230769 0.12139423076923077 0.09375
16 0.27524038461538464 0.2512019230769231 0.20192307692307693 0.25600961538461536
16 0.3016826923076923 0.6274038461538461 0.11177884615384616 0.11177884615384616
12 0.4014423076923077 0.6033653846153846 0.12379807692307693 0.13701923076923078
14 0.5625 0.8149038461538461 0.17067307692307693 0.2127403846153846
12 0.5504807692307693 0.5637019230769231 0.14783653846153846 0.09375
14 0.7091346153846154 0.7451923076923077 0.20432692307692307 0.17668269230769232