13 0.6117788461538461 0.23677884615384615 0.2824519230769231 0.29086538461538464
10 0.703125 0.39783653846153844 0.18990384615384615 0.1875
14 0.7367788461538461 0.5829326923076923 0.20432692307692307 0.31850961538461536
6 0.7451923076923077 0.7752403846153846 0.3245192307692308 0.3112980769230769
11 0.6129807692307693 0.5625 0.08533653846153846 0.20192307692307693
11 0.5456730769230769 0.5757211538461539 0.08173076923076923 0.1935096153846154
10 0.37259615384615385 0.28365384615384615 0.20432692307692307 0.19471153846153846
13 0.16706730769230768 0.3557692307692308 0.3161057692307692 0.2920673076923077
14 0.21754807692307693 0.5817307692307693 0.19230769230769232 0.19110576923076922
14 0.3004807692307692 0.5949519230769231 0.21394230769230768 0.15985576923076922
14 0.43509615384615385 0.7487980769230769 0.0733173076923077 0.23197115384615385
0 0.30288461538461536 0.7175480769230769 0.16947115384615385 0.14423076923076922
13 0.23918269230769232 0.8293269230769231 0.3125 0.3088942307692308