9 0.8942307692307693 0.578125 0.1310096153846154 0.14182692307692307
5 0.7836538461538461 0.35216346153846156 0.39302884615384615 0.3329326923076923
8 0.6045673076923077 0.5637019230769231 0.11778846153846154 0.09615384615384616
11 0.39302884615384615 0.6334134615384616 0.11658653846153846 0.12259615384615384
16 0.38341346153846156 0.3737980769230769 0.21634615384615385 0.15745192307692307
3 0.34615384615384615 0.5096153846153846 0.19230769230769232 0.14423076923076922
2 0.3161057692307692 0.7451923076923077 0.16346153846153846 0.1502403846153846
16 0.21153846153846154 0.4423076923076923 0.15144230769230768 0.2091346153846154
9 0.19471153846153846 0.6322115384615384 0.15865384615384615 0.14182692307692307
11 0.09495192307692307 0.6574519230769231 0.08413461538461539 0.12980769230769232
8 0.23076923076923078 0.7728365384615384 0.11899038461538461 0.10697115384615384
11 0.5649038461538461 0.5036057692307693 0.13341346153846154 0.10817307692307693
5 0.640625 0.7151442307692307 0.4182692307692308 0.38221153846153844
8 0.22956730769230768 0.7728365384615384 0.11658653846153846 0.10697115384615384