14 0.640625 0.3329326923076923 0.17548076923076922 0.109375
14 0.35336538461538464 0.5853365384615384 0.10576923076923077 0.24639423076923078
12 0.3870192307692308 0.4879807692307692 0.11538461538461539 0.18028846153846154
14 0.4795673076923077 0.49278846153846156 0.15985576923076922 0.14423076923076922
4 0.6442307692307693 0.49278846153846156 0.2247596153846154 0.23918269230769232
8 0.8064903846153846 0.46033653846153844 0.11538461538461539 0.12379807692307693
3 0.7211538461538461 0.59375 0.21394230769230768 0.140625
14 0.48677884615384615 0.6225961538461539 0.18629807692307693 0.125
14 0.45552884615384615 0.7115384615384616 0.24639423076923078 0.08533653846153846
12 0.7223557692307693 0.6850961538461539 0.18269230769230768 0.12379807692307693
8 0.6009615384615384 0.7524038461538461 0.12620192307692307 0.12740384615384615