6 0.875 0.22235576923076922 0.24879807692307693 0.2620192307692308
6 0.8810096153846154 0.43149038461538464 0.23798076923076922 0.29927884615384615
6 0.24158653846153846 0.3125 0.31971153846153844 0.25
4 0.6682692307692307 0.29086538461538464 0.16826923076923078 0.23197115384615385
2 0.5336538461538461 0.2644230769230769 0.15384615384615385 0.16346153846153846
2 0.4567307692307692 0.3088942307692308 0.15745192307692307 0.16466346153846154
4 0.4807692307692308 0.46274038461538464 0.24158653846153846 0.21153846153846154
2 0.6983173076923077 0.45913461538461536 0.15865384615384615 0.15625
4 0.23317307692307693 0.484375 0.2536057692307692 0.1971153846153846
10 0.6814903846153846 0.6442307692307693 0.20432692307692307 0.25
0 0.8161057692307693 0.6814903846153846 0.11899038461538461 0.17548076923076922
2 0.4338942307692308 0.5913461538461539 0.15384615384615385 0.16105769230769232
16 0.8774038461538461 0.8293269230769231 0.21033653846153846 0.15264423076923078
4 0.484375 0.7175480769230769 0.25 0.2548076923076923
10 0.5492788461538461 0.8713942307692307 0.2644230769230769 0.2548076923076923
10 0.29086538461538464 0.6995192307692307 0.2848557692307692 0.25961538461538464
2 0.3425480769230769 0.8317307692307693 0.1658653846153846 0.16105769230769232
0 0.13581730769230768 0.7259615384615384 0.17427884615384615 0.12740384615384615