16 0.45552884615384615 0.1778846153846154 0.11778846153846154 0.0985576923076923
4 0.2247596153846154 0.49399038461538464 0.23918269230769232 0.24278846153846154
6 0.3798076923076923 0.3942307692307692 0.28966346153846156 0.2127403846153846
6 0.5745192307692307 0.3317307692307692 0.29927884615384615 0.27403846153846156
6 0.4567307692307692 0.5204326923076923 0.28125 0.28966346153846156
8 0.6165865384615384 0.546875 0.11298076923076923 0.11538461538461539
8 0.7403846153846154 0.6838942307692307 0.1201923076923077 0.11057692307692307
8 0.6502403846153846 0.7403846153846154 0.07451923076923077 0.12139423076923077
8 0.7427884615384616 0.7608173076923077 0.12379807692307693 0.11177884615384616
12 0.5925480769230769 0.6117788461538461 0.14783653846153846 0.1502403846153846
12 0.5516826923076923 0.6514423076923077 0.1346153846153846 0.1502403846153846
7 0.5612980769230769 0.7704326923076923 0.22956730769230768 0.25721153846153844
4 0.3485576923076923 0.6346153846153846 0.171875 0.13822115384615385
4 0.4014423076923077 0.7884615384615384 0.2764423076923077 0.2439903846153846
7 0.71875 0.5036057692307693 0.13221153846153846 0.3269230769230769