13 0.20793269230769232 0.33774038461538464 0.28725961538461536 0.3137019230769231
2 0.4050480769230769 0.21514423076923078 0.15865384615384615 0.16466346153846154
10 0.2692307692307692 0.578125 0.20192307692307693 0.20192307692307693
10 0.4639423076923077 0.6502403846153846 0.19951923076923078 0.203125
10 0.6466346153846154 0.7067307692307693 0.203125 0.20192307692307693
14 0.4362980769230769 0.5336538461538461 0.17427884615384615 0.20432692307692307
2 0.5961538461538461 0.5661057692307693 0.15745192307692307 0.16466346153846154
2 0.7439903846153846 0.6009615384615384 0.16947115384615385 0.11899038461538461
8 0.8269230769230769 0.5276442307692307 0.0889423076923077 0.09735576923076923
8 0.45072115384615385 0.7992788461538461 0.1045673076923077 0.07572115384615384
3 0.5348557692307693 0.8461538461538461 0.057692307692307696 0.21634615384615385
3 0.16826923076923078 0.7199519230769231 0.11778846153846154 0.2127403846153846
2 0.296875 0.7788461538461539 0.18509615384615385 0.18990384615384615