10 0.3401442307692308 0.41466346153846156 0.25841346153846156 0.23918269230769232
10 0.5540865384615384 0.2920673076923077 0.20192307692307693 0.2439903846153846
9 0.78125 0.35096153846153844 0.1935096153846154 0.22115384615384615
12 0.7271634615384616 0.4014423076923077 0.17067307692307693 0.18028846153846154
12 0.6995192307692307 0.42788461538461536 0.1622596153846154 0.18990384615384615
0 0.6766826923076923 0.5120192307692307 0.25841346153846156 0.21634615384615385
0 0.6117788461538461 0.6129807692307693 0.28725961538461536 0.3245192307692308
10 0.4423076923076923 0.6334134615384616 0.27524038461538464 0.24759615384615385
16 0.859375 0.5348557692307693 0.09495192307692307 0.11658653846153846
16 0.8461538461538461 0.6478365384615384 0.09615384615384616 0.11298076923076923
16 0.8485576923076923 0.7644230769230769 0.0985576923076923 0.12620192307692307
2 0.7584134615384616 0.6826923076923077 0.15384615384615385 0.16947115384615385
8 0.5661057692307693 0.7139423076923077 0.12620192307692307 0.11057692307692307
10 0.6153846153846154 0.8257211538461539 0.2536057692307692 0.23076923076923078
0 0.2548076923076923 0.6213942307692307 0.26802884615384615 0.33774038461538464
8 0.22596153846153846 0.7163461538461539 0.12139423076923077 0.1346153846153846