13 0.7319711538461539 0.3737980769230769 0.35336538461538464 0.3737980769230769
13 0.5925480769230769 0.5 0.34375 0.3762019230769231
6 0.5444711538461539 0.2956730769230769 0.24158653846153846 0.2956730769230769
6 0.4182692307692308 0.3016826923076923 0.25 0.3449519230769231
6 0.2920673076923077 0.3389423076923077 0.39663461538461536 0.4026442307692308
15 0.890625 0.6322115384615384 0.20072115384615385 0.2536057692307692
1 0.7836538461538461 0.7067307692307693 0.20793269230769232 0.23918269230769232
15 0.6670673076923077 0.7908653846153846 0.3088942307692308 0.3269230769230769
9 0.4795673076923077 0.7848557692307693 0.1466346153846154 0.23798076923076922
9 0.38461538461538464 0.8377403846153846 0.15264423076923078 0.22956730769230768
10 0.38461538461538464 0.5721153846153846 0.23197115384615385 0.23076923076923078
10 0.2127403846153846 0.671875 0.2536057692307692 0.21754807692307693