16 0.21514423076923078 0.2800480769230769 0.20192307692307693 0.26802884615384615
14 0.4050480769230769 0.46875 0.23076923076923078 0.14543269230769232
3 0.38100961538461536 0.24158653846153846 0.09615384615384616 0.20192307692307693
3 0.4423076923076923 0.23798076923076922 0.0985576923076923 0.19471153846153846
3 0.40625 0.3557692307692308 0.1935096153846154 0.07572115384615384
4 0.5240384615384616 0.2920673076923077 0.14302884615384615 0.2932692307692308
4 0.6165865384615384 0.28846153846153844 0.12740384615384615 0.28725961538461536
16 0.796875 0.3125 0.2704326923076923 0.20793269230769232
12 0.11538461538461539 0.5793269230769231 0.09735576923076923 0.3293269230769231
0 0.1935096153846154 0.5853365384615384 0.1045673076923077 0.24759615384615385
0 0.43149038461538464 0.6442307692307693 0.11298076923076923 0.24519230769230768
12 0.5396634615384616 0.5853365384615384 0.11538461538461539 0.32211538461538464
16 0.6814903846153846 0.5961538461538461 0.24639423076923078 0.17548076923076922
14 0.6550480769230769 0.7247596153846154 0.23557692307692307 0.10216346153846154
10 0.27163461538461536 0.7884615384615384 0.3016826923076923 0.31850961538461536
4 0.5661057692307693 0.8341346153846154 0.234375 0.20432692307692307
16 0.859375 0.8846153846153846 0.23918269230769232 0.23076923076923078