4 0.8629807692307693 0.7331730769230769 0.22956730769230768 0.1935096153846154
4 0.5865384615384616 0.7896634615384616 0.23677884615384615 0.20793269230769232
10 0.7127403846153846 0.6334134615384616 0.24519230769230768 0.2668269230769231
10 0.7896634615384616 0.3425480769230769 0.2620192307692308 0.29086538461538464
16 0.5024038461538461 0.6658653846153846 0.1141826923076923 0.12620192307692307
7 0.5528846153846154 0.53125 0.18389423076923078 0.15625
12 0.6310096153846154 0.37259615384615385 0.13221153846153846 0.32091346153846156
2 0.5480769230769231 0.34615384615384615 0.10697115384615384 0.15745192307692307
12 0.4723557692307692 0.84375 0.2668269230769231 0.2692307692307692
0 0.20673076923076922 0.7115384615384616 0.25 0.12620192307692307
0 0.41346153846153844 0.5492788461538461 0.09615384615384616 0.23557692307692307
7 0.4579326923076923 0.3293269230769231 0.10096153846153846 0.18269230769230768
16 0.3473557692307692 0.3329326923076923 0.17908653846153846 0.2512019230769231
16 0.17908653846153846 0.5913461538461539 0.08533653846153846 0.109375
4 0.11177884615384616 0.43990384615384615 0.19591346153846154 0.23677884615384615