16 0.3762019230769231 0.26802884615384615 0.22596153846153846 0.21153846153846154
16 0.5685096153846154 0.2956730769230769 0.20552884615384615 0.16466346153846154
16 0.765625 0.31850961538461536 0.2283653846153846 0.20072115384615385
7 0.8401442307692307 0.49278846153846156 0.0889423076923077 0.20432692307692307
7 0.9098557692307693 0.609375 0.09975961538461539 0.1875
7 0.828125 0.6598557692307693 0.09735576923076923 0.18389423076923078
0 0.7560096153846154 0.5252403846153846 0.09615384615384616 0.234375
0 0.6634615384615384 0.48677884615384615 0.09495192307692307 0.23557692307692307
2 0.5492788461538461 0.4326923076923077 0.16105769230769232 0.11778846153846154
10 0.4423076923076923 0.5685096153846154 0.18990384615384615 0.19951923076923078
6 0.3076923076923077 0.41947115384615385 0.24639423076923078 0.27524038461538464
6 0.21995192307692307 0.5408653846153846 0.21754807692307693 0.21754807692307693
12 0.21875 0.6694711538461539 0.2127403846153846 0.06971153846153846
10 0.23317307692307693 0.8076923076923077 0.19471153846153846 0.22956730769230768
10 0.45552884615384615 0.8425480769230769 0.2704326923076923 0.2512019230769231
12 0.3918269230769231 0.7055288461538461 0.14423076923076922 0.09375
12 0.44350961538461536 0.6598557692307693 0.13822115384615385 0.08413461538461539
0 0.6177884615384616 0.6370192307692307 0.23317307692307693 0.1466346153846154
16 0.6418269230769231 0.765625 0.21394230769230768 0.1971153846153846
16 0.8701923076923077 0.8185096153846154 0.21754807692307693 0.15865384615384615