5 0.24158653846153846 0.39302884615384615 0.2764423076923077 0.35096153846153844
5 0.5228365384615384 0.23197115384615385 0.38100961538461536 0.28125
6 0.7560096153846154 0.24519230769230768 0.203125 0.29447115384615385
6 0.8401442307692307 0.5216346153846154 0.22716346153846154 0.296875
6 0.8533653846153846 0.7716346153846154 0.2920673076923077 0.25841346153846156
13 0.2776442307692308 0.6634615384615384 0.2704326923076923 0.25600961538461536
10 0.39302884615384615 0.8028846153846154 0.24639423076923078 0.26322115384615385
3 0.5516826923076923 0.8870192307692307 0.19591346153846154 0.13822115384615385
2 0.6033653846153846 0.43509615384615385 0.12259615384615384 0.15504807692307693
2 0.49399038461538464 0.5348557692307693 0.17427884615384615 0.15985576923076922
2 0.5961538461538461 0.7019230769230769 0.171875 0.15985576923076922
7 0.44711538461538464 0.4495192307692308 0.1658653846153846 0.12139423076923077
7 0.5564903846153846 0.6105769230769231 0.16466346153846154 0.12740384615384615
2 0.7067307692307693 0.484375 0.08653846153846154 0.14302884615384615
2 0.7115384615384616 0.609375 0.1502403846153846 0.09495192307692307
2 0.6502403846153846 0.7872596153846154 0.1622596153846154 0.12259615384615384