9 0.7067307692307693 0.32211538461538464 0.24278846153846154 0.36899038461538464
9 0.4963942307692308 0.24639423076923078 0.3737980769230769 0.28365384615384615
9 0.36177884615384615 0.4110576923076923 0.3954326923076923 0.32091346153846156
15 0.8569711538461539 0.4963942307692308 0.052884615384615384 0.13701923076923078
1 0.8329326923076923 0.5901442307692307 0.1045673076923077 0.17307692307692307
3 0.7379807692307693 0.7992788461538461 0.2091346153846154 0.11057692307692307
15 0.7716346153846154 0.5661057692307693 0.04927884615384615 0.13822115384615385
1 0.7644230769230769 0.6875 0.12980769230769232 0.16466346153846154
16 0.6286057692307693 0.7223557692307693 0.11778846153846154 0.12980769230769232
3 0.6935096153846154 0.6322115384615384 0.12980769230769232 0.1875
10 0.6802884615384616 0.5396634615384616 0.15264423076923078 0.1466346153846154
6 0.5144230769230769 0.5264423076923077 0.25961538461538464 0.3233173076923077
9 0.3269230769230769 0.7151442307692307 0.2512019230769231 0.2548076923076923
15 0.49158653846153844 0.6778846153846154 0.27524038461538464 0.25240384615384615
15 0.21875 0.7403846153846154 0.3173076923076923 0.3004807692307692
15 0.22355769230769232 0.59375 0.3088942307692308 0.2127403846153846