8 0.8677884615384616 0.3076923076923077 0.10216346153846154 0.10697115384615384
16 0.7487980769230769 0.2608173076923077 0.17427884615384615 0.2512019230769231
13 0.5745192307692307 0.2692307692307692 0.23317307692307693 0.3004807692307692
10 0.5661057692307693 0.4963942307692308 0.22235576923076922 0.20192307692307693
6 0.3894230769230769 0.39302884615384615 0.2091346153846154 0.23677884615384615
7 0.41586538461538464 0.24278846153846154 0.16346153846153846 0.10096153846153846
14 0.171875 0.37259615384615385 0.1935096153846154 0.2127403846153846
3 0.18509615384615385 0.5 0.234375 0.10336538461538461
10 0.265625 0.1935096153846154 0.29927884615384615 0.30649038461538464
8 0.8425480769230769 0.40384615384615385 0.11538461538461539 0.10576923076923077
16 0.7608173076923077 0.5120192307692307 0.18389423076923078 0.25240384615384615
6 0.6730769230769231 0.7115384615384616 0.3016826923076923 0.21033653846153846
16 0.4375 0.6658653846153846 0.17668269230769232 0.25600961538461536
8 0.34134615384615385 0.7908653846153846 0.10697115384615384 0.06971153846153846
10 0.23677884615384615 0.6334134615384616 0.2548076923076923 0.2956730769230769