3 0.421875 0.3245192307692308 0.12379807692307693 0.19110576923076922
3 0.3870192307692308 0.40865384615384615 0.1658653846153846 0.20072115384615385
3 0.5480769230769231 0.34975961538461536 0.1935096153846154 0.1778846153846154
3 0.6838942307692307 0.359375 0.14423076923076922 0.203125
12 0.8377403846153846 0.4338942307692308 0.14302884615384615 0.11538461538461539
12 0.8064903846153846 0.5120192307692307 0.12620192307692307 0.12980769230769232
12 0.7848557692307693 0.5817307692307693 0.12860576923076922 0.1346153846153846
7 0.6826923076923077 0.5576923076923077 0.2283653846153846 0.30408653846153844
0 0.5600961538461539 0.6850961538461539 0.18870192307692307 0.2800480769230769
0 0.484375 0.6574519230769231 0.18870192307692307 0.2776442307692308
0 0.42427884615384615 0.5853365384615384 0.203125 0.2620192307692308
14 0.31009615384615385 0.5612980769230769 0.17908653846153846 0.22115384615384615