16 0.5300480769230769 0.21514423076923078 0.2403846153846154 0.24158653846153846
16 0.32211538461538464 0.2848557692307692 0.23317307692307693 0.24519230769230768
4 0.7632211538461539 0.28365384615384615 0.23918269230769232 0.25240384615384615
4 0.6634615384615384 0.4266826923076923 0.1658653846153846 0.2439903846153846
10 0.5240384615384616 0.46875 0.18269230769230768 0.23677884615384615
2 0.390625 0.4567307692307692 0.13942307692307693 0.17668269230769232
16 0.22355769230769232 0.47716346153846156 0.24759615384615385 0.2403846153846154
2 0.38341346153846156 0.6129807692307693 0.19471153846153846 0.16105769230769232
4 0.2548076923076923 0.7043269230769231 0.2704326923076923 0.22355769230769232
4 0.609375 0.6213942307692307 0.23557692307692307 0.15384615384615385
1 0.7512019230769231 0.6875 0.12980769230769232 0.12259615384615384
3 0.8677884615384616 0.5612980769230769 0.13701923076923078 0.18269230769230768
3 0.8100961538461539 0.5432692307692307 0.14903846153846154 0.1935096153846154
3 0.7764423076923077 0.48677884615384615 0.14903846153846154 0.20673076923076922
6 0.5120192307692307 0.8004807692307693 0.3125 0.2668269230769231