13 0.16466346153846154 0.4639423076923077 0.2608173076923077 0.30649038461538464
7 0.33052884615384615 0.22235576923076922 0.15504807692307693 0.16346153846153846
13 0.46274038461538464 0.3317307692307692 0.35216346153846156 0.3112980769230769
11 0.7247596153846154 0.31009615384615385 0.15865384615384615 0.10697115384615384
13 0.7584134615384616 0.47115384615384615 0.31850961538461536 0.25721153846153844
3 0.6141826923076923 0.6117788461538461 0.15384615384615385 0.17908653846153846
5 0.47596153846153844 0.5973557692307693 0.27524038461538464 0.31009615384615385
11 0.3605769230769231 0.5360576923076923 0.140625 0.17067307692307693
7 0.6538461538461539 0.7019230769230769 0.16466346153846154 0.16105769230769232
7 0.7319711538461539 0.7524038461538461 0.16826923076923078 0.16346153846153846
3 0.8100961538461539 0.8425480769230769 0.19831730769230768 0.1466346153846154