2 0.8774038461538461 0.5637019230769231 0.12740384615384615 0.16346153846153846
2 0.8004807692307693 0.6213942307692307 0.11177884615384616 0.16105769230769232
6 0.6706730769230769 0.25240384615384615 0.24639423076923078 0.2956730769230769
6 0.4699519230769231 0.2980769230769231 0.25841346153846156 0.30408653846153844
7 0.7103365384615384 0.5853365384615384 0.1201923076923077 0.2439903846153846
7 0.6225961538461539 0.5841346153846154 0.1201923076923077 0.2403846153846154
3 0.7920673076923077 0.7620192307692307 0.20793269230769232 0.13942307692307693
3 0.84375 0.8125 0.18990384615384615 0.15625
3 0.6225961538461539 0.7920673076923077 0.15144230769230768 0.19831730769230768
2 0.53125 0.6201923076923077 0.1201923076923077 0.1622596153846154
13 0.37740384615384615 0.4387019230769231 0.234375 0.31850961538461536
0 0.48677884615384615 0.7199519230769231 0.12860576923076922 0.28725961538461536
0 0.38461538461538464 0.7223557692307693 0.1141826923076923 0.28125
0 0.26802884615384615 0.5180288461538461 0.10697115384615384 0.2824519230769231