13 0.21995192307692307 0.375 0.23798076923076922 0.32572115384615385
10 0.375 0.39663461538461536 0.20552884615384615 0.20432692307692307
10 0.5456730769230769 0.31850961538461536 0.1971153846153846 0.20432692307692307
13 0.6911057692307693 0.3786057692307692 0.3762019230769231 0.34375
2 0.4699519230769231 0.5276442307692307 0.0985576923076923 0.15625
2 0.38822115384615385 0.6225961538461539 0.09735576923076923 0.1622596153846154
2 0.19471153846153846 0.7127403846153846 0.10576923076923077 0.171875
3 0.11298076923076923 0.7692307692307693 0.14903846153846154 0.20432692307692307
10 0.42908653846153844 0.8377403846153846 0.203125 0.2127403846153846
13 0.6502403846153846 0.6538461538461539 0.3329326923076923 0.3293269230769231
2 0.7367788461538461 0.7680288461538461 0.14543269230769232 0.14903846153846154