16 0.4963942307692308 0.2439903846153846 0.2980769230769231 0.24519230769230768
16 0.34134615384615385 0.36899038461538464 0.25 0.296875
10 0.5685096153846154 0.40024038461538464 0.20192307692307693 0.20793269230769232
10 0.7271634615384616 0.4254807692307692 0.19831730769230768 0.203125
16 0.8377403846153846 0.5865384615384616 0.15985576923076922 0.2764423076923077
2 0.6862980769230769 0.6346153846153846 0.140625 0.16105769230769232
2 0.5865384615384616 0.5877403846153846 0.15745192307692307 0.14543269230769232
2 0.5420673076923077 0.7367788461538461 0.11658653846153846 0.12139423076923077
0 0.7608173076923077 0.7644230769230769 0.36177884615384615 0.13701923076923078
0 0.6658653846153846 0.8617788461538461 0.2800480769230769 0.11778846153846154
15 0.40384615384615385 0.9122596153846154 0.1346153846153846 0.04807692307692308
15 0.1971153846153846 0.8581730769230769 0.18269230769230768 0.19110576923076922
15 0.09134615384615384 0.6899038461538461 0.13822115384615385 0.16346153846153846
6 0.41586538461538464 0.71875 0.2127403846153846 0.2932692307692308
0 0.4423076923076923 0.5396634615384616 0.2848557692307692 0.08774038461538461
6 0.2704326923076923 0.6358173076923077 0.22115384615384615 0.3076923076923077
2 0.22596153846153846 0.45072115384615385 0.1658653846153846 0.12740384615384615
0 0.109375 0.45552884615384615 0.09134615384615384 0.28725961538461536