0 0.12379807692307693 0.28365384615384615 0.10576923076923077 0.359375
16 0.2512019230769231 0.20552884615384615 0.14423076923076922 0.19831730769230768
16 0.37740384615384615 0.21394230769230768 0.14783653846153846 0.19471153846153846
5 0.5336538461538461 0.24158653846153846 0.23317307692307693 0.3004807692307692
5 0.7091346153846154 0.28125 0.21153846153846154 0.2848557692307692
5 0.875 0.328125 0.1875 0.27524038461538464
5 0.8461538461538461 0.5384615384615384 0.2980769230769231 0.22596153846153846
13 0.5504807692307693 0.4567307692307692 0.296875 0.21634615384615385
13 0.29447115384615385 0.38822115384615385 0.25240384615384615 0.19831730769230768
13 0.19230769230769232 0.5480769230769231 0.23677884615384615 0.20793269230769232
7 0.39783653846153844 0.6105769230769231 0.16947115384615385 0.12980769230769232
2 0.21394230769230768 0.7367788461538461 0.10817307692307693 0.1622596153846154
11 0.3137019230769231 0.7235576923076923 0.12620192307692307 0.16706730769230768
11 0.40024038461538464 0.7704326923076923 0.1045673076923077 0.16466346153846154
11 0.49038461538461536 0.7740384615384616 0.10576923076923077 0.15745192307692307
7 0.5889423076923077 0.5889423076923077 0.16466346153846154 0.1045673076923077
5 0.7548076923076923 0.8185096153846154 0.4891826923076923 0.36177884615384615