2 0.5360576923076923 0.08653846153846154 0.20432692307692307 0.17307692307692307
13 0.7223557692307693 0.3401442307692308 0.2860576923076923 0.2512019230769231
13 0.5408653846153846 0.4807692307692308 0.2824519230769231 0.3004807692307692
5 0.8040865384615384 0.6045673076923077 0.3870192307692308 0.3858173076923077
2 0.390625 0.5456730769230769 0.17908653846153846 0.203125
3 0.49399038461538464 0.6430288461538461 0.19471153846153846 0.10096153846153846
5 0.22956730769230768 0.33774038461538464 0.4579326923076923 0.4807692307692308
11 0.10576923076923077 0.6069711538461539 0.17307692307692307 0.18389423076923078
3 0.25600961538461536 0.6995192307692307 0.1466346153846154 0.17908653846153846
11 0.3942307692307692 0.8052884615384616 0.16826923076923078 0.17908653846153846
11 0.31971153846153844 0.6730769230769231 0.15384615384615385 0.17908653846153846
3 0.2403846153846154 0.8341346153846154 0.17908653846153846 0.16947115384615385
16 0.1141826923076923 0.8846153846153846 0.2247596153846154 0.23076923076923078
13 0.5324519230769231 0.8233173076923077 0.27163461538461536 0.3245192307692308
3 0.8209134615384616 0.9230769230769231 0.1778846153846154 0.14783653846153846