5 0.25721153846153844 0.296875 0.30649038461538464 0.4375
5 0.46274038461538464 0.2668269230769231 0.28846153846153844 0.3954326923076923
5 0.6418269230769231 0.23918269230769232 0.23076923076923078 0.3954326923076923
5 0.8064903846153846 0.2091346153846154 0.2776442307692308 0.39903846153846156
6 0.6550480769230769 0.4254807692307692 0.1935096153846154 0.30408653846153844
6 0.8377403846153846 0.4387019230769231 0.22716346153846154 0.31009615384615385
13 0.28125 0.5264423076923077 0.2668269230769231 0.2860576923076923
14 0.45913461538461536 0.7223557692307693 0.15865384615384615 0.21394230769230768
14 0.5264423076923077 0.7139423076923077 0.15745192307692307 0.21394230769230768
11 0.7091346153846154 0.6033653846153846 0.20552884615384615 0.07211538461538461
11 0.7536057692307693 0.671875 0.19951923076923078 0.0733173076923077
11 0.7704326923076923 0.7415865384615384 0.1971153846153846 0.0733173076923077
14 0.8137019230769231 0.8004807692307693 0.1935096153846154 0.1875
14 0.6105769230769231 0.8473557692307693 0.17548076923076922 0.12379807692307693
6 0.5024038461538461 0.4735576923076923 0.2704326923076923 0.2932692307692308