2 0.6887019230769231 0.8737980769230769 0.1658653846153846 0.18269230769230768
10 0.8629807692307693 0.6382211538461539 0.21394230769230768 0.1971153846153846
7 0.7175480769230769 0.6033653846153846 0.21995192307692307 0.27884615384615385
9 0.7680288461538461 0.3762019230769231 0.15745192307692307 0.15384615384615385
10 0.8052884615384616 0.125 0.22716346153846154 0.2247596153846154
7 0.5540865384615384 0.6622596153846154 0.19951923076923078 0.21394230769230768
9 0.6538461538461539 0.484375 0.14423076923076922 0.1466346153846154
14 0.5180288461538461 0.5877403846153846 0.1814903846153846 0.21033653846153846
12 0.4387019230769231 0.59375 0.12740384615384615 0.15504807692307693
14 0.5564903846153846 0.44350961538461536 0.234375 0.16947115384615385
12 0.5925480769230769 0.3581730769230769 0.16466346153846154 0.11778846153846154
9 0.6069711538461539 0.23798076923076922 0.13822115384615385 0.13581730769230768
7 0.4807692307692308 0.2980769230769231 0.14543269230769232 0.31009615384615385
4 0.31971153846153844 0.7211538461538461 0.24519230769230768 0.18629807692307693
12 0.10817307692307693 0.6730769230769231 0.16466346153846154 0.12980769230769232
7 0.19831730769230768 0.5480769230769231 0.2860576923076923 0.20552884615384615
7 0.33413461538461536 0.4254807692307692 0.14543269230769232 0.2403846153846154
4 0.3004807692307692 0.15144230769230768 0.23918269230769232 0.16105769230769232
7 0.13701923076923078 0.25600961538461536 0.10697115384615384 0.2536057692307692