4 0.3004807692307692 0.38822115384615385 0.2283653846153846 0.27524038461538464
4 0.5504807692307693 0.2692307692307692 0.24879807692307693 0.20432692307692307
11 0.7091346153846154 0.32211538461538464 0.11538461538461539 0.1814903846153846
11 0.8389423076923077 0.24278846153846154 0.17307692307692307 0.15504807692307693
11 0.8413461538461539 0.4026442307692308 0.1658653846153846 0.1875
11 0.48677884615384615 0.4050480769230769 0.13221153846153846 0.10817307692307693
11 0.3894230769230769 0.5817307692307693 0.15504807692307693 0.12259615384615384
8 0.6586538461538461 0.4579326923076923 0.11658653846153846 0.10096153846153846
8 0.7716346153846154 0.4879807692307692 0.13581730769230768 0.12620192307692307
8 0.7776442307692307 0.5901442307692307 0.13701923076923078 0.09254807692307693
8 0.45913461538461536 0.6574519230769231 0.12139423076923077 0.07932692307692307
8 0.46634615384615385 0.7379807692307693 0.1201923076923077 0.08173076923076923
7 0.6237980769230769 0.5540865384615384 0.16346153846153846 0.11298076923076923
7 0.5901442307692307 0.6538461538461539 0.16346153846153846 0.10216346153846154
7 0.4411057692307692 0.5144230769230769 0.1778846153846154 0.13581730769230768
7 0.33052884615384615 0.7235576923076923 0.19831730769230768 0.328125
11 0.5 0.8653846153846154 0.20072115384615385 0.16706730769230768
1 0.8112980769230769 0.6742788461538461 0.2536057692307692 0.1875
1 0.6346153846153846 0.7764423076923077 0.24639423076923078 0.17307692307692307