5 0.21153846153846154 0.25600961538461536 0.3473557692307692 0.35216346153846156
9 0.4795673076923077 0.3245192307692308 0.24639423076923078 0.3701923076923077
13 0.6983173076923077 0.38461538461538464 0.2920673076923077 0.27163461538461536
4 0.8473557692307693 0.4675480769230769 0.16105769230769232 0.16947115384615385
7 0.6634615384615384 0.5540865384615384 0.33052884615384615 0.12379807692307693
9 0.5769230769230769 0.7560096153846154 0.22235576923076922 0.171875
13 0.7632211538461539 0.24879807692307693 0.36177884615384615 0.26802884615384615
7 0.5673076923076923 0.6634615384615384 0.3137019230769231 0.14903846153846154
4 0.8305288461538461 0.6802884615384616 0.21153846153846154 0.21995192307692307
4 0.3449519230769231 0.7644230769230769 0.17427884615384615 0.1622596153846154
9 0.359375 0.5108173076923077 0.31850961538461536 0.38461538461538464
9 0.15504807692307693 0.5805288461538461 0.28725961538461536 0.3713942307692308