8 0.12620192307692307 0.2668269230769231 0.109375 0.039663461538461536
8 0.17548076923076922 0.3545673076923077 0.04567307692307692 0.10576923076923077
15 0.21153846153846154 0.3293269230769231 0.0625 0.13822115384615385
15 0.24519230769230768 0.6322115384615384 0.14182692307692307 0.042067307692307696
15 0.3125 0.578125 0.12980769230769232 0.109375
8 0.13581730769230768 0.4567307692307692 0.10216346153846154 0.125
8 0.20793269230769232 0.44711538461538464 0.10697115384615384 0.11778846153846154
4 0.36538461538461536 0.41586538461538464 0.2692307692307692 0.2692307692307692
4 0.7644230769230769 0.20192307692307693 0.27283653846153844 0.25600961538461536
0 0.5673076923076923 0.38461538461538464 0.08774038461538461 0.29447115384615385
0 0.6911057692307693 0.3798076923076923 0.1778846153846154 0.27524038461538464
16 0.7908653846153846 0.40024038461538464 0.10817307692307693 0.08413461538461539
0 0.5 0.6165865384615384 0.2932692307692308 0.09735576923076923
16 0.7211538461538461 0.6105769230769231 0.15384615384615385 0.21153846153846154
16 0.7692307692307693 0.7980769230769231 0.21153846153846154 0.1875
5 0.46153846153846156 0.7956730769230769 0.44591346153846156 0.3076923076923077