6 0.8052884615384616 0.25721153846153844 0.3293269230769231 0.359375
5 0.49278846153846156 0.27163461538461536 0.45072115384615385 0.3798076923076923
5 0.36899038461538464 0.43509615384615385 0.46875 0.38341346153846156
11 0.28846153846153844 0.6262019230769231 0.1466346153846154 0.16826923076923078
11 0.3737980769230769 0.6322115384615384 0.11057692307692307 0.11899038461538461
4 0.25 0.7824519230769231 0.18269230769230768 0.16706730769230768
6 0.4675480769230769 0.7788461538461539 0.2980769230769231 0.28966346153846156
8 0.5685096153846154 0.9254807692307693 0.11778846153846154 0.11298076923076923
1 0.7211538461538461 0.8269230769230769 0.23557692307692307 0.15144230769230768
6 0.7644230769230769 0.7608173076923077 0.3701923076923077 0.36778846153846156
1 0.8641826923076923 0.59375 0.17067307692307693 0.23317307692307693
4 0.8125 0.484375 0.17307692307692307 0.1814903846153846
4 0.703125 0.40865384615384615 0.16947115384615385 0.1778846153846154
14 0.5997596153846154 0.5805288461538461 0.09134615384615384 0.2247596153846154
14 0.6574519230769231 0.6033653846153846 0.09615384615384616 0.22596153846153846