5 0.34975961538461536 0.25 0.2848557692307692 0.37259615384615385
5 0.5600961538461539 0.25721153846153844 0.27283653846153844 0.41225961538461536
5 0.2932692307692308 0.3918269230769231 0.3954326923076923 0.38221153846153844
7 0.7596153846153846 0.2920673076923077 0.20432692307692307 0.21394230769230768
7 0.6790865384615384 0.45913461538461536 0.11778846153846154 0.2620192307692308
7 0.7560096153846154 0.5168269230769231 0.15745192307692307 0.234375
7 0.4423076923076923 0.5444711538461539 0.3112980769230769 0.18509615384615385
16 0.19591346153846154 0.6081730769230769 0.19230769230769232 0.23798076923076922
16 0.31850961538461536 0.7848557692307693 0.22115384615384615 0.16105769230769232
9 0.49399038461538464 0.7872596153846154 0.1466346153846154 0.1346153846153846
9 0.6754807692307693 0.8269230769230769 0.140625 0.12980769230769232
1 0.5048076923076923 0.609375 0.23798076923076922 0.16826923076923078
1 0.6153846153846154 0.6526442307692307 0.21754807692307693 0.19471153846153846
1 0.7247596153846154 0.6742788461538461 0.23197115384615385 0.1875