13 0.2776442307692308 0.23076923076923078 0.32572115384615385 0.31850961538461536
13 0.24158653846153846 0.6778846153846154 0.328125 0.35096153846153844
13 0.6129807692307693 0.5372596153846154 0.3233173076923077 0.28725961538461536
4 0.14423076923076922 0.5036057692307693 0.14903846153846154 0.14903846153846154
4 0.26322115384615385 0.44591346153846156 0.1466346153846154 0.14903846153846154
4 0.8798076923076923 0.6081730769230769 0.15745192307692307 0.1502403846153846
3 0.6935096153846154 0.2091346153846154 0.17668269230769232 0.15144230769230768
3 0.7896634615384616 0.40865384615384615 0.09615384615384616 0.19110576923076922
1 0.3485576923076923 0.7704326923076923 0.13581730769230768 0.057692307692307696
4 0.8245192307692307 0.2800480769230769 0.16105769230769232 0.15625
14 0.49158653846153844 0.8509615384615384 0.234375 0.2439903846153846
2 0.4074519230769231 0.38341346153846156 0.15384615384615385 0.18389423076923078
6 0.6021634615384616 0.3329326923076923 0.3076923076923077 0.2512019230769231
6 0.46033653846153844 0.59375 0.25 0.31971153846153844
6 0.6754807692307693 0.6923076923076923 0.2776442307692308 0.32211538461538464