6 0.16706730769230768 0.35697115384615385 0.27524038461538464 0.3076923076923077
6 0.359375 0.15985576923076922 0.3389423076923077 0.2776442307692308
6 0.7668269230769231 0.36778846153846156 0.27283653846153844 0.3293269230769231
11 0.4026442307692308 0.2920673076923077 0.16105769230769232 0.1141826923076923
11 0.5757211538461539 0.40865384615384615 0.15625 0.1658653846153846
16 0.42788461538461536 0.4266826923076923 0.17668269230769232 0.22115384615384615
10 0.6826923076923077 0.5516826923076923 0.3125 0.265625
6 0.35336538461538464 0.6165865384615384 0.2403846153846154 0.3125
6 0.8341346153846154 0.7752403846153846 0.19230769230769232 0.31490384615384615
6 0.5721153846153846 0.7896634615384616 0.3076923076923077 0.25721153846153844
10 0.15865384615384615 0.6310096153846154 0.23557692307692307 0.2704326923076923
10 0.2439903846153846 0.8713942307692307 0.25600961538461536 0.22115384615384615