12 0.2764423076923077 0.328125 0.18389423076923078 0.25961538461538464
2 0.4423076923076923 0.23798076923076922 0.09975961538461539 0.13701923076923078
7 0.515625 0.17668269230769232 0.12620192307692307 0.3137019230769231
5 0.7536057692307693 0.171875 0.42427884615384615 0.34375
5 0.21754807692307693 0.17908653846153846 0.43509615384615385 0.3581730769230769
2 0.15865384615384615 0.41346153846153844 0.1310096153846154 0.08173076923076923
4 0.33052884615384615 0.38341346153846156 0.24278846153846154 0.18028846153846154
12 0.5180288461538461 0.5072115384615384 0.14543269230769232 0.2608173076923077
7 0.20673076923076922 0.4951923076923077 0.32091346153846156 0.10096153846153846
9 0.4050480769230769 0.5588942307692307 0.20432692307692307 0.17908653846153846
5 0.7379807692307693 0.4795673076923077 0.4026442307692308 0.33533653846153844
9 0.765625 0.6658653846153846 0.20192307692307693 0.12379807692307693
4 0.9038461538461539 0.8221153846153846 0.15264423076923078 0.2824519230769231
4 0.7415865384615384 0.8149038461538461 0.18028846153846154 0.24519230769230768
9 0.6141826923076923 0.796875 0.11899038461538461 0.21754807692307693
7 0.31850961538461536 0.796875 0.11057692307692307 0.3449519230769231
9 0.44471153846153844 0.7704326923076923 0.32572115384615385 0.4182692307692308
7 0.24879807692307693 0.6983173076923077 0.12740384615384615 0.35096153846153844
12 0.17307692307692307 0.6754807692307693 0.09975961538461539 0.2608173076923077
4 0.08052884615384616 0.6490384615384616 0.16105769230769232 0.24519230769230768