13 0.6165865384615384 0.3329326923076923 0.33653846153846156 0.28365384615384615
6 0.8353365384615384 0.6310096153846154 0.27283653846153844 0.33774038461538464
2 0.6742788461538461 0.5612980769230769 0.12740384615384615 0.16947115384615385
2 0.5649038461538461 0.6069711538461539 0.14182692307692307 0.1814903846153846
2 0.46274038461538464 0.6466346153846154 0.10576923076923077 0.18990384615384615
6 0.5793269230769231 0.7980769230769231 0.3425480769230769 0.3173076923076923
2 0.36658653846153844 0.7884615384615384 0.0985576923076923 0.19591346153846154
2 0.2776442307692308 0.7704326923076923 0.11057692307692307 0.18870192307692307
8 0.09975961538461539 0.7487980769230769 0.09735576923076923 0.1045673076923077
8 0.36899038461538464 0.6286057692307693 0.07572115384615384 0.12740384615384615
8 0.29927884615384615 0.6189903846153846 0.0829326923076923 0.125
11 0.22115384615384615 0.609375 0.10697115384615384 0.1622596153846154
2 0.11778846153846154 0.5540865384615384 0.15264423076923078 0.18629807692307693
13 0.3137019230769231 0.38341346153846156 0.2980769230769231 0.3245192307692308