13 0.36778846153846156 0.21995192307692307 0.3076923076923077 0.33413461538461536
4 0.5829326923076923 0.20793269230769232 0.16466346153846154 0.23918269230769232
2 0.44471153846153844 0.3425480769230769 0.15504807692307693 0.1502403846153846
12 0.7163461538461539 0.22956730769230768 0.20552884615384615 0.29447115384615385
7 0.765625 0.3269230769230769 0.20072115384615385 0.3173076923076923
8 0.8762019230769231 0.23557692307692307 0.036057692307692304 0.10336538461538461
3 0.3112980769230769 0.4014423076923077 0.12379807692307693 0.17067307692307693
7 0.2403846153846154 0.4639423076923077 0.18870192307692307 0.31850961538461536
7 0.6009615384615384 0.6682692307692307 0.3293269230769231 0.11177884615384616
12 0.5168269230769231 0.43509615384615385 0.3076923076923077 0.12620192307692307
2 0.5444711538461539 0.546875 0.16466346153846154 0.15264423076923078
9 0.41225961538461536 0.5853365384615384 0.18509615384615385 0.18990384615384615
2 0.17427884615384615 0.5336538461538461 0.1502403846153846 0.16346153846153846
3 0.109375 0.5540865384615384 0.15625 0.16947115384615385
4 0.18870192307692307 0.6850961538461539 0.24639423076923078 0.2247596153846154
4 0.5408653846153846 0.7800480769230769 0.21995192307692307 0.13581730769230768
13 0.3137019230769231 0.8197115384615384 0.3161057692307692 0.24879807692307693
3 0.5829326923076923 0.90625 0.17908653846153846 0.078125
13 0.7800480769230769 0.7680288461538461 0.29927884615384615 0.31009615384615385
4 0.7295673076923077 0.546875 0.22115384615384615 0.14302884615384615