10 0.20552884615384615 0.32091346153846156 0.2668269230769231 0.2692307692307692
10 0.11057692307692307 0.5564903846153846 0.21394230769230768 0.25240384615384615
0 0.24519230769230768 0.5180288461538461 0.16466346153846154 0.15264423076923078
0 0.31850961538461536 0.41346153846153844 0.1141826923076923 0.16706730769230768
4 0.4495192307692308 0.3317307692307692 0.16706730769230768 0.18269230769230768
4 0.6069711538461539 0.30649038461538464 0.13701923076923078 0.17548076923076922
4 0.6418269230769231 0.16706730769230768 0.15985576923076922 0.12980769230769232
4 0.5769230769230769 0.4387019230769231 0.17548076923076922 0.13942307692307693
4 0.6009615384615384 0.5829326923076923 0.18509615384615385 0.1466346153846154
4 0.5132211538461539 0.5516826923076923 0.18028846153846154 0.14423076923076922
11 0.38461538461538464 0.6526442307692307 0.16346153846153846 0.15865384615384615
4 0.15384615384615385 0.7379807692307693 0.16466346153846154 0.1502403846153846
11 0.6887019230769231 0.7620192307692307 0.09254807692307693 0.16826923076923078
12 0.5841346153846154 0.7596153846153846 0.21754807692307693 0.28125
12 0.5264423076923077 0.7920673076923077 0.23317307692307693 0.2860576923076923