13 0.296875 0.24879807692307693 0.2668269230769231 0.3112980769230769
13 0.5084134615384616 0.22235576923076922 0.25240384615384615 0.2980769230769231
4 0.671875 0.17427884615384615 0.14302884615384615 0.23918269230769232
4 0.8076923076923077 0.18509615384615385 0.1466346153846154 0.22716346153846154
13 0.2608173076923077 0.5264423076923077 0.2283653846153846 0.28846153846153844
3 0.4026442307692308 0.5120192307692307 0.10096153846153846 0.19831730769230768
3 0.5180288461538461 0.46634615384615385 0.16105769230769232 0.20192307692307693
1 0.6189903846153846 0.44711538461538464 0.0733173076923077 0.15504807692307693
14 0.7391826923076923 0.42788461538461536 0.2127403846153846 0.23317307692307693
8 0.7367788461538461 0.5877403846153846 0.08173076923076923 0.1141826923076923
1 0.5685096153846154 0.6045673076923077 0.15384615384615385 0.0829326923076923
3 0.75 0.6742788461538461 0.2127403846153846 0.11177884615384616
3 0.6081730769230769 0.7163461538461539 0.20552884615384615 0.09975961538461539
3 0.578125 0.7896634615384616 0.20793269230769232 0.07211538461538461
13 0.32211538461538464 0.7956730769230769 0.30288461538461536 0.27884615384615385