16 0.33533653846153844 0.171875 0.18870192307692307 0.22716346153846154
16 0.8774038461538461 0.4050480769230769 0.17427884615384615 0.20072115384615385
16 0.8822115384615384 0.6634615384615384 0.23197115384615385 0.19471153846153846
10 0.6418269230769231 0.29447115384615385 0.23076923076923078 0.19110576923076922
10 0.6370192307692307 0.4495192307692308 0.23557692307692307 0.1971153846153846
10 0.2091346153846154 0.3161057692307692 0.24519230769230768 0.2704326923076923
1 0.4014423076923077 0.40865384615384615 0.06850961538461539 0.13942307692307693
3 0.5829326923076923 0.6105769230769231 0.06971153846153846 0.17427884615384615
3 0.3605769230769231 0.6694711538461539 0.09134615384615384 0.1778846153846154
3 0.20793269230769232 0.640625 0.08533653846153846 0.1778846153846154
4 0.5168269230769231 0.8161057692307693 0.1141826923076923 0.20793269230769232
0 0.3762019230769231 0.5564903846153846 0.2848557692307692 0.09254807692307693
1 0.16466346153846154 0.5432692307692307 0.140625 0.046875
0 0.25841346153846156 0.8317307692307693 0.16346153846153846 0.15865384615384615