2 0.44591346153846156 0.14783653846153846 0.0829326923076923 0.12740384615384615
2 0.45072115384615385 0.4423076923076923 0.08653846153846154 0.1201923076923077
2 0.5709134615384616 0.4651442307692308 0.0829326923076923 0.125
4 0.7355769230769231 0.3581730769230769 0.17668269230769232 0.23317307692307693
4 0.8341346153846154 0.6899038461538461 0.23798076923076922 0.265625
7 0.7163461538461539 0.6574519230769231 0.1971153846153846 0.3161057692307692
7 0.24759615384615385 0.7439903846153846 0.35096153846153844 0.10697115384615384
2 0.30649038461538464 0.22355769230769232 0.13822115384615385 0.13701923076923078
2 0.3004807692307692 0.3942307692307692 0.13581730769230768 0.13581730769230768
2 0.2704326923076923 0.546875 0.13701923076923078 0.14423076923076922
12 0.38100961538461536 0.5168269230769231 0.08774038461538461 0.1346153846153846
12 0.24759615384615385 0.6370192307692307 0.13581730769230768 0.08173076923076923
12 0.27524038461538464 0.8413461538461539 0.13341346153846154 0.11899038461538461
0 0.49158653846153844 0.25240384615384615 0.23918269230769232 0.12740384615384615
4 0.4579326923076923 0.6189903846153846 0.19951923076923078 0.2512019230769231
4 0.5997596153846154 0.6466346153846154 0.2091346153846154 0.2536057692307692
1 0.43149038461538464 0.7824519230769231 0.15144230769230768 0.10216346153846154
1 0.6754807692307693 0.8185096153846154 0.1502403846153846 0.06610576923076923
1 0.6862980769230769 0.8581730769230769 0.15504807692307693 0.052884615384615384