16 0.6790865384615384 0.7824519230769231 0.1141826923076923 0.10576923076923077
16 0.8521634615384616 0.6454326923076923 0.12259615384615384 0.11538461538461539
16 0.7932692307692307 0.5673076923076923 0.1141826923076923 0.11538461538461539
3 0.6442307692307693 0.6574519230769231 0.20552884615384615 0.14182692307692307
3 0.41225961538461536 0.7403846153846154 0.15745192307692307 0.19591346153846154
0 0.5865384615384616 0.6069711538461539 0.3293269230769231 0.24879807692307693
0 0.47836538461538464 0.5685096153846154 0.32572115384615385 0.2608173076923077
0 0.47475961538461536 0.4675480769230769 0.3317307692307692 0.2512019230769231
14 0.7439903846153846 0.36177884615384615 0.24639423076923078 0.25841346153846156
16 0.4543269230769231 0.3088942307692308 0.2247596153846154 0.15264423076923078
3 0.23076923076923078 0.4266826923076923 0.21634615384615385 0.15264423076923078