1 0.47716346153846156 0.8112980769230769 0.14423076923076922 0.052884615384615384
1 0.9026442307692307 0.48197115384615385 0.09495192307692307 0.15384615384615385
10 0.6045673076923077 0.6358173076923077 0.203125 0.20552884615384615
3 0.6490384615384616 0.7884615384615384 0.18389423076923078 0.1502403846153846
3 0.4519230769230769 0.7475961538461539 0.19831730769230768 0.125
7 0.5024038461538461 0.32211538461538464 0.19230769230769232 0.16466346153846154
7 0.5072115384615384 0.23677884615384615 0.17307692307692307 0.13942307692307693
10 0.3137019230769231 0.25721153846153844 0.19230769230769232 0.16346153846153846
6 0.7548076923076923 0.5757211538461539 0.30288461538461536 0.359375
6 0.3786057692307692 0.5961538461538461 0.36177884615384615 0.3004807692307692
15 0.23197115384615385 0.65625 0.27163461538461536 0.2247596153846154
15 0.47115384615384615 0.38100961538461536 0.28125 0.29086538461538464
5 0.7692307692307693 0.2692307692307692 0.41947115384615385 0.4098557692307692
6 0.2620192307692308 0.3858173076923077 0.3401442307692308 0.31009615384615385
14 0.44471153846153844 0.6081730769230769 0.14423076923076922 0.1935096153846154