13 0.7740384615384616 0.19831730769230768 0.33533653846153844 0.28365384615384615
13 0.7800480769230769 0.4723557692307692 0.29086538461538464 0.24278846153846154
16 0.5012019230769231 0.20552884615384615 0.24158653846153846 0.24759615384615385
15 0.3713942307692308 0.21754807692307693 0.0889423076923077 0.11778846153846154
16 0.19951923076923078 0.22115384615384615 0.15504807692307693 0.2283653846153846
15 0.08052884615384616 0.18389423076923078 0.11057692307692307 0.08653846153846154
15 0.07211538461538461 0.3233173076923077 0.12620192307692307 0.0733173076923077
12 0.15745192307692307 0.39302884615384615 0.3076923076923077 0.09735576923076923
7 0.39783653846153844 0.4375 0.09975961538461539 0.23798076923076922
7 0.546875 0.421875 0.22956730769230768 0.09495192307692307
13 0.1814903846153846 0.5072115384615384 0.30288461538461536 0.2403846153846154
10 0.6454326923076923 0.609375 0.22716346153846154 0.20673076923076922
4 0.4735576923076923 0.5985576923076923 0.17668269230769232 0.1778846153846154
10 0.18028846153846154 0.6935096153846154 0.3125 0.24278846153846154
10 0.44711538461538464 0.7079326923076923 0.23317307692307693 0.2548076923076923
4 0.8461538461538461 0.7848557692307693 0.125 0.21634615384615385
4 0.734375 0.8112980769230769 0.12259615384615384 0.21754807692307693
4 0.6177884615384616 0.8016826923076923 0.12259615384615384 0.21754807692307693
13 0.25841346153846156 0.8485576923076923 0.38822115384615385 0.30288461538461536