10 0.2439903846153846 0.21995192307692307 0.2668269230769231 0.2536057692307692
10 0.3894230769230769 0.27283653846153844 0.23076923076923078 0.2512019230769231
10 0.5661057692307693 0.24759615384615385 0.2091346153846154 0.27283653846153844
7 0.6971153846153846 0.30528846153846156 0.11778846153846154 0.3329326923076923
7 0.7980769230769231 0.296875 0.1201923076923077 0.3401442307692308
9 0.8870192307692307 0.34615384615384615 0.12259615384615384 0.21634615384615385
9 0.8497596153846154 0.5120192307692307 0.22716346153846154 0.11778846153846154
9 0.5564903846153846 0.4326923076923077 0.14182692307692307 0.14423076923076922
9 0.4050480769230769 0.4807692307692308 0.14903846153846154 0.1502403846153846
8 0.7259615384615384 0.5865384615384616 0.0733173076923077 0.1045673076923077
8 0.6466346153846154 0.6274038461538461 0.08774038461538461 0.1141826923076923
4 0.5048076923076923 0.6274038461538461 0.21514423076923078 0.24519230769230768
4 0.4891826923076923 0.7944711538461539 0.2091346153846154 0.24639423076923078
3 0.7944711538461539 0.6826923076923077 0.18028846153846154 0.06850961538461539
16 0.7331730769230769 0.8173076923076923 0.24158653846153846 0.21634615384615385
13 0.28725961538461536 0.765625 0.23677884615384615 0.3137019230769231
13 0.2512019230769231 0.48677884615384615 0.23677884615384615 0.30528846153846156