15 0.734375 0.19591346153846154 0.2776442307692308 0.3125
15 0.6346153846153846 0.17908653846153846 0.19831730769230768 0.296875
13 0.4423076923076923 0.23918269230769232 0.23918269230769232 0.3401442307692308
13 0.2127403846153846 0.25 0.25240384615384615 0.34375
10 0.75 0.4387019230769231 0.1935096153846154 0.20072115384615385
10 0.5973557692307693 0.5408653846153846 0.1971153846153846 0.20192307692307693
16 0.4483173076923077 0.5300480769230769 0.15985576923076922 0.23557692307692307
16 0.2704326923076923 0.5204326923076923 0.1622596153846154 0.2283653846153846
16 0.13221153846153846 0.5168269230769231 0.15264423076923078 0.22956730769230768
4 0.8689903846153846 0.6081730769230769 0.11899038461538461 0.13822115384615385
3 0.7512019230769231 0.6310096153846154 0.09134615384615384 0.1875
8 0.7055288461538461 0.6742788461538461 0.09495192307692307 0.125
2 0.5973557692307693 0.6826923076923077 0.08774038461538461 0.11298076923076923
2 0.46634615384615385 0.7019230769230769 0.11778846153846154 0.125
2 0.2932692307692308 0.6826923076923077 0.09975961538461539 0.1201923076923077
15 0.45072115384615385 0.8004807692307693 0.3076923076923077 0.20192307692307693
15 0.33413461538461536 0.8353365384615384 0.2956730769230769 0.2824519230769231
15 0.17668269230769232 0.8064903846153846 0.27283653846153844 0.2848557692307692
8 0.6694711538461539 0.7860576923076923 0.1045673076923077 0.14543269230769232
8 0.7427884615384616 0.8016826923076923 0.10817307692307693 0.14423076923076922