5 0.8064903846153846 0.29927884615384615 0.3858173076923077 0.4387019230769231
7 0.7439903846153846 0.5324519230769231 0.22235576923076922 0.20793269230769232
7 0.5576923076923077 0.3269230769230769 0.17427884615384615 0.234375
7 0.6286057692307693 0.5396634615384616 0.2764423076923077 0.2608173076923077
1 0.35096153846153844 0.25841346153846156 0.06850961538461539 0.1814903846153846
7 0.2536057692307692 0.34134615384615385 0.0985576923076923 0.24278846153846154
4 0.0985576923076923 0.4338942307692308 0.15264423076923078 0.21995192307692307
4 0.375 0.4675480769230769 0.16706730769230768 0.13701923076923078
5 0.38221153846153844 0.7007211538461539 0.4266826923076923 0.41225961538461536
1 0.16105769230769232 0.5913461538461539 0.1346153846153846 0.16105769230769232
0 0.15625 0.7295673076923077 0.15745192307692307 0.24278846153846154
11 0.11658653846153846 0.8786057692307693 0.17307692307692307 0.14783653846153846
7 0.5324519230769231 0.8269230769230769 0.13341346153846154 0.3401442307692308
5 0.7716346153846154 0.7908653846153846 0.375 0.38100961538461536