5 0.46153846153846156 0.26802884615384615 0.48677884615384615 0.36899038461538464
9 0.31009615384615385 0.4206730769230769 0.28125 0.36658653846153844
14 0.5012019230769231 0.4723557692307692 0.17548076923076922 0.20552884615384615
14 0.6322115384615384 0.44591346153846156 0.18990384615384615 0.15504807692307693
7 0.7632211538461539 0.36899038461538464 0.13942307692307693 0.3293269230769231
7 0.8701923076923077 0.34975961538461536 0.1658653846153846 0.3269230769230769
7 0.9122596153846154 0.5420673076923077 0.0985576923076923 0.18509615384615385
7 0.7584134615384616 0.578125 0.19471153846153846 0.12379807692307693
7 0.8100961538461539 0.6658653846153846 0.19230769230769232 0.09014423076923077
14 0.2548076923076923 0.7199519230769231 0.18990384615384615 0.22596153846153846
9 0.41586538461538464 0.6899038461538461 0.20432692307692307 0.23317307692307693
9 0.5829326923076923 0.6586538461538461 0.19110576923076922 0.20673076923076922
9 0.5120192307692307 0.8353365384615384 0.2512019230769231 0.24879807692307693
14 0.7019230769230769 0.7992788461538461 0.21514423076923078 0.23197115384615385