6 0.30649038461538464 0.3762019230769231 0.2644230769230769 0.3317307692307692
6 0.4735576923076923 0.30288461538461536 0.3016826923076923 0.3641826923076923
13 0.7235576923076923 0.27884615384615385 0.35216346153846156 0.27884615384615385
13 0.22716346153846154 0.5949519230769231 0.29447115384615385 0.3389423076923077
16 0.4338942307692308 0.5661057692307693 0.24639423076923078 0.19951923076923078
13 0.75 0.4831730769230769 0.35096153846153844 0.25841346153846156
11 0.31490384615384615 0.7512019230769231 0.12259615384615384 0.11177884615384616
0 0.43509615384615385 0.71875 0.1778846153846154 0.12259615384615384
12 0.3401442307692308 0.8329326923076923 0.12379807692307693 0.07572115384615384
12 0.47115384615384615 0.8100961538461539 0.12980769230769232 0.0673076923076923
12 0.6213942307692307 0.84375 0.12620192307692307 0.06971153846153846
10 0.6153846153846154 0.6838942307692307 0.23076923076923078 0.2668269230769231
10 0.7980769230769231 0.7139423076923077 0.21514423076923078 0.2608173076923077