16 0.1971153846153846 0.33653846153846156 0.20552884615384615 0.23317307692307693
6 0.2692307692307692 0.31971153846153844 0.29927884615384615 0.3713942307692308
16 0.5745192307692307 0.17908653846153846 0.22716346153846154 0.21033653846153846
16 0.7944711538461539 0.28725961538461536 0.22596153846153846 0.22355769230769232
6 0.5288461538461539 0.3329326923076923 0.27884615384615385 0.33052884615384615
6 0.7211538461538461 0.3894230769230769 0.38822115384615385 0.3894230769230769
10 0.17067307692307693 0.5841346153846154 0.19591346153846154 0.19230769230769232
10 0.36658653846153844 0.5649038461538461 0.18269230769230768 0.17427884615384615
1 0.2548076923076923 0.7295673076923077 0.1658653846153846 0.234375
14 0.42427884615384615 0.7776442307692307 0.24879807692307693 0.24639423076923078
14 0.5264423076923077 0.6658653846153846 0.19230769230769232 0.21634615384615385
0 0.5769230769230769 0.5625 0.20432692307692307 0.265625
0 0.7487980769230769 0.6394230769230769 0.25841346153846156 0.21875
14 0.6766826923076923 0.7415865384615384 0.19951923076923078 0.20192307692307693