13 0.6298076923076923 0.19831730769230768 0.3894230769230769 0.3557692307692308
13 0.16947115384615385 0.34615384615384615 0.28725961538461536 0.35216346153846156
13 0.4735576923076923 0.47716346153846156 0.26802884615384615 0.35096153846153844
6 0.6862980769230769 0.49158653846153844 0.3485576923076923 0.3605769230769231
12 0.6033653846153846 0.6262019230769231 0.17668269230769232 0.0673076923076923
12 0.7007211538461539 0.6646634615384616 0.1346153846153846 0.15985576923076922
12 0.15745192307692307 0.59375 0.09254807692307693 0.18389423076923078
0 0.20673076923076922 0.6358173076923077 0.1502403846153846 0.25721153846153844
2 0.30528846153846156 0.6129807692307693 0.13221153846153846 0.17067307692307693
14 0.37259615384615385 0.7007211538461539 0.10336538461538461 0.24519230769230768
11 0.796875 0.8028846153846154 0.17307692307692307 0.13221153846153846
6 0.5492788461538461 0.8149038461538461 0.3737980769230769 0.35216346153846156