16 0.3137019230769231 0.1778846153846154 0.1814903846153846 0.2548076923076923
13 0.19591346153846154 0.3112980769230769 0.296875 0.3112980769230769
16 0.5192307692307693 0.2860576923076923 0.22115384615384615 0.2536057692307692
9 0.47836538461538464 0.44350961538461536 0.24278846153846154 0.19951923076923078
16 0.7091346153846154 0.41225961538461536 0.2668269230769231 0.1935096153846154
15 0.12860576923076922 0.49399038461538464 0.0985576923076923 0.14302884615384615
14 0.23557692307692307 0.5228365384615384 0.17067307692307693 0.23076923076923078
14 0.3293269230769231 0.5961538461538461 0.1971153846153846 0.2283653846153846
9 0.16706730769230768 0.8040865384615384 0.14783653846153846 0.23076923076923078
4 0.4963942307692308 0.6081730769230769 0.2860576923076923 0.22115384615384615
4 0.5180288461538461 0.6923076923076923 0.27163461538461536 0.1935096153846154
4 0.7379807692307693 0.5480769230769231 0.25721153846153844 0.18389423076923078
4 0.6514423076923077 0.7463942307692307 0.27403846153846156 0.2403846153846154
16 0.7824519230769231 0.8293269230769231 0.33413461538461536 0.28846153846153844
16 0.4098557692307692 0.8617788461538461 0.29447115384615385 0.1935096153846154