6 0.8125 0.18629807692307693 0.3737980769230769 0.24879807692307693
6 0.8461538461538461 0.4675480769230769 0.30528846153846156 0.3485576923076923
10 0.38221153846153844 0.14182692307692307 0.27163461538461536 0.22355769230769232
10 0.375 0.3161057692307692 0.25 0.19951923076923078
10 0.5853365384615384 0.44350961538461536 0.25240384615384615 0.2620192307692308
10 0.33533653846153844 0.6057692307692307 0.26802884615384615 0.28725961538461536
0 0.7235576923076923 0.45072115384615385 0.2548076923076923 0.3401442307692308
0 0.5348557692307693 0.5625 0.3161057692307692 0.27403846153846156
0 0.5853365384615384 0.7211538461538461 0.33052884615384615 0.28846153846153844
15 0.6742788461538461 0.9098557692307693 0.1346153846153846 0.15625
15 0.12740384615384615 0.9110576923076923 0.16105769230769232 0.1778846153846154
13 0.8269230769230769 0.7704326923076923 0.3389423076923077 0.4182692307692308
13 0.15985576923076922 0.2692307692307692 0.28365384615384615 0.25841346153846156
5 0.13942307692307693 0.49038461538461536 0.27283653846153844 0.3004807692307692
5 0.25 0.7908653846153846 0.2956730769230769 0.32211538461538464
14 0.078125 0.7415865384615384 0.14423076923076922 0.17908653846153846
16 0.5120192307692307 0.8557692307692307 0.21995192307692307 0.25240384615384615