6 0.7860576923076923 0.24759615384615385 0.19951923076923078 0.3016826923076923
0 0.6658653846153846 0.5192307692307693 0.12740384615384615 0.24639423076923078
15 0.5733173076923077 0.7247596153846154 0.3004807692307692 0.22716346153846154
3 0.2956730769230769 0.7367788461538461 0.08774038461538461 0.20793269230769232
13 0.25600961538461536 0.2692307692307692 0.2439903846153846 0.22115384615384615
6 0.6201923076923077 0.24519230769230768 0.2091346153846154 0.3125
6 0.44591346153846156 0.2608173076923077 0.22355769230769232 0.2932692307692308
13 0.2704326923076923 0.4699519230769231 0.3641826923076923 0.3389423076923077
13 0.49278846153846156 0.4807692307692308 0.328125 0.30288461538461536
0 0.7584134615384616 0.5060096153846154 0.13221153846153846 0.24158653846153846
15 0.44591346153846156 0.6935096153846154 0.28846153846153844 0.2091346153846154
3 0.22115384615384615 0.7115384615384616 0.12860576923076922 0.21394230769230768