5 0.6610576923076923 0.8112980769230769 0.2932692307692308 0.3293269230769231
4 0.7836538461538461 0.6454326923076923 0.14302884615384615 0.21153846153846154
12 0.5324519230769231 0.7103365384615384 0.1201923076923077 0.25841346153846156
3 0.24759615384615385 0.8149038461538461 0.19471153846153846 0.16706730769230768
5 0.28125 0.6670673076923077 0.28966346153846156 0.3269230769230769
15 0.47596153846153844 0.5324519230769231 0.2536057692307692 0.3125
4 0.6322115384615384 0.5228365384615384 0.17908653846153846 0.2247596153846154
11 0.33413461538461536 0.4579326923076923 0.13701923076923078 0.16826923076923078
2 0.1814903846153846 0.4483173076923077 0.13701923076923078 0.17067307692307693
8 0.11658653846153846 0.35336538461538464 0.08533653846153846 0.10096153846153846
5 0.5901442307692307 0.27283653846153844 0.27163461538461536 0.3125