9 0.9086538461538461 0.8870192307692307 0.17908653846153846 0.19591346153846154
0 0.7908653846153846 0.8810096153846154 0.22956730769230768 0.23677884615384615
2 0.5108173076923077 0.8725961538461539 0.15745192307692307 0.16346153846153846
3 0.27524038461538464 0.8533653846153846 0.19110576923076922 0.1141826923076923
2 0.7908653846153846 0.6526442307692307 0.15745192307692307 0.12379807692307693
2 0.7451923076923077 0.5697115384615384 0.15985576923076922 0.1310096153846154
13 0.71875 0.31490384615384615 0.3088942307692308 0.3389423076923077
9 0.46274038461538464 0.2608173076923077 0.22115384615384615 0.17908653846153846
13 0.18870192307692307 0.22956730769230768 0.3701923076923077 0.3233173076923077
3 0.1778846153846154 0.4651442307692308 0.09615384615384616 0.203125
3 0.10096153846153846 0.4891826923076923 0.08173076923076923 0.19831730769230768
3 0.13221153846153846 0.6790865384615384 0.10096153846153846 0.20072115384615385
0 0.2127403846153846 0.6442307692307693 0.10817307692307693 0.16706730769230768
0 0.28125 0.6045673076923077 0.10697115384615384 0.2848557692307692
5 0.4963942307692308 0.5661057692307693 0.38221153846153844 0.5