13 0.3954326923076923 0.3161057692307692 0.2620192307692308 0.2980769230769231
7 0.6033653846153846 0.30288461538461536 0.17908653846153846 0.16466346153846154
7 0.7860576923076923 0.3329326923076923 0.09134615384615384 0.17908653846153846
1 0.5709134615384616 0.39663461538461536 0.12259615384615384 0.05048076923076923
3 0.5360576923076923 0.4375 0.19951923076923078 0.054086538461538464
3 0.3004807692307692 0.5120192307692307 0.19110576923076922 0.140625
12 0.3713942307692308 0.5985576923076923 0.30649038461538464 0.11778846153846154
12 0.3401442307692308 0.6875 0.31009615384615385 0.13581730769230768
12 0.6358173076923077 0.6334134615384616 0.30288461538461536 0.11177884615384616
15 0.6899038461538461 0.8389423076923077 0.3557692307692308 0.27403846153846156
3 0.7944711538461539 0.6538461538461539 0.05889423076923077 0.1814903846153846
10 0.8173076923076923 0.5036057692307693 0.16105769230769232 0.14543269230769232
3 0.6947115384615384 0.5180288461538461 0.10216346153846154 0.15625
3 0.6646634615384616 0.4495192307692308 0.12980769230769232 0.16105769230769232
10 0.5745192307692307 0.5661057692307693 0.14783653846153846 0.14423076923076922