10 0.2848557692307692 0.3485576923076923 0.19591346153846154 0.20072115384615385
10 0.4362980769230769 0.22235576923076922 0.19591346153846154 0.19591346153846154
13 0.7427884615384616 0.21634615384615385 0.33413461538461536 0.3545673076923077
7 0.5745192307692307 0.4230769230769231 0.3329326923076923 0.13341346153846154
7 0.5360576923076923 0.34375 0.3269230769230769 0.12379807692307693
16 0.7896634615384616 0.453125 0.2512019230769231 0.23076923076923078
2 0.6225961538461539 0.5276442307692307 0.1814903846153846 0.18028846153846154
2 0.5336538461538461 0.6310096153846154 0.17067307692307693 0.17908653846153846
2 0.6899038461538461 0.6418269230769231 0.1875 0.1875
12 0.84375 0.5528846153846154 0.21995192307692307 0.10697115384615384
12 0.8665865384615384 0.6045673076923077 0.22115384615384615 0.10576923076923077
1 0.8569711538461539 0.6778846153846154 0.22956730769230768 0.1502403846153846
13 0.3329326923076923 0.5540865384615384 0.3317307692307692 0.27524038461538464
10 0.21514423076923078 0.7115384615384616 0.20432692307692307 0.20072115384615385
6 0.5949519230769231 0.7596153846153846 0.3173076923076923 0.22355769230769232
6 0.4230769230769231 0.7824519230769231 0.3161057692307692 0.23557692307692307
16 0.8293269230769231 0.8353365384615384 0.23918269230769232 0.23317307692307693
1 0.4362980769230769 0.9098557692307693 0.23197115384615385 0.12139423076923077
1 0.2283653846153846 0.8810096153846154 0.2439903846153846 0.13341346153846154