5 0.7199519230769231 0.30288461538461536 0.390625 0.4326923076923077
5 0.7920673076923077 0.6189903846153846 0.390625 0.421875
0 0.5516826923076923 0.31971153846153844 0.18990384615384615 0.21875
2 0.6237980769230769 0.5024038461538461 0.171875 0.17668269230769232
2 0.4338942307692308 0.33413461538461536 0.17307692307692307 0.18990384615384615
0 0.48677884615384615 0.5 0.13701923076923078 0.23798076923076922
11 0.5516826923076923 0.5961538461538461 0.12379807692307693 0.1201923076923077
11 0.6033653846153846 0.6742788461538461 0.11177884615384616 0.13581730769230768
11 0.45552884615384615 0.6826923076923077 0.12860576923076922 0.11899038461538461
12 0.5096153846153846 0.7295673076923077 0.11538461538461539 0.13942307692307693
4 0.3269230769230769 0.2824519230769231 0.15745192307692307 0.20552884615384615
2 0.28125 0.4651442307692308 0.12379807692307693 0.16105769230769232
2 0.3798076923076923 0.5516826923076923 0.12379807692307693 0.16105769230769232
13 0.2247596153846154 0.7055288461538461 0.2824519230769231 0.328125
6 0.16706730769230768 0.4026442307692308 0.19831730769230768 0.3076923076923077