14 0.7139423076923077 0.39663461538461536 0.1201923076923077 0.3545673076923077
14 0.6189903846153846 0.31971153846153844 0.12259615384615384 0.35096153846153844
14 0.5625 0.7451923076923077 0.34375 0.1622596153846154
14 0.6033653846153846 0.7848557692307693 0.23798076923076922 0.1201923076923077
14 0.43990384615384615 0.5396634615384616 0.23798076923076922 0.08653846153846154
8 0.6129807692307693 0.5204326923076923 0.11658653846153846 0.07451923076923077
8 0.734375 0.6177884615384616 0.11057692307692307 0.11298076923076923
8 0.6286057692307693 0.6081730769230769 0.08052884615384616 0.12620192307692307
8 0.4579326923076923 0.6514423076923077 0.10336538461538461 0.13581730769230768
6 0.4375 0.3557692307692308 0.2980769230769231 0.25240384615384615
6 0.2764423076923077 0.31850961538461536 0.30288461538461536 0.2247596153846154
6 0.3088942307692308 0.6838942307692307 0.28846153846153844 0.28846153846153844