13 0.7752403846153846 0.25240384615384615 0.25 0.3016826923076923
5 0.4699519230769231 0.2860576923076923 0.4495192307692308 0.4375
13 0.21514423076923078 0.42908653846153844 0.29447115384615385 0.3293269230769231
16 0.7668269230769231 0.4579326923076923 0.29447115384615385 0.18509615384615385
16 0.5 0.5348557692307693 0.29447115384615385 0.22115384615384615
16 0.6370192307692307 0.640625 0.30528846153846156 0.22115384615384615
13 0.8557692307692307 0.6814903846153846 0.28846153846153844 0.3485576923076923
13 0.5769230769230769 0.8040865384615384 0.28725961538461536 0.23317307692307693
0 0.3581730769230769 0.6514423076923077 0.13581730769230768 0.23677884615384615
10 0.2644230769230769 0.65625 0.14423076923076922 0.171875
13 0.3016826923076923 0.8413461538461539 0.28966346153846156 0.23918269230769232