6 0.6057692307692307 0.21514423076923078 0.3954326923076923 0.3581730769230769
6 0.3581730769230769 0.2512019230769231 0.3173076923076923 0.3641826923076923
6 0.2932692307692308 0.38221153846153844 0.3798076923076923 0.3401442307692308
16 0.6490384615384616 0.3870192307692308 0.125 0.11298076923076923
5 0.5060096153846154 0.5240384615384616 0.3076923076923077 0.27403846153846156
10 0.7199519230769231 0.4795673076923077 0.1658653846153846 0.18870192307692307
10 0.6286057692307693 0.6418269230769231 0.1875 0.16706730769230768
5 0.8413461538461539 0.6634615384615384 0.3161057692307692 0.3088942307692308
16 0.6646634615384616 0.7451923076923077 0.1045673076923077 0.109375
16 0.5841346153846154 0.7788461538461539 0.11538461538461539 0.11899038461538461
14 0.49399038461538464 0.7355769230769231 0.09495192307692307 0.23677884615384615
10 0.38221153846153844 0.7608173076923077 0.1814903846153846 0.19831730769230768
4 0.25841346153846156 0.6153846153846154 0.15985576923076922 0.17668269230769232