10 0.33533653846153844 0.38341346153846156 0.18990384615384615 0.18509615384615385
10 0.47836538461538464 0.25721153846153844 0.18629807692307693 0.1814903846153846
10 0.6334134615384616 0.1310096153846154 0.18389423076923078 0.19471153846153846
4 0.7896634615384616 0.2512019230769231 0.19110576923076922 0.23677884615384615
4 0.6069711538461539 0.390625 0.23317307692307693 0.25600961538461536
4 0.41225961538461536 0.5228365384615384 0.25 0.22956730769230768
8 0.7824519230769231 0.4050480769230769 0.08173076923076923 0.1141826923076923
8 0.8978365384615384 0.5420673076923077 0.08173076923076923 0.11658653846153846
8 0.8052884615384616 0.5480769230769231 0.10096153846153846 0.10216346153846154
2 0.6105769230769231 0.5805288461538461 0.07451923076923077 0.11057692307692307
2 0.5372596153846154 0.6370192307692307 0.08173076923076923 0.12259615384615384
2 0.4543269230769231 0.6442307692307693 0.08774038461538461 0.1141826923076923
16 0.39663461538461536 0.7620192307692307 0.23677884615384615 0.2091346153846154
11 0.5733173076923077 0.8052884615384616 0.08052884615384616 0.12620192307692307
11 0.6670673076923077 0.75 0.08413461538461539 0.1346153846153846
11 0.6899038461538461 0.609375 0.09615384615384616 0.15384615384615385
11 0.8112980769230769 0.6923076923076923 0.15504807692307693 0.09975961538461539
11 0.7620192307692307 0.8185096153846154 0.18990384615384615 0.13942307692307693