7 0.5552884615384616 0.5024038461538461 0.30288461538461536 0.09735576923076923
7 0.5757211538461539 0.5877403846153846 0.30408653846153844 0.09735576923076923
7 0.5673076923076923 0.6658653846153846 0.3004807692307692 0.11538461538461539
9 0.8569711538461539 0.5492788461538461 0.09735576923076923 0.2127403846153846
9 0.7668269230769231 0.5396634615384616 0.10096153846153846 0.21033653846153846
13 0.8064903846153846 0.2860576923076923 0.24158653846153846 0.3233173076923077
15 0.859375 0.7283653846153846 0.109375 0.16826923076923078
15 0.8293269230769231 0.7415865384615384 0.10576923076923077 0.16346153846153846
8 0.4675480769230769 0.8245192307692307 0.1141826923076923 0.12259615384615384
8 0.5408653846153846 0.8653846153846154 0.11658653846153846 0.11177884615384616
8 0.6286057692307693 0.8257211538461539 0.1141826923076923 0.1045673076923077
13 0.3161057692307692 0.6286057692307693 0.2608173076923077 0.33413461538461536
2 0.5612980769230769 0.7596153846153846 0.15504807692307693 0.09975961538461539
4 0.7211538461538461 0.7403846153846154 0.20793269230769232 0.19471153846153846
13 0.31971153846153844 0.33653846153846156 0.2824519230769231 0.28846153846153844
13 0.4699519230769231 0.29927884615384615 0.21995192307692307 0.3161057692307692
13 0.6069711538461539 0.27524038461538464 0.22355769230769232 0.29447115384615385