13 0.23677884615384615 0.28365384615384615 0.30408653846153844 0.32091346153846156
13 0.41346153846153844 0.22596153846153846 0.24759615384615385 0.30649038461538464
13 0.5877403846153846 0.23557692307692307 0.23798076923076922 0.2764423076923077
5 0.8413461538461539 0.24759615384615385 0.2692307692307692 0.3894230769230769
5 0.8137019230769231 0.41466346153846156 0.30649038461538464 0.39302884615384615
5 0.8197115384615384 0.5829326923076923 0.3605769230769231 0.43509615384615385
13 0.5829326923076923 0.47475961538461536 0.27163461538461536 0.34134615384615385
13 0.390625 0.49399038461538464 0.26802884615384615 0.31850961538461536
16 0.25721153846153844 0.5576923076923077 0.17908653846153846 0.25600961538461536
16 0.1201923076923077 0.546875 0.16346153846153846 0.25961538461538464
10 0.6358173076923077 0.6935096153846154 0.20793269230769232 0.20793269230769232
10 0.44350961538461536 0.7043269230769231 0.203125 0.20673076923076922
4 0.2668269230769231 0.7319711538461539 0.2283653846153846 0.140625
4 0.09735576923076923 0.734375 0.14783653846153846 0.13822115384615385
1 0.8774038461538461 0.828125 0.06490384615384616 0.17307692307692307
1 0.7872596153846154 0.7992788461538461 0.1502403846153846 0.12740384615384615
3 0.7223557692307693 0.8377403846153846 0.19591346153846154 0.15625
16 0.5192307692307693 0.8317307692307693 0.2548076923076923 0.15504807692307693
4 0.31009615384615385 0.8605769230769231 0.20432692307692307 0.16466346153846154
4 0.13701923076923078 0.8557692307692307 0.21875 0.1201923076923077