16 0.8665865384615384 0.6129807692307693 0.23918269230769232 0.20432692307692307
10 0.6778846153846154 0.33653846153846156 0.2091346153846154 0.17307692307692307
4 0.4362980769230769 0.25961538461538464 0.2608173076923077 0.2403846153846154
4 0.5817307692307693 0.46875 0.24278846153846154 0.19110576923076922
16 0.36538461538461536 0.6658653846153846 0.1201923076923077 0.11298076923076923
12 0.18389423076923078 0.29086538461538464 0.1778846153846154 0.07932692307692307
12 0.234375 0.3473557692307692 0.1778846153846154 0.07451923076923077
12 0.22115384615384615 0.41225961538461536 0.17668269230769232 0.06370192307692307
10 0.1875 0.5252403846153846 0.23197115384615385 0.1971153846153846
16 0.16105769230769232 0.8040865384615384 0.20432692307692307 0.23557692307692307
4 0.3942307692307692 0.48677884615384615 0.20072115384615385 0.24278846153846154