16 0.11899038461538461 0.18028846153846154 0.18028846153846154 0.28846153846153844
16 0.8269230769230769 0.24519230769230768 0.27403846153846156 0.3004807692307692
16 0.609375 0.43509615384615385 0.15144230769230768 0.27524038461538464
4 0.6838942307692307 0.11177884615384616 0.2403846153846154 0.21394230769230768
0 0.6069711538461539 0.21875 0.1141826923076923 0.16947115384615385
16 0.5252403846153846 0.24278846153846154 0.10096153846153846 0.11057692307692307
4 0.31490384615384615 0.23798076923076922 0.24759615384615385 0.18509615384615385
16 0.4651442307692308 0.3918269230769231 0.14903846153846154 0.2247596153846154
13 0.27524038461538464 0.44471153846153844 0.23677884615384615 0.30528846153846156
4 0.13341346153846154 0.4543269230769231 0.12860576923076922 0.21514423076923078
16 0.4795673076923077 0.6069711538461539 0.24759615384615385 0.2091346153846154
4 0.7367788461538461 0.6754807692307693 0.18870192307692307 0.23918269230769232
12 0.9026442307692307 0.6045673076923077 0.18269230769230768 0.2860576923076923
4 0.18870192307692307 0.6802884615384616 0.18269230769230768 0.234375
10 0.3701923076923077 0.7560096153846154 0.29086538461538464 0.2800480769230769
10 0.5745192307692307 0.8064903846153846 0.2668269230769231 0.23677884615384615
4 0.8581730769230769 0.8725961538461539 0.2439903846153846 0.22355769230769232