5 0.21995192307692307 0.2644230769230769 0.3954326923076923 0.4735576923076923
5 0.7091346153846154 0.7367788461538461 0.44471153846153844 0.36538461538461536
2 0.4326923076923077 0.35336538461538464 0.12740384615384615 0.16346153846153846
2 0.7067307692307693 0.31971153846153844 0.14423076923076922 0.1622596153846154
5 0.5637019230769231 0.39783653846153844 0.1814903846153846 0.2800480769230769
5 0.8689903846153846 0.3173076923076923 0.23918269230769232 0.3004807692307692
4 0.71875 0.5168269230769231 0.23076923076923078 0.17908653846153846
4 0.31490384615384615 0.5612980769230769 0.21634615384615385 0.12259615384615384
4 0.4795673076923077 0.5540865384615384 0.11658653846153846 0.125
4 0.3629807692307692 0.7115384615384616 0.1622596153846154 0.15384615384615385
4 0.14302884615384615 0.5745192307692307 0.11899038461538461 0.14302884615384615
12 0.31850961538461536 0.671875 0.11778846153846154 0.13942307692307693
2 0.12259615384615384 0.7536057692307693 0.16105769230769232 0.109375
12 0.4495192307692308 0.8473557692307693 0.0829326923076923 0.30528846153846156
12 0.9182692307692307 0.7932692307692307 0.10336538461538461 0.31850961538461536
2 0.18870192307692307 0.859375 0.12620192307692307 0.14423076923076922
2 0.75 0.2439903846153846 0.12860576923076922 0.13341346153846154
12 0.14182692307692307 0.6730769230769231 0.28125 0.11538461538461539
9 0.28846153846153844 0.8653846153846154 0.1814903846153846 0.19591346153846154