16 0.6418269230769231 0.28846153846153844 0.24158653846153846 0.18990384615384615
16 0.35336538461538464 0.39903846153846156 0.16947115384615385 0.23317307692307693
7 0.27884615384615385 0.5805288461538461 0.2127403846153846 0.3112980769230769
7 0.453125 0.5420673076923077 0.19831730769230768 0.3173076923076923
7 0.5408653846153846 0.5685096153846154 0.2091346153846154 0.3076923076923077
8 0.6983173076923077 0.6742788461538461 0.0733173076923077 0.109375
2 0.6129807692307693 0.7524038461538461 0.15865384615384615 0.17067307692307693
2 0.5685096153846154 0.6754807692307693 0.1622596153846154 0.17307692307692307
2 0.4483173076923077 0.7475961538461539 0.16466346153846154 0.14783653846153846
3 0.5012019230769231 0.8377403846153846 0.2127403846153846 0.06129807692307692
8 0.3605769230769231 0.7980769230769231 0.056490384615384616 0.11658653846153846
15 0.171875 0.5721153846153846 0.25721153846153844 0.3449519230769231
8 0.25961538461538464 0.8329326923076923 0.06370192307692307 0.1201923076923077
3 0.125 0.8161057692307693 0.1814903846153846 0.1658653846153846