11 0.08413461538461539 0.44471153846153844 0.1201923076923077 0.15745192307692307
14 0.18389423076923078 0.39302884615384615 0.0985576923076923 0.35336538461538464
16 0.32091346153846156 0.2920673076923077 0.20673076923076922 0.15504807692307693
14 0.25961538461538464 0.47716346153846156 0.10817307692307693 0.22596153846153846
16 0.43149038461538464 0.5096153846153846 0.22596153846153846 0.20673076923076922
11 0.15865384615384615 0.7043269230769231 0.14783653846153846 0.16826923076923078
16 0.30408653846153844 0.7103365384615384 0.171875 0.2127403846153846
14 0.5444711538461539 0.2247596153846154 0.15264423076923078 0.35096153846153844
14 0.5324519230769231 0.39783653846153844 0.22716346153846154 0.31971153846153844
5 0.7620192307692307 0.43149038461538464 0.39903846153846156 0.41225961538461536
9 0.5745192307692307 0.6346153846153846 0.19591346153846154 0.15504807692307693
14 0.5985576923076923 0.7944711538461539 0.12259615384615384 0.22716346153846154
5 0.8016826923076923 0.8161057692307693 0.25240384615384615 0.35697115384615385