10 0.45913461538461536 0.15865384615384615 0.30528846153846156 0.3088942307692308
12 0.1814903846153846 0.30649038461538464 0.13581730769230768 0.31971153846153844
14 0.24759615384615385 0.3269230769230769 0.17427884615384615 0.19831730769230768
16 0.5480769230769231 0.3161057692307692 0.23317307692307693 0.1658653846153846
2 0.5168269230769231 0.4807692307692308 0.1658653846153846 0.1502403846153846
10 0.3798076923076923 0.4519230769230769 0.296875 0.31009615384615385
16 0.1778846153846154 0.5685096153846154 0.25600961538461536 0.1814903846153846
16 0.3954326923076923 0.6346153846153846 0.11177884615384616 0.08413461538461539
16 0.3641826923076923 0.7103365384615384 0.109375 0.0889423076923077
16 0.5588942307692307 0.6971153846153846 0.11538461538461539 0.10697115384615384
14 0.5420673076923077 0.5841346153846154 0.18028846153846154 0.13822115384615385
12 0.7908653846153846 0.6177884615384616 0.2920673076923077 0.16466346153846154
16 0.8629807692307693 0.7932692307692307 0.2704326923076923 0.2439903846153846
16 0.546875 0.8425480769230769 0.24158653846153846 0.18870192307692307
9 0.21514423076923078 0.7403846153846154 0.21875 0.21634615384615385
14 0.25240384615384615 0.8737980769230769 0.21394230769230768 0.15144230769230768