9 0.4362980769230769 0.29086538461538464 0.19471153846153846 0.21033653846153846
2 0.5600961538461539 0.3713942307692308 0.15384615384615385 0.1045673076923077
15 0.7127403846153846 0.3233173076923077 0.1310096153846154 0.08653846153846154
9 0.6574519230769231 0.453125 0.23076923076923078 0.18028846153846154
2 0.390625 0.47836538461538464 0.15384615384615385 0.16346153846153846
9 0.5024038461538461 0.5757211538461539 0.21875 0.14182692307692307
8 0.7487980769230769 0.5420673076923077 0.09615384615384616 0.07572115384615384
8 0.6899038461538461 0.5817307692307693 0.08533653846153846 0.08173076923076923
1 0.6622596153846154 0.6298076923076923 0.14182692307692307 0.07451923076923077
9 0.4026442307692308 0.6358173076923077 0.17908653846153846 0.15745192307692307
3 0.4579326923076923 0.7115384615384616 0.20432692307692307 0.12620192307692307
14 0.59375 0.7764423076923077 0.16466346153846154 0.203125
1 0.7872596153846154 0.6634615384615384 0.08533653846153846 0.15264423076923078