5 0.49278846153846156 0.28725961538461536 0.4362980769230769 0.3605769230769231
5 0.20192307692307693 0.5348557692307693 0.3233173076923077 0.43028846153846156
10 0.23557692307692307 0.8149038461538461 0.27403846153846156 0.28365384615384615
2 0.7560096153846154 0.35336538461538464 0.19230769230769232 0.16947115384615385
2 0.5192307692307693 0.4651442307692308 0.0985576923076923 0.1141826923076923
7 0.4170673076923077 0.5432692307692307 0.16105769230769232 0.10697115384615384
7 0.6310096153846154 0.4987980769230769 0.14543269230769232 0.15745192307692307
4 0.7620192307692307 0.49038461538461536 0.1875 0.171875
11 0.5564903846153846 0.5817307692307693 0.1141826923076923 0.15745192307692307
11 0.47836538461538464 0.671875 0.15745192307692307 0.15985576923076922
2 0.7271634615384616 0.5793269230769231 0.1141826923076923 0.12139423076923077
4 0.8617788461538461 0.6201923076923077 0.140625 0.17307692307692307
11 0.6442307692307693 0.6454326923076923 0.11899038461538461 0.12740384615384615
4 0.7367788461538461 0.6935096153846154 0.18389423076923078 0.16346153846153846
11 0.40625 0.7848557692307693 0.14423076923076922 0.10096153846153846
11 0.578125 0.7788461538461539 0.14903846153846154 0.10216346153846154
11 0.5060096153846154 0.8641826923076923 0.11899038461538461 0.08052884615384616
8 0.7139423076923077 0.7896634615384616 0.11177884615384616 0.06971153846153846
8 0.7379807692307693 0.8293269230769231 0.11057692307692307 0.09014423076923077