5 0.27403846153846156 0.3557692307692308 0.3786057692307692 0.49158653846153844
5 0.6310096153846154 0.27524038461538464 0.4170673076923077 0.35697115384615385
12 0.8052884615384616 0.2608173076923077 0.31009615384615385 0.16947115384615385
12 0.7451923076923077 0.5132211538461539 0.11298076923076923 0.32091346153846156
12 0.8701923076923077 0.4651442307692308 0.09254807692307693 0.31850961538461536
0 0.6322115384615384 0.5540865384615384 0.17427884615384615 0.23677884615384615
14 0.4495192307692308 0.5889423076923077 0.1141826923076923 0.2512019230769231
14 0.515625 0.5997596153846154 0.12860576923076922 0.23677884615384615
14 0.5817307692307693 0.609375 0.1502403846153846 0.23798076923076922
4 0.22956730769230768 0.7319711538461539 0.17067307692307693 0.2439903846153846
15 0.3954326923076923 0.7512019230769231 0.1935096153846154 0.24519230769230768
15 0.5949519230769231 0.8088942307692307 0.29927884615384615 0.234375
15 0.7560096153846154 0.84375 0.33052884615384615 0.24519230769230768