1 0.9122596153846154 0.6646634615384616 0.14423076923076922 0.109375
5 0.7800480769230769 0.7692307692307693 0.203125 0.28846153846153844
5 0.8677884615384616 0.5072115384615384 0.25961538461538464 0.328125
0 0.6382211538461539 0.7331730769230769 0.33774038461538464 0.20793269230769232
0 0.7788461538461539 0.42908653846153844 0.23557692307692307 0.328125
11 0.5997596153846154 0.6201923076923077 0.15504807692307693 0.109375
14 0.3605769230769231 0.8774038461538461 0.18990384615384615 0.1875
14 0.4651442307692308 0.6947115384615384 0.18990384615384615 0.13341346153846154
14 0.3870192307692308 0.6141826923076923 0.1141826923076923 0.17668269230769232
0 0.5372596153846154 0.49399038461538464 0.3485576923076923 0.171875
1 0.3269230769230769 0.6514423076923077 0.07932692307692307 0.18389423076923078
14 0.09735576923076923 0.7944711538461539 0.18990384615384615 0.2920673076923077
11 0.33413461538461536 0.5048076923076923 0.1658653846153846 0.13341346153846154
1 0.43990384615384615 0.39783653846153844 0.24519230769230768 0.21875
14 0.5925480769230769 0.28846153846153844 0.2439903846153846 0.2704326923076923
1 0.4951923076923077 0.14903846153846154 0.25 0.23557692307692307
5 0.14543269230769232 0.48197115384615385 0.2860576923076923 0.22355769230769232
6 0.1201923076923077 0.24158653846153846 0.23557692307692307 0.3125