3 0.6286057692307693 0.890625 0.19591346153846154 0.14783653846153846
3 0.5925480769230769 0.8617788461538461 0.18870192307692307 0.15144230769230768
3 0.40625 0.9170673076923077 0.18509615384615385 0.078125
3 0.6009615384615384 0.7992788461538461 0.16947115384615385 0.14423076923076922
7 0.7103365384615384 0.6033653846153846 0.19831730769230768 0.12259615384615384
13 0.8040865384615384 0.6983173076923077 0.36538461538461536 0.35096153846153844
3 0.49158653846153844 0.8040865384615384 0.08173076923076923 0.2091346153846154
3 0.5456730769230769 0.7091346153846154 0.07572115384615384 0.17668269230769232
13 0.8377403846153846 0.22235576923076922 0.3125 0.359375
1 0.4543269230769231 0.7295673076923077 0.06971153846153846 0.13822115384615385
1 0.39302884615384615 0.7728365384615384 0.06129807692307692 0.13701923076923078
1 0.3269230769230769 0.7740384615384616 0.09014423076923077 0.12980769230769232
1 0.2824519230769231 0.8401442307692307 0.12379807692307693 0.14543269230769232
1 0.16706730769230768 0.8233173076923077 0.13822115384615385 0.1466346153846154
1 0.21033653846153846 0.7307692307692307 0.13822115384615385 0.1502403846153846
13 0.31009615384615385 0.5673076923076923 0.2980769230769231 0.3629807692307692
13 0.49158653846153844 0.5036057692307693 0.2439903846153846 0.296875
6 0.6646634615384616 0.42788461538461536 0.2824519230769231 0.3293269230769231
13 0.2668269230769231 0.32091346153846156 0.28725961538461536 0.3329326923076923
5 0.5564903846153846 0.23317307692307693 0.45072115384615385 0.3858173076923077