16 0.21514423076923078 0.25 0.2439903846153846 0.2800480769230769
2 0.109375 0.45072115384615385 0.12259615384615384 0.20552884615384615
2 0.25 0.5612980769230769 0.14543269230769232 0.19471153846153846
16 0.25240384615384615 0.7836538461538461 0.24759615384615385 0.17067307692307693
11 0.3473557692307692 0.5 0.1141826923076923 0.21153846153846154
11 0.44711538461538464 0.3629807692307692 0.15745192307692307 0.17908653846153846
11 0.49038461538461536 0.2920673076923077 0.14783653846153846 0.19471153846153846
2 0.44471153846153844 0.5769230769230769 0.12740384615384615 0.20192307692307693
11 0.46274038461538464 0.8149038461538461 0.14182692307692307 0.18629807692307693
11 0.6033653846153846 0.8677884615384616 0.171875 0.18389423076923078
11 0.5360576923076923 0.5024038461538461 0.09375 0.2091346153846154
16 0.5192307692307693 0.6430288461538461 0.12259615384615384 0.1141826923076923
16 0.6454326923076923 0.31971153846153844 0.2247596153846154 0.2848557692307692
16 0.7956730769230769 0.31490384615384615 0.21875 0.27283653846153844
14 0.7860576923076923 0.48197115384615385 0.16346153846153846 0.18028846153846154
2 0.6141826923076923 0.5913461538461539 0.1045673076923077 0.19831730769230768
14 0.7079326923076923 0.6430288461538461 0.125 0.19471153846153846
16 0.7283653846153846 0.7067307692307693 0.09254807692307693 0.12139423076923077
14 0.6298076923076923 0.7115384615384616 0.11778846153846154 0.17908653846153846