16 0.4651442307692308 0.6057692307692307 0.3088942307692308 0.2127403846153846
16 0.7860576923076923 0.4579326923076923 0.2920673076923077 0.17908653846153846
16 0.5228365384615384 0.7632211538461539 0.31971153846153844 0.24879807692307693
12 0.08052884615384616 0.3557692307692308 0.10817307692307693 0.3125
4 0.2536057692307692 0.20673076923076922 0.14182692307692307 0.23076923076923078
4 0.3737980769230769 0.35216346153846156 0.14302884615384615 0.23197115384615385
16 0.20432692307692307 0.3713942307692308 0.23918269230769232 0.16706730769230768
16 0.1045673076923077 0.7572115384615384 0.11778846153846154 0.08653846153846154
16 0.38341346153846156 0.9254807692307693 0.10697115384615384 0.09014423076923077
10 0.20192307692307693 0.6646634615384616 0.24519230769230768 0.20793269230769232
10 0.3016826923076923 0.8305288461538461 0.2692307692307692 0.25
10 0.5997596153846154 0.8762019230769231 0.27403846153846156 0.24278846153846154
4 0.8461538461538461 0.7956730769230769 0.2608173076923077 0.2548076923076923
16 0.7127403846153846 0.6286057692307693 0.16826923076923078 0.20552884615384615
10 0.41466346153846156 0.14182692307692307 0.22355769230769232 0.25600961538461536
10 0.8040865384615384 0.14302884615384615 0.28125 0.28365384615384615
16 0.671875 0.22235576923076922 0.2620192307692308 0.25600961538461536
16 0.5492788461538461 0.36538461538461536 0.24879807692307693 0.20192307692307693
16 0.22956730769230768 0.515625 0.25 0.17668269230769232