10 0.9182692307692307 0.4110576923076923 0.16346153846153846 0.15985576923076922
16 0.7175480769230769 0.4326923076923077 0.21634615384615385 0.22956730769230768
7 0.5793269230769231 0.328125 0.10096153846153846 0.30288461538461536
16 0.43509615384615385 0.24759615384615385 0.2776442307692308 0.30649038461538464
16 0.19591346153846154 0.22596153846153846 0.3245192307692308 0.2439903846153846
2 0.20793269230769232 0.44471153846153844 0.14423076923076922 0.1346153846153846
2 0.07211538461538461 0.4362980769230769 0.14302884615384615 0.12980769230769232
7 0.6454326923076923 0.5552884615384616 0.30528846153846156 0.19831730769230768
6 0.8461538461538461 0.5985576923076923 0.19831730769230768 0.3016826923076923
6 0.5240384615384616 0.5889423076923077 0.3269230769230769 0.30528846153846156
6 0.8185096153846154 0.8076923076923077 0.3389423076923077 0.2403846153846154
16 0.46033653846153844 0.7391826923076923 0.3076923076923077 0.28125
11 0.1971153846153846 0.5985576923076923 0.09375 0.18389423076923078
16 0.109375 0.6105769230769231 0.1141826923076923 0.12259615384615384
8 0.20432692307692307 0.8185096153846154 0.11538461538461539 0.11538461538461539
7 0.2824519230769231 0.6754807692307693 0.109375 0.3076923076923077