9 0.5372596153846154 0.33774038461538464 0.2800480769230769 0.3641826923076923
9 0.28846153846153844 0.36177884615384615 0.3004807692307692 0.3858173076923077
14 0.8521634615384616 0.2620192307692308 0.18028846153846154 0.21754807692307693
14 0.6947115384615384 0.2800480769230769 0.16826923076923078 0.21875
14 0.7764423076923077 0.4110576923076923 0.23677884615384615 0.20552884615384615
14 0.7295673076923077 0.5432692307692307 0.17548076923076922 0.11298076923076923
0 0.4338942307692308 0.5576923076923077 0.2848557692307692 0.11658653846153846
0 0.42908653846153844 0.6225961538461539 0.2776442307692308 0.14903846153846154
1 0.2127403846153846 0.6959134615384616 0.24879807692307693 0.18269230769230768
14 0.4098557692307692 0.7728365384615384 0.13341346153846154 0.19110576923076922
7 0.5564903846153846 0.7560096153846154 0.09495192307692307 0.19471153846153846
7 0.7740384615384616 0.71875 0.09375 0.18990384615384615
7 0.6334134615384616 0.7199519230769231 0.11057692307692307 0.19831730769230768