4 0.13581730769230768 0.4050480769230769 0.17307692307692307 0.2439903846153846
13 0.3762019230769231 0.24158653846153846 0.328125 0.30649038461538464
7 0.13581730769230768 0.5985576923076923 0.1141826923076923 0.1658653846153846
2 0.25 0.5949519230769231 0.12259615384615384 0.1622596153846154
2 0.34975961538461536 0.5576923076923077 0.0985576923076923 0.15625
13 0.6730769230769231 0.25 0.3004807692307692 0.22956730769230768
13 0.7019230769230769 0.41586538461538464 0.3233173076923077 0.25721153846153844
14 0.14302884615384615 0.7223557692307693 0.17908653846153846 0.11298076923076923
10 0.125 0.8641826923076923 0.24879807692307693 0.2127403846153846
1 0.2860576923076923 0.7091346153846154 0.12980769230769232 0.15264423076923078
14 0.3401442307692308 0.8293269230769231 0.12259615384615384 0.18269230769230768
7 0.43509615384615385 0.8810096153846154 0.16826923076923078 0.125
0 0.4411057692307692 0.6442307692307693 0.109375 0.36177884615384615
0 0.5540865384615384 0.6286057692307693 0.10576923076923077 0.3629807692307692
14 0.6838942307692307 0.65625 0.18870192307692307 0.19230769230769232
1 0.625 0.7752403846153846 0.12620192307692307 0.14543269230769232
4 0.7740384615384616 0.7776442307692307 0.24519230769230768 0.2247596153846154
4 0.7956730769230769 0.6045673076923077 0.21875 0.16706730769230768