12 0.20793269230769232 0.20552884615384615 0.2800480769230769 0.2644230769230769
13 0.5805288461538461 0.1622596153846154 0.3004807692307692 0.2620192307692308
13 0.828125 0.421875 0.27163461538461536 0.30649038461538464
11 0.6610576923076923 0.3389423076923077 0.171875 0.14302884615384615
7 0.5276442307692307 0.35216346153846156 0.12379807692307693 0.16947115384615385
6 0.24759615384615385 0.40384615384615385 0.33533653846153844 0.3269230769230769
7 0.40024038461538464 0.5408653846153846 0.17427884615384615 0.15985576923076922
4 0.1658653846153846 0.6646634615384616 0.1935096153846154 0.23677884615384615
7 0.26802884615384615 0.6526442307692307 0.10817307692307693 0.17908653846153846
13 0.453125 0.7620192307692307 0.24879807692307693 0.3076923076923077
11 0.5805288461538461 0.53125 0.12980769230769232 0.13581730769230768
4 0.6646634615384616 0.6935096153846154 0.15865384615384615 0.234375
4 0.7512019230769231 0.8665865384615384 0.2536057692307692 0.21995192307692307