13 0.27283653846153844 0.36177884615384615 0.27524038461538464 0.34615384615384615
13 0.5096153846153846 0.2620192307692308 0.3401442307692308 0.3581730769230769
13 0.6646634615384616 0.39903846153846156 0.3485576923076923 0.3233173076923077
9 0.828125 0.2956730769230769 0.17427884615384615 0.2283653846153846
9 0.31490384615384615 0.6153846153846154 0.21875 0.14423076923076922
0 0.5612980769230769 0.5961538461538461 0.28966346153846156 0.09014423076923077
8 0.6790865384615384 0.6033653846153846 0.11298076923076923 0.10817307692307693
8 0.7716346153846154 0.5805288461538461 0.12139423076923077 0.12620192307692307
8 0.33774038461538464 0.7872596153846154 0.140625 0.1141826923076923
8 0.34615384615384615 0.8557692307692307 0.14543269230769232 0.11538461538461539
14 0.5444711538461539 0.6935096153846154 0.13221153846153846 0.171875
14 0.7920673076923077 0.8701923076923077 0.19951923076923078 0.18389423076923078
16 0.6862980769230769 0.7427884615384616 0.11899038461538461 0.09134615384615384
16 0.8016826923076923 0.7752403846153846 0.13221153846153846 0.13221153846153846
16 0.8521634615384616 0.7247596153846154 0.13221153846153846 0.1310096153846154
12 0.6502403846153846 0.8209134615384616 0.21754807692307693 0.09014423076923077
12 0.5925480769230769 0.8834134615384616 0.21514423076923078 0.08774038461538461
9 0.31850961538461536 0.7115384615384616 0.23197115384615385 0.16466346153846154