6 0.47596153846153844 0.25240384615384615 0.359375 0.2644230769230769
6 0.734375 0.3137019230769231 0.3088942307692308 0.3473557692307692
4 0.4735576923076923 0.38341346153846156 0.16346153846153846 0.18509615384615385
4 0.34134615384615385 0.48677884615384615 0.13581730769230768 0.14182692307692307
14 0.6081730769230769 0.4483173076923077 0.20793269230769232 0.14543269230769232
14 0.5733173076923077 0.5 0.20673076923076922 0.14423076923076922
14 0.5072115384615384 0.5432692307692307 0.19951923076923078 0.1466346153846154
11 0.40625 0.5865384615384616 0.09975961538461539 0.12379807692307693
1 0.33413461538461536 0.6430288461538461 0.23798076923076922 0.22235576923076922
11 0.2920673076923077 0.7427884615384616 0.18509615384615385 0.14423076923076922
11 0.4375 0.8064903846153846 0.12620192307692307 0.08774038461538461
1 0.5264423076923077 0.6983173076923077 0.18629807692307693 0.22596153846153846
10 0.8533653846153846 0.5444711538461539 0.2512019230769231 0.2704326923076923
11 0.71875 0.6526442307692307 0.17067307692307693 0.16947115384615385
11 0.6442307692307693 0.6790865384615384 0.1622596153846154 0.17307692307692307
11 0.6129807692307693 0.8209134615384616 0.125 0.08653846153846154
8 0.7680288461538461 0.7920673076923077 0.1141826923076923 0.0889423076923077
8 0.6983173076923077 0.8689903846153846 0.1141826923076923 0.09495192307692307