1 0.8209134615384616 0.7475961538461539 0.10096153846153846 0.17548076923076922
3 0.8762019230769231 0.5432692307692307 0.19591346153846154 0.12259615384615384
9 0.6310096153846154 0.7235576923076923 0.12139423076923077 0.1814903846153846
3 0.703125 0.5300480769230769 0.10216346153846154 0.19471153846153846
16 0.8209134615384616 0.2860576923076923 0.16346153846153846 0.19591346153846154
16 0.6550480769230769 0.2920673076923077 0.1502403846153846 0.1971153846153846
1 0.5 0.8653846153846154 0.15625 0.12980769230769232
3 0.5204326923076923 0.7956730769230769 0.18990384615384615 0.14783653846153846
12 0.19230769230769232 0.8774038461538461 0.2548076923076923 0.16947115384615385
1 0.3473557692307692 0.6862980769230769 0.140625 0.07932692307692307
9 0.25 0.7560096153846154 0.16947115384615385 0.1971153846153846
6 0.4735576923076923 0.546875 0.33774038461538464 0.39783653846153844
16 0.4651442307692308 0.2512019230769231 0.15264423076923078 0.20552884615384615
11 0.13581730769230768 0.6995192307692307 0.125 0.0733173076923077
4 0.13942307692307693 0.5949519230769231 0.22956730769230768 0.1346153846153846
6 0.20552884615384615 0.34975961538461536 0.32572115384615385 0.39783653846153844