0 0.5625 0.7848557692307693 0.17548076923076922 0.14182692307692307
14 0.7127403846153846 0.8353365384615384 0.18629807692307693 0.15745192307692307
14 0.7487980769230769 0.7211538461538461 0.18028846153846154 0.12620192307692307
7 0.7944711538461539 0.6358173076923077 0.25240384615384615 0.10096153846153846
7 0.7043269230769231 0.4795673076923077 0.20793269230769232 0.22355769230769232
6 0.8365384615384616 0.23317307692307693 0.24639423076923078 0.29927884615384615
5 0.5997596153846154 0.3125 0.4963942307692308 0.47475961538461536
5 0.2403846153846154 0.3473557692307692 0.47836538461538464 0.5036057692307693
9 0.5576923076923077 0.5552884615384616 0.14903846153846154 0.18990384615384615
9 0.31490384615384615 0.5757211538461539 0.1310096153846154 0.18990384615384615
9 0.4206730769230769 0.5841346153846154 0.15384615384615385 0.19230769230769232
12 0.46153846153846156 0.7944711538461539 0.10336538461538461 0.16947115384615385
12 0.5120192307692307 0.6766826923076923 0.17067307692307693 0.07692307692307693
12 0.3870192307692308 0.7103365384615384 0.14543269230769232 0.14182692307692307
7 0.8137019230769231 0.47716346153846156 0.24759615384615385 0.24158653846153846