9 0.6514423076923077 0.65625 0.1778846153846154 0.19831730769230768
9 0.5060096153846154 0.7103365384615384 0.15504807692307693 0.19591346153846154
12 0.8245192307692307 0.4807692307692308 0.0733173076923077 0.12259615384615384
12 0.7403846153846154 0.4951923076923077 0.10336538461538461 0.13341346153846154
9 0.5817307692307693 0.5012019230769231 0.1346153846153846 0.1346153846153846
9 0.4675480769230769 0.515625 0.1346153846153846 0.13221153846153846
9 0.34615384615384615 0.5745192307692307 0.14543269230769232 0.1466346153846154
9 0.6502403846153846 0.3389423076923077 0.1310096153846154 0.17548076923076922
9 0.5408653846153846 0.31971153846153844 0.11538461538461539 0.17668269230769232
7 0.4567307692307692 0.33052884615384615 0.10216346153846154 0.19230769230769232
7 0.3762019230769231 0.3233173076923077 0.10096153846153846 0.18629807692307693
7 0.30408653846153844 0.36538461538461536 0.1201923076923077 0.18990384615384615