4 0.42908653846153844 0.38221153846153844 0.125 0.203125
4 0.5180288461538461 0.37740384615384615 0.12259615384615384 0.22596153846153846
4 0.6189903846153846 0.35096153846153844 0.11538461538461539 0.21153846153846154
16 0.7475961538461539 0.36778846153846156 0.10096153846153846 0.11778846153846154
16 0.8377403846153846 0.3629807692307692 0.12620192307692307 0.1346153846153846
16 0.7704326923076923 0.4723557692307692 0.13341346153846154 0.1346153846153846
16 0.6105769230769231 0.4987980769230769 0.12379807692307693 0.11057692307692307
16 0.7091346153846154 0.5396634615384616 0.12740384615384615 0.10096153846153846
10 0.37259615384615385 0.6129807692307693 0.13822115384615385 0.18870192307692307
10 0.4963942307692308 0.6286057692307693 0.16105769230769232 0.19230769230769232
10 0.5084134615384616 0.7764423076923077 0.26802884615384615 0.23197115384615385
12 0.6514423076923077 0.7163461538461539 0.1935096153846154 0.3076923076923077
12 0.7319711538461539 0.703125 0.19591346153846154 0.2848557692307692