10 0.14302884615384615 0.31850961538461536 0.22235576923076922 0.24879807692307693
8 0.28725961538461536 0.328125 0.11177884615384616 0.10336538461538461
3 0.3641826923076923 0.36538461538461536 0.17548076923076922 0.1935096153846154
4 0.44350961538461536 0.4014423076923077 0.2439903846153846 0.2860576923076923
0 0.5300480769230769 0.5516826923076923 0.25240384615384615 0.30528846153846156
0 0.59375 0.6141826923076923 0.2704326923076923 0.29447115384615385
0 0.6971153846153846 0.6334134615384616 0.2932692307692308 0.265625
14 0.8834134615384616 0.6045673076923077 0.19471153846153846 0.22956730769230768
14 0.7127403846153846 0.7836538461538461 0.25600961538461536 0.25
2 0.5240384615384616 0.8221153846153846 0.13221153846153846 0.14182692307692307
14 0.4230769230769231 0.8425480769230769 0.09375 0.23677884615384615
8 0.27163461538461536 0.5192307692307693 0.06370192307692307 0.10336538461538461
3 0.17908653846153846 0.5252403846153846 0.09615384615384616 0.19230769230769232
8 0.109375 0.5685096153846154 0.06129807692307692 0.10336538461538461
4 0.3112980769230769 0.7512019230769231 0.16466346153846154 0.2824519230769231
2 0.17427884615384615 0.6911057692307693 0.15985576923076922 0.15504807692307693
14 0.14903846153846154 0.8497596153846154 0.21995192307692307 0.1778846153846154
16 0.3605769230769231 0.9158653846153846 0.11899038461538461 0.10096153846153846