8 0.23197115384615385 0.28846153846153844 0.13581730769230768 0.1502403846153846
8 0.13581730769230768 0.5480769230769231 0.14423076923076922 0.1466346153846154
7 0.3786057692307692 0.3954326923076923 0.10817307692307693 0.17427884615384615
7 0.53125 0.3269230769230769 0.10216346153846154 0.171875
8 0.4855769230769231 0.4543269230769231 0.1346153846153846 0.14182692307692307
5 0.7391826923076923 0.3125 0.41346153846153844 0.5096153846153846
2 0.31971153846153844 0.6057692307692307 0.171875 0.1658653846153846
0 0.40024038461538464 0.6418269230769231 0.27884615384615385 0.18629807692307693
2 0.41466346153846156 0.7752403846153846 0.12620192307692307 0.17548076923076922
5 0.7319711538461539 0.7043269230769231 0.5024038461538461 0.4014423076923077
14 0.49158653846153844 0.8930288461538461 0.29447115384615385 0.2127403846153846