6 0.4675480769230769 0.20072115384615385 0.3016826923076923 0.33774038461538464
5 0.7560096153846154 0.24278846153846154 0.4098557692307692 0.4362980769230769
6 0.8689903846153846 0.515625 0.25600961538461536 0.32091346153846156
6 0.2764423076923077 0.7451923076923077 0.2932692307692308 0.36177884615384615
5 0.1935096153846154 0.5661057692307693 0.27163461538461536 0.3786057692307692
16 0.27163461538461536 0.3233173076923077 0.22355769230769232 0.23677884615384615
16 0.3870192307692308 0.46634615384615385 0.16706730769230768 0.20552884615384615
16 0.5552884615384616 0.3317307692307692 0.24278846153846154 0.22355769230769232
11 0.6634615384615384 0.4338942307692308 0.16466346153846154 0.16826923076923078
11 0.546875 0.484375 0.16706730769230768 0.14302884615384615
11 0.4639423076923077 0.6177884615384616 0.14302884615384615 0.171875
0 0.6105769230769231 0.5697115384615384 0.16947115384615385 0.15745192307692307
4 0.7175480769230769 0.6418269230769231 0.265625 0.24158653846153846
1 0.5901442307692307 0.7367788461538461 0.21995192307692307 0.24278846153846154
4 0.43149038461538464 0.8149038461538461 0.23317307692307693 0.2692307692307692
1 0.5997596153846154 0.8846153846153846 0.24879807692307693 0.20552884615384615
3 0.8125 0.7560096153846154 0.19230769230769232 0.109375
3 0.8485576923076923 0.7091346153846154 0.17668269230769232 0.0889423076923077