13 0.2824519230769231 0.3713942307692308 0.30528846153846156 0.3605769230769231
14 0.5168269230769231 0.19591346153846154 0.17668269230769232 0.12620192307692307
14 0.6706730769230769 0.17668269230769232 0.17067307692307693 0.19230769230769232
7 0.6165865384615384 0.34134615384615385 0.11658653846153846 0.16826923076923078
2 0.5288461538461539 0.3449519230769231 0.11899038461538461 0.15625
2 0.7319711538461539 0.3137019230769231 0.15865384615384615 0.15384615384615385
8 0.8257211538461539 0.25 0.11177884615384616 0.11538461538461539
0 0.6165865384615384 0.4699519230769231 0.24759615384615385 0.19831730769230768
10 0.7632211538461539 0.5324519230769231 0.21033653846153846 0.24639423076923078
14 0.8822115384615384 0.6550480769230769 0.15264423076923078 0.19471153846153846
9 0.5637019230769231 0.6141826923076923 0.203125 0.0985576923076923
0 0.6141826923076923 0.6947115384615384 0.28725961538461536 0.09495192307692307
0 0.41466346153846156 0.7319711538461539 0.08052884615384616 0.29086538461538464
2 0.31971153846153844 0.6598557692307693 0.11538461538461539 0.10697115384615384
11 0.2776442307692308 0.5805288461538461 0.19471153846153846 0.08173076923076923
11 0.39783653846153844 0.4170673076923077 0.11778846153846154 0.18990384615384615
2 0.44471153846153844 0.5096153846153846 0.125 0.15384615384615385