9 0.40384615384615385 0.3605769230769231 0.11538461538461539 0.1935096153846154
9 0.5552884615384616 0.31971153846153844 0.11658653846153846 0.19591346153846154
16 0.24158653846153846 0.45552884615384615 0.23197115384615385 0.21875
12 0.49158653846153844 0.46033653846153844 0.15625 0.09014423076923077
12 0.6586538461538461 0.49759615384615385 0.15144230769230768 0.09014423076923077
11 0.5348557692307693 0.5733173076923077 0.125 0.0733173076923077
11 0.2980769230769231 0.6201923076923077 0.06610576923076923 0.12740384615384615
12 0.3629807692307692 0.6658653846153846 0.09014423076923077 0.15865384615384615
14 0.2800480769230769 0.7716346153846154 0.15384615384615385 0.35697115384615385
14 0.5901442307692307 0.6850961538461539 0.33413461538461536 0.19951923076923078
9 0.7644230769230769 0.6117788461538461 0.19831730769230768 0.16466346153846154
14 0.6225961538461539 0.7944711538461539 0.32091346153846156 0.23798076923076922