13 0.19591346153846154 0.30649038461538464 0.25600961538461536 0.3233173076923077
13 0.25240384615384615 0.47475961538461536 0.23677884615384615 0.29086538461538464
9 0.4206730769230769 0.27403846153846156 0.25841346153846156 0.36177884615384615
9 0.6298076923076923 0.24639423076923078 0.25240384615384615 0.3545673076923077
4 0.8389423076923077 0.22956730769230768 0.1935096153846154 0.19951923076923078
4 0.7956730769230769 0.3293269230769231 0.20552884615384615 0.15384615384615385
9 0.4579326923076923 0.4807692307692308 0.21153846153846154 0.20793269230769232
9 0.6237980769230769 0.47836538461538464 0.19831730769230768 0.2247596153846154
9 0.8028846153846154 0.49038461538461536 0.1935096153846154 0.20673076923076922
13 0.296875 0.7367788461538461 0.25721153846153844 0.27163461538461536
14 0.4567307692307692 0.6778846153846154 0.18870192307692307 0.24158653846153846
14 0.625 0.6778846153846154 0.2403846153846154 0.22355769230769232
11 0.7740384615384616 0.6322115384615384 0.1346153846153846 0.11057692307692307
8 0.8052884615384616 0.7199519230769231 0.11177884615384616 0.11177884615384616