14 0.7584134615384616 0.5769230769230769 0.23317307692307693 0.3293269230769231
14 0.28966346153846156 0.5877403846153846 0.23076923076923078 0.3293269230769231
7 0.7127403846153846 0.32211538461538464 0.09495192307692307 0.3401442307692308
7 0.5372596153846154 0.4483173076923077 0.15745192307692307 0.32211538461538464
7 0.34975961538461536 0.5240384615384616 0.21033653846153846 0.3016826923076923
2 0.6069711538461539 0.33653846153846156 0.1045673076923077 0.15625
2 0.6298076923076923 0.47475961538461536 0.12620192307692307 0.17427884615384615
2 0.46033653846153844 0.5048076923076923 0.1310096153846154 0.17307692307692307
1 0.6382211538461539 0.6237980769230769 0.08413461538461539 0.15504807692307693
1 0.546875 0.6165865384615384 0.12620192307692307 0.11658653846153846
1 0.4326923076923077 0.5637019230769231 0.09975961538461539 0.14903846153846154
15 0.5877403846153846 0.8209134615384616 0.04447115384615385 0.12980769230769232
16 0.7536057692307693 0.7512019230769231 0.2608173076923077 0.2668269230769231
10 0.4987980769230769 0.7427884615384616 0.3016826923076923 0.3161057692307692
10 0.21995192307692307 0.7307692307692307 0.30288461538461536 0.3161057692307692