2 0.7103365384615384 0.9098557692307693 0.125 0.1141826923076923
2 0.5216346153846154 0.8365384615384616 0.12980769230769232 0.11177884615384616
2 0.6586538461538461 0.7512019230769231 0.13341346153846154 0.12259615384615384
3 0.5180288461538461 0.7055288461538461 0.1935096153846154 0.11899038461538461
16 0.5456730769230769 0.6081730769230769 0.11177884615384616 0.08774038461538461
0 0.359375 0.7932692307692307 0.12379807692307693 0.24278846153846154
3 0.24158653846153846 0.7475961538461539 0.18028846153846154 0.10096153846153846
7 0.3605769230769231 0.5300480769230769 0.15745192307692307 0.18509615384615385
7 0.27283653846153844 0.5024038461538461 0.1622596153846154 0.1875
7 0.15985576923076922 0.5048076923076923 0.12980769230769232 0.1875
4 0.17908653846153846 0.2536057692307692 0.13942307692307693 0.27884615384615385
4 0.2848557692307692 0.2403846153846154 0.11538461538461539 0.2800480769230769
4 0.36538461538461536 0.28725961538461536 0.1346153846153846 0.2920673076923077
10 0.6478365384615384 0.5012019230769231 0.19591346153846154 0.15384615384615385
11 0.5204326923076923 0.47115384615384615 0.11658653846153846 0.15865384615384615
10 0.6478365384615384 0.3401442307692308 0.1466346153846154 0.19471153846153846
10 0.6802884615384616 0.15865384615384615 0.1502403846153846 0.18269230769230768
7 0.5480769230769231 0.23557692307692307 0.1201923076923077 0.3269230769230769
7 0.46033653846153844 0.2764423076923077 0.11538461538461539 0.3317307692307692