4 0.3173076923076923 0.24278846153846154 0.25721153846153844 0.19831730769230768
2 0.22716346153846154 0.4098557692307692 0.15745192307692307 0.18389423076923078
4 0.3954326923076923 0.43990384615384615 0.25240384615384615 0.21153846153846154
2 0.12620192307692307 0.5348557692307693 0.17548076923076922 0.1310096153846154
2 0.28846153846153844 0.5733173076923077 0.20432692307692307 0.1875
3 0.21153846153846154 0.6322115384615384 0.18389423076923078 0.0625
3 0.13942307692307693 0.7247596153846154 0.18389423076923078 0.15384615384615385
16 0.22115384615384615 0.8257211538461539 0.12740384615384615 0.13221153846153846
2 0.36658653846153844 0.6850961538461539 0.17067307692307693 0.14903846153846154
2 0.3954326923076923 0.8137019230769231 0.17427884615384615 0.15504807692307693
2 0.5060096153846154 0.5564903846153846 0.1466346153846154 0.1778846153846154
2 0.6322115384615384 0.5060096153846154 0.12980769230769232 0.17427884615384615
3 0.5769230769230769 0.7632211538461539 0.1310096153846154 0.19110576923076922
2 0.6634615384615384 0.7668269230769231 0.17908653846153846 0.203125