13 0.7980769230769231 0.21754807692307693 0.3137019230769231 0.2403846153846154
13 0.6706730769230769 0.40384615384615385 0.3137019230769231 0.265625
16 0.5697115384615384 0.21634615384615385 0.24278846153846154 0.25841346153846156
11 0.484375 0.15504807692307693 0.13701923076923078 0.15865384615384615
11 0.4338942307692308 0.3293269230769231 0.12980769230769232 0.16105769230769232
4 0.2932692307692308 0.3245192307692308 0.22716346153846154 0.24278846153846154
6 0.796875 0.5504807692307693 0.3798076923076923 0.34375
4 0.296875 0.41586538461538464 0.24278846153846154 0.18629807692307693
4 0.32091346153846156 0.5108173076923077 0.234375 0.15745192307692307
7 0.5204326923076923 0.5865384615384616 0.1658653846153846 0.11177884615384616
16 0.8449519230769231 0.7848557692307693 0.20673076923076922 0.25841346153846156
11 0.6899038461538461 0.7800480769230769 0.12259615384615384 0.16826923076923078
14 0.5216346153846154 0.6550480769230769 0.22596153846153846 0.09495192307692307
11 0.33774038461538464 0.6153846153846154 0.18509615384615385 0.13221153846153846
11 0.2548076923076923 0.6730769230769231 0.18870192307692307 0.12740384615384615
4 0.5516826923076923 0.8064903846153846 0.16947115384615385 0.23798076923076922
4 0.31971153846153844 0.8100961538461539 0.24278846153846154 0.1935096153846154