8 0.8052884615384616 0.8834134615384616 0.11658653846153846 0.109375
8 0.8834134615384616 0.8137019230769231 0.11658653846153846 0.11778846153846154
8 0.8209134615384616 0.7512019230769231 0.11057692307692307 0.11778846153846154
11 0.7451923076923077 0.8509615384615384 0.12980769230769232 0.10336538461538461
14 0.8713942307692307 0.6141826923076923 0.14543269230769232 0.1971153846153846
14 0.7704326923076923 0.6646634615384616 0.13701923076923078 0.1875
16 0.6153846153846154 0.7824519230769231 0.20793269230769232 0.16466346153846154
16 0.6382211538461539 0.5637019230769231 0.2247596153846154 0.2283653846153846
11 0.8185096153846154 0.5012019230769231 0.15625 0.15865384615384615
11 0.7307692307692307 0.46274038461538464 0.15745192307692307 0.15264423076923078
11 0.6430288461538461 0.390625 0.1622596153846154 0.1346153846153846
10 0.8197115384615384 0.3293269230769231 0.1935096153846154 0.16947115384615385
6 0.4182692307692308 0.8052884615384616 0.21875 0.30528846153846156
5 0.28966346153846156 0.7127403846153846 0.4567307692307692 0.3233173076923077
10 0.31850961538461536 0.5132211538461539 0.20673076923076922 0.20432692307692307
10 0.4735576923076923 0.43149038461538464 0.18990384615384615 0.16826923076923078
13 0.5721153846153846 0.19230769230769232 0.3016826923076923 0.328125
13 0.39783653846153844 0.21394230769230768 0.2980769230769231 0.30528846153846156
13 0.22115384615384615 0.2932692307692308 0.3161057692307692 0.33774038461538464