4 0.3713942307692308 0.33533653846153844 0.21875 0.24759615384615385
6 0.5793269230769231 0.28725961538461536 0.328125 0.2644230769230769
11 0.8004807692307693 0.24759615384615385 0.12980769230769232 0.16826923076923078
11 0.8269230769230769 0.46153846153846156 0.11778846153846154 0.15745192307692307
16 0.7367788461538461 0.46634615384615385 0.09134615384615384 0.1141826923076923
16 0.5576923076923077 0.44471153846153844 0.10817307692307693 0.07932692307692307
16 0.4987980769230769 0.5252403846153846 0.11177884615384616 0.125
15 0.6790865384615384 0.515625 0.052884615384615384 0.1346153846153846
15 0.6454326923076923 0.5144230769230769 0.051682692307692304 0.1346153846153846
3 0.59375 0.5709134615384616 0.13942307692307693 0.19831730769230768
3 0.6935096153846154 0.6454326923076923 0.17908653846153846 0.15985576923076922
3 0.5576923076923077 0.828125 0.18389423076923078 0.16706730769230768
3 0.5456730769230769 0.734375 0.15264423076923078 0.18990384615384615
9 0.28846153846153844 0.48677884615384615 0.21634615384615385 0.2127403846153846
9 0.3449519230769231 0.6538461538461539 0.24759615384615385 0.25
15 0.5324519230769231 0.6153846153846154 0.13581730769230768 0.06850961538461539
3 0.59375 0.7247596153846154 0.15865384615384615 0.18629807692307693