16 0.12379807692307693 0.34975961538461536 0.21514423076923078 0.23557692307692307
9 0.27283653846153844 0.21875 0.17548076923076922 0.21033653846153846
3 0.3641826923076923 0.3161057692307692 0.14543269230769232 0.14182692307692307
2 0.4891826923076923 0.2692307692307692 0.10697115384615384 0.14182692307692307
4 0.5492788461538461 0.4026442307692308 0.19471153846153846 0.25240384615384615
1 0.13942307692307693 0.5564903846153846 0.1466346153846154 0.13221153846153846
1 0.2620192307692308 0.5576923076923077 0.171875 0.06850961538461539
6 0.21153846153846154 0.8137019230769231 0.33653846153846156 0.3485576923076923
3 0.3245192307692308 0.6742788461538461 0.2127403846153846 0.15144230769230768
2 0.3798076923076923 0.796875 0.109375 0.14543269230769232
10 0.5060096153846154 0.6730769230769231 0.20072115384615385 0.22355769230769232
0 0.5612980769230769 0.8076923076923077 0.16706730769230768 0.25721153846153844
6 0.765625 0.28725961538461536 0.32572115384615385 0.34615384615384615
6 0.7824519230769231 0.5697115384615384 0.37740384615384615 0.328125
6 0.7956730769230769 0.7920673076923077 0.34375 0.29447115384615385