5 0.7920673076923077 0.2283653846153846 0.3605769230769231 0.37740384615384615
9 0.5432692307692307 0.3701923076923077 0.1346153846153846 0.18870192307692307
6 0.7391826923076923 0.5625 0.30528846153846156 0.22115384615384615
1 0.8365384615384616 0.8004807692307693 0.1502403846153846 0.23197115384615385
14 0.5889423076923077 0.7524038461538461 0.14182692307692307 0.23557692307692307
13 0.3762019230769231 0.8605769230769231 0.3233173076923077 0.24519230769230768
11 0.15985576923076922 0.6538461538461539 0.19831730769230768 0.18990384615384615
13 0.4375 0.17307692307692307 0.32572115384615385 0.3401442307692308
6 0.11538461538461539 0.1466346153846154 0.22235576923076922 0.28725961538461536
13 0.27163461538461536 0.3713942307692308 0.23076923076923078 0.28846153846153844
1 0.09134615384615384 0.5528846153846154 0.17908653846153846 0.23677884615384615
5 0.3894230769230769 0.5709134615384616 0.40384615384615385 0.40865384615384615
9 0.7079326923076923 0.7884615384615384 0.11778846153846154 0.203125
14 0.1971153846153846 0.7055288461538461 0.20192307692307693 0.17548076923076922
1 0.22115384615384615 0.8413461538461539 0.19591346153846154 0.23918269230769232